# <P(U)> as a function of N_tot.
# number_of_species: 1
# species_total_upper_bound: 527
# species_total_lower_bound: 505
# volume: 729
# Bin widths for each
10	10	10	10	10	10	10	10	10	10	10	10	10	10	10	10	10	10	10	10	10	10	10	
# Bin lower bound for each
-2850	-2860	-2870	-2880	-2890	-2910	-2910	-2930	-2930	-2950	-2950	-2970	-2970	-2990	-3000	-3010	-3010	-3030	-3050	-3050	-3070	-3070	-3080	
# Bin upper bound for each
-2690	-2700	-2710	-2720	-2720	-2740	-2750	-2750	-2760	-2770	-2800	-2810	-2820	-2820	-2830	-2850	-2850	-2870	-2880	-2890	-2890	-2900	-2920	
# Normalized histogram for each
3.46708561182816e-07	8.74533822410189e-05	0.000825528493445671	0.00434640979085869	0.0187116742096453	0.0592452160786758	0.131937144249568	0.205384839299079	0.229122316060649	0.183628168258466	0.10652973414611	0.0436566270987704	0.0130357179853148	0.00291829603960127	0.000509235903871954	6.12807381890628e-05	1.15569520394272e-08	
1.55666241684374e-06	6.25970472116474e-05	0.000781163949659436	0.00438031159281114	0.0191093745087685	0.0598971219489318	0.132447874154829	0.206353064876983	0.230302135510411	0.183755615393018	0.104250925464153	0.0427834367036933	0.0126291868134097	0.00275543084780603	0.000438361901999556	4.76473225935888e-05	4.19530130366653e-06	
4.51922981571555e-06	0.000114141295906788	0.000783811606928158	0.00462559888177346	0.0198203236078669	0.0614475681445047	0.134561706752315	0.20788710398248	0.229119907873502	0.181338198632651	0.103173549782563	0.041542190018346	0.0124410707659453	0.00270126202163407	0.000393011592902406	3.85633258509401e-05	7.47248501416572e-06	
6.03964674885968e-06	9.21925318284797e-05	0.000850049699412133	0.00519459695954091	0.0211960848379852	0.0638208019378734	0.136277251344838	0.209701796875946	0.229330954614639	0.178573518693303	0.100284819419761	0.039748314311657	0.0118755987659916	0.00263668615071998	0.000370406183521838	3.49076291839156e-05	5.98039704974112e-06	
4.4037460058562e-06	0.000114809907768428	0.000905694869264129	0.00552394579956309	0.0225895896629679	0.0655712959208642	0.138827978501099	0.211120585612164	0.227804477480835	0.175366263090118	0.0983040103207495	0.0396980209399666	0.0113588730517085	0.00240277604983309	0.000371016077383044	2.15709237500183e-05	9.63259890073696e-06	5.05544705908114e-06	
4.51672155006473e-07	1.13109425257977e-05	0.000122722769472373	0.000906630416327125	0.00559406873006379	0.0231006326556564	0.0666799391932916	0.141632148642948	0.213139203850047	0.226806232928754	0.174853803101363	0.0960849180091403	0.0377998857177582	0.010907693070765	0.00210618170836633	0.000237058982236109	1.66008655615515e-05	5.16743567168423e-07	
1.04992059910677e-05	0.000139655373747707	0.00100595793368431	0.0059716657780097	0.0243637309830204	0.0700697637394335	0.145365567253641	0.214481869089346	0.225536400335381	0.172812029447698	0.092530333658412	0.0355436652522316	0.0100204391262477	0.00187018138590682	0.000246709263469028	2.83050453706898e-05	3.22712840939565e-06	
5.76766284117905e-09	2.06020916686916e-05	0.000109547142896794	0.00114815902902211	0.00643603691420341	0.0252320926272195	0.0723574739906139	0.148214479332667	0.217249469995523	0.225234362779314	0.167937198518616	0.0898395811287924	0.03426223779962	0.00970337369498289	0.0019488644357202	0.000271135907609547	2.15787492431312e-05	1.08605091299402e-05	2.93958549472092e-06	
7.80750015277928e-06	0.00013020827746246	0.00103874460508462	0.00672652944403495	0.0263994350451697	0.0754734047872162	0.152292262688206	0.219053466090967	0.224919713525007	0.164193185206137	0.0859821893834265	0.0328694402420012	0.00895996841604921	0.00169115907498363	0.000237308719226037	1.89657032289668e-05	5.96528101560664e-06	2.46010630119327e-07	
8.93881013596406e-08	2.07456470134247e-05	0.000150059799688872	0.00128657055036729	0.00728103742689313	0.0279725570921328	0.0789147010239027	0.155226496611192	0.219924259750031	0.222577296696511	0.161234326057934	0.0839010698139139	0.031414286177528	0.00832297937008205	0.00154204174405315	0.000199234666683657	2.09073063456708e-05	9.17083882459972e-06	2.17003880109255e-06	
8.9165878705128e-06	0.000176257115190864	0.0014948643401341	0.0080080809349154	0.0304439883054377	0.0814687069619893	0.159565635410257	0.220247625339985	0.220281078232674	0.157330473691629	0.0814984251183639	0.029822521717311	0.0079331351978387	0.00149520282438255	0.000209898265972959	1.51899560481246e-05	
1.51303800282307e-06	1.96618716790031e-05	0.000220192763556938	0.00163360464569286	0.00833673458813678	0.0312798483190455	0.0827940569254518	0.161662376683068	0.222619384958284	0.220390014929417	0.154027851797752	0.0792729125985747	0.028837378130458	0.00731180188278867	0.00138641539676314	0.000191376440284028	1.48750310453865e-05	
7.93444414725486e-06	0.000215093384529018	0.00181166250267178	0.00907254800779459	0.0324769664067966	0.0869126756671497	0.16495279020027	0.222492681580722	0.216516007683889	0.152714597195878	0.0768569484427043	0.0275329138154025	0.00703544284561911	0.00122352254498544	0.00016733233819559	1.08829392459345e-05	
1.10049415280229e-07	2.1233844937949e-05	0.000279950533243208	0.00213973442157886	0.00965254616104787	0.0347551251658694	0.0900987844725216	0.169422746436582	0.22354532020013	0.215237822658885	0.146590484971588	0.0736316616509021	0.0263858690312117	0.0068256859593038	0.00125061293966679	0.00013752192362234	2.31084798051363e-05	1.68109968859108e-06	
1.25954121086948e-06	3.98603311344025e-05	0.000330371248772567	0.00202193132388881	0.0101905236904797	0.0370070347318734	0.0940223510980515	0.17336208322882	0.225244118649152	0.211521581198773	0.142317299884701	0.0710368854927761	0.0254003662447926	0.00634615125244752	0.00103087602933389	0.000117207097618051	9.6577396438226e-06	4.41216531951286e-07	
4.78822647721917e-06	8.43445718120204e-05	0.000338985011595814	0.00200513748888701	0.0110850130217586	0.0394524342054272	0.0988970087287715	0.176475844716628	0.227164748733907	0.208460534223405	0.137883137702711	0.0670274302160528	0.0239690856313269	0.0059920538893016	0.00103465343233942	0.000116212210980263	8.58798861887426e-06	
1.53473653424756e-05	0.000337760746437664	0.00235380535511803	0.012096482458669	0.0417277528393507	0.102360825573541	0.180105236497878	0.229334968059193	0.205878433607683	0.13405864083774	0.063786231810906	0.02162739230025	0.00527037005067983	0.000948177000846053	9.56021209798874e-05	2.96772258003671e-06	5.65280491435564e-09	
1.89012214308298e-06	3.24199507467881e-05	0.000374007445585055	0.00255689776638982	0.012665863781416	0.043613435893482	0.106505344931146	0.18558897773189	0.230131374568318	0.2028056950365	0.129444126725266	0.0606101547228797	0.0200492092731779	0.00474552852829247	0.000770794840205182	9.95306502860121e-05	4.74803227726357e-06	
1.22595378939128e-06	1.36373125860151e-05	3.89914033387512e-05	0.000432940077215807	0.00289591160428343	0.0139862539532835	0.0461912534520468	0.1104060297463	0.18764747408049	0.230929391164931	0.201323237207878	0.125414184502447	0.0567350101871067	0.0186446316440034	0.0044767069007747	0.000782240121366844	7.83946208761059e-05	2.48606728189254e-06	
7.59330687473438e-06	5.81913791551803e-05	0.000442923343655524	0.00330672048350363	0.0151180714741775	0.0490345702707841	0.114776645206238	0.190627103619965	0.231537215957187	0.197514007730145	0.120866880453963	0.0541527240751832	0.0175623951886597	0.00422882653599567	0.000704638815898363	4.73370384456584e-05	1.4155120168529e-05	
6.42195901098088e-07	6.98837958451577e-06	0.000113316319221193	0.000542985159102784	0.00345566372134157	0.0157211791960975	0.0505412682796185	0.118538906347503	0.195687604891287	0.230829710701204	0.194286596754354	0.117782596591861	0.0514610803539267	0.0165373571436639	0.00376860635226162	0.000624557299224565	9.03791275678132e-05	6.27230273904357e-06	4.28888354007691e-06	
9.36680855713483e-07	4.20316649306754e-05	0.000526628037960767	0.00354957476435985	0.0163564702915567	0.0533816119293634	0.121522895015384	0.197326199174099	0.231596700273523	0.19237531774561	0.11437974037114	0.0492923069258796	0.0154180312707693	0.00355170118097988	0.000598994187942502	7.37012978950203e-05	6.40568843262124e-06	7.53499317398548e-07	
4.5768672615454e-06	6.83543521650502e-05	0.000622524331646931	0.00398167097440361	0.0180692531872616	0.0558954917292499	0.125102086634303	0.198807198007565	0.231941658722476	0.190923182717807	0.110538643385308	0.0464013170359752	0.0137666251160293	0.00322598757862194	0.000565414311311887	7.50560576357171e-05	1.09589909782889e-05	
