# <P(U)> as a function of N_tot.
# number_of_species: 1
# species_total_upper_bound: 445
# species_total_lower_bound: 421
# volume: 729
# Bin widths for each
10	10	10	10	10	10	10	10	10	10	10	10	10	10	10	10	10	10	10	10	10	10	10	10	10	
# Bin lower bound for each
-2140	-2150	-2150	-2160	-2160	-2170	-2190	-2190	-2200	-2210	-2220	-2220	-2220	-2220	-2230	-2250	-2250	-2260	-2270	-2270	-2280	-2290	-2300	-2300	-2310	
# Bin upper bound for each
-1930	-1930	-1940	-1940	-1950	-1960	-1970	-1970	-1980	-1990	-2000	-2010	-2020	-2030	-2040	-2040	-2040	-2050	-2060	-2060	-2070	-2080	-2090	-2100	-2110	
# Normalized histogram for each
8.48159249357754e-05	0.000361639760341736	0.000430472784849915	0.00157271740207543	0.00560445731127125	0.0116223389802696	0.029369112299055	0.0468149808791235	0.0636441226080258	0.0871087252784488	0.107873070197964	0.116050774478078	0.12308559482495	0.113257602799352	0.104191249255463	0.0783287853102228	0.0549296059788834	0.033180714393028	0.0157934497811941	0.00534510811366613	0.00121811011792184	0.000132551520879528	
4.01834436341244e-05	0.000532741324881278	0.000450717388391003	0.000861872726606142	0.00365917894453836	0.00875999071223911	0.019933266485206	0.041112841116528	0.0589642323854114	0.077185559893112	0.100582059252352	0.113926898030783	0.122612735790337	0.119468070629238	0.109003597660992	0.0895827736476977	0.0628013369901648	0.0401457457643233	0.0195156900812555	0.00857605824859425	0.00203817054309167	0.000213966480794075	3.23124598295021e-05	
0.000226682738788255	0.000448222947204726	0.000814782512105517	0.00264614042810537	0.00603527364432614	0.0147070197596587	0.0316522744383328	0.0526652706410884	0.0686147257385702	0.0903277231755331	0.11397739755051	0.124951968766328	0.123555051816136	0.115621978763407	0.097076574334248	0.0714618362536049	0.0456671096099494	0.0248925211152297	0.0111078656030543	0.00313797203286283	0.000362651241818234	4.89568891393873e-05	
2.01998808819146e-05	0.000601711603240061	0.00108487643079939	0.0018677748443742	0.00500487755709578	0.010171150122046	0.0237338398402455	0.0434238267592923	0.0623782523593563	0.0840816981121681	0.106293405514241	0.122190303689906	0.123549408806618	0.118353958635949	0.108804311919623	0.0826730114696556	0.0531038545249468	0.0323720434464751	0.0143196751532691	0.00507547512058207	0.000804118490460861	7.67187395111098e-05	1.55069792628839e-05	
0.000261237157468205	0.000980770682526299	0.00162522423713093	0.00374535918360714	0.00724305731399246	0.0188833325139674	0.0321817437189434	0.0556229446858088	0.0789894770793192	0.0983467390506148	0.12031698969224	0.126949328013695	0.122050822763342	0.107884157982245	0.093570830135578	0.0623694457020625	0.0408544059497894	0.0188882692791479	0.00769991379173804	0.00140965215758237	8.49535008144634e-05	4.13454083867001e-05	
6.21189865765962e-05	0.000403467909535203	0.00160694689865359	0.00278578196194978	0.00529518535083582	0.0137264630141517	0.0262480213575259	0.0455134612862256	0.0695946501906747	0.0913479046145649	0.111980369585567	0.127483231947	0.128702189765561	0.115651092520222	0.100756588889622	0.0735252545249099	0.0479707254601489	0.0243606225096396	0.00969137658118279	0.00287600724409218	0.000403264240726755	1.52751606335892e-05	
3.11770795765791e-05	9.25255264853314e-06	0.000199533309290106	0.00122978493245938	0.00252051602692976	0.00517358492767219	0.00972463397605721	0.0219810479561815	0.0376862503648221	0.0598135288813402	0.0829561744798104	0.104793003300144	0.122851773503143	0.132810336147249	0.129478009196635	0.105290629718676	0.0816378868698433	0.0555104884724257	0.0292879496966872	0.0122527934160444	0.0037678003524418	0.000967294036669475	2.65508032523125e-05	
3.1946410398858e-05	6.34909791574787e-05	0.000763900958090931	0.00170802789182825	0.00418337239568945	0.00746661951724755	0.0176822376953578	0.0321384907028913	0.051326429024218	0.0753093427176751	0.0993033070562387	0.118438001360234	0.132242065385662	0.134340482430981	0.113545780311166	0.0922620369151823	0.0629257888904851	0.035651390321845	0.0141882246334953	0.00501498367016034	0.00124189158915309	0.000170581776280694	1.60736656094883e-06	
7.58460777727651e-05	2.69893835191398e-05	0.000360318120120487	0.00129214136132874	0.00241702734595859	0.00482223452395259	0.0124373777351376	0.0254354254373955	0.0444085680457519	0.0693118889219416	0.0912631228489757	0.115630005102373	0.133641971052409	0.134222538302269	0.125129480089912	0.099327432442815	0.0713410177558623	0.0424728185387514	0.0182178338754194	0.00632103182186219	0.00149919130350842	0.000315598484654467	3.01414283096963e-05	
3.44730191822765e-05	0.000106552968381582	0.000120263828283624	0.001132908766763	0.00207954570828539	0.00351291817633028	0.00845607490987068	0.0203057835149239	0.0368512657669992	0.0581808587777513	0.0865055366410979	0.112786121162477	0.130310167072704	0.141050275372828	0.130648041834576	0.107487069679765	0.0794581546514484	0.046668045587434	0.0225296849910351	0.00843766318371651	0.00282287018440323	0.000411717535915598	0.000104006665828346	
4.37323927423311e-06	7.53389856788341e-05	0.000276507992293557	0.000601916751017176	0.00153142888039509	0.00297618810971901	0.00613426321652544	0.0150747545618849	0.0302483045746468	0.0505598143838225	0.0743428810423258	0.104372523653261	0.124625591083045	0.145322144731956	0.139105783887237	0.120469224720093	0.0902668391578254	0.0543987233321857	0.026733611683387	0.00880154160660089	0.00324255813824048	0.000814615206627604	2.10710619576686e-05	
5.17244421924591e-05	0.000270589826998982	0.000444830202855149	0.0010667405548633	0.00240853343762063	0.00520753570355688	0.0116124415336317	0.0238687002418473	0.0407834042025805	0.0663721956985143	0.0917912093194869	0.122512891049461	0.144792535290776	0.147188086907611	0.13408233030174	0.0946516723932048	0.0643596077948532	0.0314202659609965	0.0117659921326109	0.00428034972213832	0.000967754171373422	0.000100609111088077	
6.88202433622671e-05	0.000320412349659932	0.0011595292041868	0.00170090150434517	0.00486254841156956	0.00871811575483248	0.0201919002453636	0.0354207786081361	0.0564820194350818	0.0868670758441967	0.1159702786403	0.140315082354551	0.148782627074946	0.140394930174001	0.107954251896386	0.0705417705181838	0.0393137171814741	0.0151625086918742	0.00410409623398066	0.00142664160275608	0.000241994030813907	
0.000260122059516927	0.00115503358052912	0.00162966782683743	0.00335867770522777	0.00779137419422558	0.0153272081426327	0.0300764829664828	0.0501533658003429	0.0789440252316315	0.102769664727865	0.132062449287653	0.155764588078287	0.146390822044022	0.124360003932029	0.0793570132572697	0.0433133427413241	0.01913261268346	0.0059063743858287	0.00189041467913142	0.000356756675702559	
0.000246698013872276	0.000493604740108234	0.00144637668031715	0.00232505573141891	0.00595059820094117	0.0117843174782203	0.0253606393110154	0.0452400745270108	0.0690261877664083	0.0985677531467041	0.123886649984983	0.151612209088881	0.15283025444333	0.13094968508435	0.0921277244529284	0.0513079690763413	0.0249154558392815	0.00887486712849147	0.00252458475109903	0.000529294554297878	
4.37917726000663e-05	6.89926983416138e-05	0.000345170056673164	0.00086406124899093	0.00218070633650424	0.00438620046881984	0.0101776623951786	0.0206376990976416	0.0386501640538953	0.0613128195043598	0.0940612159405357	0.121526919959381	0.14736323953356	0.155235430353317	0.13840554982223	0.102285186895849	0.0571660278300846	0.0301182047356258	0.0113720210233559	0.00303134086276402	0.000703353706147291	6.42417041444368e-05	
7.93318976663853e-05	0.000245825854327267	0.000767355810154854	0.00184874230094236	0.00340158692643296	0.00734180652948911	0.0162512937796168	0.0331007706733259	0.0531880192762087	0.0814023571670394	0.119606950628154	0.148342200304181	0.158008946577488	0.148411435414872	0.113313767546001	0.0654094587112502	0.0325007330473401	0.0118697003459077	0.00340715046211346	0.00112692506061678	0.000280649466549654	9.49922203226068e-05	
1.18898524072988e-05	0.000188777481203603	0.000692114566445919	0.00211806247971424	0.00228118291098631	0.00552460949135629	0.0110707041546065	0.0254901748100335	0.0473314164944376	0.0715260145798794	0.112870786090291	0.145812560857271	0.156979218206743	0.156532618662813	0.126452543635758	0.0779855419394727	0.0377982579906066	0.0127290256745718	0.00425573278620543	0.00183374899144848	0.000362953389275437	0.000152064954472295	
4.37481133626112e-06	0.000101453958131389	0.000327694201520893	0.00108016175135781	0.0021903222090214	0.00397691182901071	0.00865212687702843	0.0199399734219795	0.0391799770301572	0.0654634268897154	0.100843151139107	0.141037459426229	0.163554405049616	0.160101012310511	0.13366236081069	0.0903219381997485	0.0442214262843248	0.0176756960689404	0.00510769639725954	0.00180971362276668	0.000478521030447229	0.000270196681101461	
7.1041837048318e-05	0.000371161693560823	0.000668729148742251	0.0020066128464486	0.00290824861665165	0.00674280621637344	0.0158825299827394	0.0299805060348339	0.0576678921738058	0.0918496507995929	0.130454933632248	0.170091386602658	0.163885222766144	0.143694026636435	0.0977788790916854	0.05591077655747	0.0204815317811188	0.00699038914548794	0.00187750387911827	0.000536855079969924	0.000126343865888326	2.29716119796956e-05	
1.34002046773198e-05	0.000105904843417528	0.000778076400618571	0.00187148987582117	0.00212803895569179	0.00593218415771609	0.0127641272198141	0.0245122163398205	0.0467939469978679	0.0830540363253613	0.123670921231652	0.163426302656591	0.180281814949657	0.15118283822819	0.104982174485794	0.0603380958093021	0.0264120195513309	0.00900990858682954	0.00173662329971395	0.000752140520597952	0.000229316405848973	2.44229536860829e-05	
4.78064862971399e-05	0.000107564594168565	0.000252722470743517	0.000927663136374956	0.00228754036931814	0.00402096010201035	0.00967798854643509	0.0205307128425172	0.0398169359258356	0.0711836407942309	0.113268559890445	0.15968496394739	0.185481778557748	0.163603140103862	0.114779896764066	0.0682856985157824	0.0326942040719827	0.0104504979045548	0.00201091465542606	0.000671246528053933	0.000175580186036768	3.99836067212443e-05	
0.000119253117723696	0.000107753709943197	0.000220405315792903	0.000883324879139095	0.00169680150361145	0.00253285103965294	0.00804532640643081	0.0169186101730576	0.0365529971502764	0.060783527055764	0.10431368340086	0.150701655531407	0.181303709155275	0.174015427094394	0.134035393473532	0.075851584384145	0.036343878290268	0.0118891099330607	0.00296812491934443	0.000579016476947733	0.000111373893874095	2.61930955000262e-05	
0.000128356148388293	7.27637697385141e-05	0.000295562569114849	0.00087552630313687	0.00233702632717682	0.00531733589301537	0.0146240152207211	0.0337128067669018	0.0577506078672445	0.0960000961597901	0.144676482406193	0.176942599473869	0.178942851893318	0.14225553090507	0.088960255098186	0.0390477433357831	0.0138141694884986	0.00355855616075169	0.000438729042317176	0.000204768838733163	4.42163320534923e-05	
3.41548718509208e-06	0.000173335974643423	0.000283058500464506	0.000575936526586152	0.00124302386742445	0.00278874528662768	0.0113334403519318	0.0284529294633587	0.0569718205229794	0.0888338331329581	0.138635692182633	0.171835721897371	0.187522627602601	0.147509981761298	0.0963382988824526	0.0445964431116454	0.0172119207333734	0.00424054080824089	0.00121271141865676	8.09043526968687e-05	0.000155618134870758	
