# <N_i^j*N_k^m*U^p> as a function of N_tot.
# number_of_species: 1
# max_order: 2
# species_total_upper_bound: 445
# species_total_lower_bound: 421
# volume: 729
#	N_tot	N_1^0*N_1^0*U^0	N_1^0*N_1^0*U^1	N_1^0*N_1^0*U^2	N_1^0*N_1^1*U^0	N_1^0*N_1^1*U^1	N_1^0*N_1^1*U^2	N_1^0*N_1^2*U^0	N_1^0*N_1^2*U^1	N_1^0*N_1^2*U^2	N_1^1*N_1^0*U^0	N_1^1*N_1^0*U^1	N_1^1*N_1^0*U^2	N_1^1*N_1^1*U^0	N_1^1*N_1^1*U^1	N_1^1*N_1^1*U^2	N_1^1*N_1^2*U^0	N_1^1*N_1^2*U^1	N_1^1*N_1^2*U^2	N_1^2*N_1^0*U^0	N_1^2*N_1^0*U^1	N_1^2*N_1^0*U^2	N_1^2*N_1^1*U^0	N_1^2*N_1^1*U^1	N_1^2*N_1^1*U^2	N_1^2*N_1^2*U^0	N_1^2*N_1^2*U^1	N_1^2*N_1^2*U^2	
421	1	-2025.96347324692	4105441.04827147	421	-852930.622236952	1728390680.98507	177241	-359083791.961757	727652476846.789	421	-852930.622236952	1728390680.98507	177241	-359083791.961757	727652476846.789	74618461	-151174276414.982	306341692750427	177241	-359083791.961757	727652476846.789	74618461	-151174276414.982	306341692750427	31414372091.4263	-63644370371390.9	1.2896985264353e+17	
422	1	-2032.3701318416	4131432.00594647	422	-857660.195637155	1743464306.87641	178084	-361932602.558879	735741937363.385	422	-857660.195637155	1743464306.87641	178084	-361932602.558879	735741937363.385	75151448	-152735558279.497	310483097560657	178084	-361932602.558879	735741937363.385	75151448	-152735558279.497	310483097560657	31713911044.4523	-64454405593813.9	1.31023867165239e+17	
423	1	-2038.68764768284	4157138.37340743	423	-862364.874969841	1758469532.2961	178929	-364780342.112243	743832612003.232	423	-862364.874969841	1758469532.2961	178929	-364780342.112243	743832612003.232	75686967	-154302084713.292	314641194880769	178929	-364780342.112243	743832612003.232	75686967	-154302084713.292	314641194880769	32015587054.4914	-65269781833965.2	1.33093225440104e+17	
424	1	-2045.08432132196	4183258.75238924	424	-867115.75224051	1773701711.01304	179776	-367657078.949976	752049525434.333	424	-867115.75224051	1773701711.01304	179776	-367657078.949976	752049525434.333	76225024	-155886601474.79	318868998802357	179776	-367657078.949976	752049525434.333	76225024	-155886601474.79	318868998802357	32319410176	-66095919025361.4	1.35200455490388e+17	
425	1	-2051.75490764064	4210575.15348377	425	-871995.835747272	1789494439.88289	180625	-370598230.192591	760535137101.748	425	-871995.835747272	1789494439.88289	180625	-370598230.192591	760535137101.748	76765625	-157504247831.884	323227433265641	180625	-370598230.192591	760535137101.748	76765625	-157504247831.884	323227433265641	32625390638.922	-66939305328279.1	1.37371659137878e+17	
426	1	-2058.08913532355	4236596.64367132	426	-876745.971647834	1804790169.80478	181476	-373493783.921977	768840612528.765	426	-876745.971647834	1804790169.80478	181476	-373493783.921977	768840612528.765	77308776	-159108351950.694	327526100929557	181476	-373493783.921977	768840612528.765	77308776	-159108351950.694	327526100929557	32933538564.2122	-67780157930704.4	1.39526118997814e+17	
427	1	-2064.96115831338	4264917.65673978	427	-881738.414599813	1821119839.78015	182329	-376502303.03412	777618171393.78	427	-881738.414599813	1821119839.78015	182329	-376502303.03412	777618171393.78	77854483	-160766483395.588	332042959212609	182329	-376502303.03412	777618171393.78	77854483	-160766483395.588	332042959212609	33243864251.8784	-68647288410179	1.41782343580064e+17	
428	1	-2071.52531554121	4292046.41161558	428	-886612.835051638	1836995864.17147	183184	-379470293.402101	786234229867.042	428	-886612.835051638	1836995864.17147	183184	-379470293.402101	786234229867.042	78402752	-162413285575.955	336508250377866	183184	-379470293.402101	786234229867.042	78402752	-162413285575.955	336508250377866	33556377856	-69512886227354.2	1.44025531167513e+17	
429	1	-2078.11247808219	4319362.47489389	429	-891510.253097259	1853006501.3745	184041	-382457898.578724	794939789261.007	429	-891510.253097259	1853006501.3745	184041	-382457898.578724	794939789261.007	78953589	-164074438490.913	341029169576635	184041	-382457898.578724	794939789261.007	78953589	-164074438490.913	341029169576635	33871089676.1537	-70387934111997	1.46301513750956e+17	
430	1	-2084.86797132503	4347466.65770218	430	-896493.227669764	1869410663.24281	184900	-385492087.897998	803846585022.906	430	-896493.227669764	1869410663.24281	184900	-385492087.897998	803846585022.906	79507000	-165761597796.912	345654031560964	184900	-385492087.897998	803846585022.906	79507000	-165761597796.912	345654031560964	34188009987.9768	-71277487052062.9	1.48631233565045e+17	
431	1	-2091.63752046335	4375718.64662661	431	-901495.771319703	1885934737.05204	185761	-388544677.438792	812837871516.912	431	-901495.771319703	1885934737.05204	185761	-388544677.438792	812837871516.912	80062991	-167462755977.209	350333122638191	185761	-388544677.438792	812837871516.912	80062991	-167462755977.209	350333122638191	34507149120.3111	-72176447825554.7	1.50993575853425e+17	
432	1	-2098.6869226641	4405242.37926867	432	-906632.750590889	1903064707.84407	186624	-391665348.255264	822123953599.975	432	-906632.750590889	1903064707.84407	186624	-391665348.255264	822123953599.975	80621568	-169199430446.274	355157548044969	186624	-391665348.255264	822123953599.975	80621568	-169199430446.274	355157548044969	34828517376	-73094153952826.4	1.53428060753283e+17	
433	1	-2105.84719656435	4435330.09132409	433	-911831.836112362	1920497929.18445	187489	-394823185.036653	831575603480.477	433	-911831.836112362	1920497929.18445	187489	-394823185.036653	831575603480.477	81182737	-170958439121.033	360072236311338	187489	-394823185.036653	831575603480.477	81182737	-170958439121.033	360072236311338	35152125121.5231	-74025004139502.7	1.5591127832306e+17	
434	1	-2113.05829780784	4465737.79517655	434	-917067.301248602	1938130202.66949	188356	-398007208.741893	841148508151.196	434	-917067.301248602	1938130202.66949	188356	-398007208.741893	841148508151.196	81746504	-172735128593.651	365058452534944	188356	-398007208.741893	841148508151.196	81746504	-172735128593.651	365058452534944	35477982723.9234	-74967045809848.5	1.58435368401564e+17	
435	1	-2120.19417615646	4495924.51038509	435	-922284.466628062	1955727162.37713	189225	-401193742.983207	850741315494.541	435	-922284.466628062	1955727162.37713	189225	-401193742.983207	850741315494.541	82312875	-174519278184.621	370072472234136	189225	-401193742.983207	850741315494.541	82312875	-174519278184.621	370072472234136	35806100619.7039	-75915886015698.4	1.60981525424653e+17	
436	1	-2127.56150594927	4527198.13111963	436	-927616.816593882	1973858385.16816	190096	-404440932.034933	860602255931.969	436	-927616.816593882	1973858385.16816	190096	-404440932.034933	860602255931.969	82881856	-176336246366.916	375222583590903	190096	-404440932.034933	860602255931.969	82881856	-176336246366.916	375222583590903	36136489216	-76882603416689.2	1.6359704644144e+17	
437	1	-2135.04985450096	4559090.36421091	437	-933016.786416918	1992322488.79503	190969	-407728335.664193	870644927766.357	437	-933016.786416918	1992322488.79503	190969	-407728335.664193	870644927766.357	83453453	-178177282685.139	380471833432185	190969	-407728335.664193	870644927766.357	83453453	-178177282685.139	380471833432185	36469158968.4857	-77863472533144	1.66266191206355e+17	
438	1	-2142.34854085587	4590285.86387099	438	-938348.66089487	2010545208.83701	191844	-410996713.471953	880618801263.176	438	-938348.66089487	2010545208.83701	191844	-410996713.471953	880618801263.176	84027672	-180016560499.92	385711034960193	191844	-410996713.471953	880618801263.176	84027672	-180016560499.92	385711034960193	36804120323.7682	-78847253499584.1	1.6894143331136e+17	
439	1	-2149.86838058202	4622546.81709801	439	-943792.219075506	2029298053.07289	192721	-414324784.174147	890861845121.347	439	-943792.219075506	2029298053.07289	192721	-414324784.174147	890861845121.347	84604519	-181888580255.424	391088350001408	192721	-414324784.174147	890861845121.347	84604519	-181888580255.424	391088350001408	37141383852.9358	-79849086731038.5	1.71687785652836e+17	
440	1	-2157.61966120111	4655920.85610389	440	-949352.650928488	2048605176.68571	193600	-417715166.408535	901386277700.148	440	-949352.650928488	2048605176.68571	193600	-417715166.408535	901386277700.148	85184000	-183794673219.755	396609962209930	193600	-417715166.408535	901386277700.148	85184000	-183794673219.755	396609962209930	37480960000	-80869656216829.3	1.74508383369754e+17	
441	1	-2165.40633510413	4689563.68789758	441	-954944.19378092	2068097585.99512	194481	-421130389.457385	912031035615.256	441	-954944.19378092	2068097585.99512	194481	-421130389.457385	912031035615.256	85766121	-185718501749.194	402205686679268	194481	-421130389.457385	912031035615.256	85766121	-185718501749.194	402205686679268	37822859377.1297	-81901859272284.4	1.77372707831639e+17	
442	1	-2173.11338190415	4722977.13144624	442	-960516.114801635	2087555891.62886	195364	-424548122.742323	922699704312.104	442	-960516.114801635	2087555891.62886	195364	-424548122.742323	922699704312.104	86350888	-187650270252.819	407833269312872	195364	-424548122.742323	922699704312.104	86350888	-187650270252.819	407833269312872	38167092483.7071	-82941419451635.3	1.80262305031322e+17	
443	1	-2180.87518735413	4756754.26682146	443	-966127.707997879	2107242140.57178	196249	-427994574.64306	933508268090.033	443	-966127.707997879	2107242140.57178	196249	-427994574.64306	933508268090.033	86938307	-189601596569.261	413544162779789	196249	-427994574.64306	933508268090.033	86938307	-189601596569.261	413544162779789	38513670012.3895	-83993507285252.3	1.83200064110119e+17	
444	1	-2189.10699042887	4792704.67250658	444	-971963.503750418	2127960874.59292	197136	-431551795.665185	944814628312.972	444	-971963.503750418	2127960874.59292	197136	-431551795.665185	944814628312.972	87528384	-191608997275.548	419497694961022	197136	-431551795.665185	944814628312.972	87528384	-191608997275.548	419497694961022	38862602496	-85074394790757.8	1.86256976575001e+17	
445	1	-2197.3057322617	4828653.74914102	445	-977801.050856458	2148750917.99521	198025	-435121467.631124	956194158716.097	445	-977801.050856458	2148750917.99521	198025	-435121467.631124	956194158716.097	88121125	-193629053099.485	425506400618004	198025	-435121467.631124	956194158716.097	88121125	-193629053099.485	425506400618004	39213900625.6003	-86164928627505.4	1.89350348277873e+17	
