# <N_i^j*N_k^m*U^p> as a function of N_tot.
# number_of_species: 1
# max_order: 2
# species_total_upper_bound: 445
# species_total_lower_bound: 421
# volume: 729
#	N_tot	N_1^0*N_1^0*U^0	N_1^0*N_1^0*U^1	N_1^0*N_1^0*U^2	N_1^0*N_1^1*U^0	N_1^0*N_1^1*U^1	N_1^0*N_1^1*U^2	N_1^0*N_1^2*U^0	N_1^0*N_1^2*U^1	N_1^0*N_1^2*U^2	N_1^1*N_1^0*U^0	N_1^1*N_1^0*U^1	N_1^1*N_1^0*U^2	N_1^1*N_1^1*U^0	N_1^1*N_1^1*U^1	N_1^1*N_1^1*U^2	N_1^1*N_1^2*U^0	N_1^1*N_1^2*U^1	N_1^1*N_1^2*U^2	N_1^2*N_1^0*U^0	N_1^2*N_1^0*U^1	N_1^2*N_1^0*U^2	N_1^2*N_1^1*U^0	N_1^2*N_1^1*U^1	N_1^2*N_1^1*U^2	N_1^2*N_1^2*U^0	N_1^2*N_1^2*U^1	N_1^2*N_1^2*U^2	
421	1	-2013.75388162952	4056076.61722615	421	-847790.384166026	1707608255.85221	177241	-356919751.733897	718903075714.105	421	-847790.384166026	1707608255.85221	177241	-356919751.733897	718903075714.105	74618461	-150263215479.995	302658194875555	177241	-356919751.733897	718903075714.105	74618461	-150263215479.995	302658194875555	31414372080.4119	-63260813717050.8	1.2741910004263e+17	
422	1	-2021.31744153878	4086607.18036543	422	-852995.960329365	1724548230.11421	178084	-359964295.258992	727759353107.138	422	-852995.960329365	1724548230.11421	178084	-359964295.258992	727759353107.138	75151448	-151904932599.27	307114447011428	178084	-359964295.258992	727759353107.138	75151448	-151904932599.27	307114447011428	31713911056	-64103881556928.5	1.29602296638786e+17	
423	1	-2028.72209402488	4116573.74942722	423	-858149.445772523	1741310696.00771	178929	-362997215.561777	736574424412.04	423	-858149.445772523	1741310696.00771	178929	-362997215.561777	736574424412.04	75686967	-153547822182.581	311570981525335	178929	-362997215.561777	736574424412.04	75686967	-153547822182.581	311570981525335	32015587040.3853	-64950728783295.4	1.31794525185413e+17	
424	1	-2035.23243860415	4143046.65862104	424	-862938.55396816	1756651783.25532	179776	-365885946.8825	744820356100.255	424	-862938.55396816	1756651783.25532	179776	-365885946.8825	744820356100.255	76225024	-155135641478.18	315803830985831	179776	-365885946.8825	744820356100.255	76225024	-155135641478.18	315803830985831	32319410176	-65777511986751.7	1.33900824338442e+17	
425	1	-2041.96568595972	4170499.40179017	425	-867835.41653288	1772462245.76082	180625	-368830052.026474	753296454449.279	425	-867835.41653288	1772462245.76082	180625	-368830052.026474	753296454449.279	76765625	-156752772111.246	320150993140627	180625	-368830052.026474	753296454449.279	76765625	-156752772111.246	320150993140627	32625390624.3772	-66619928147300.1	1.36064172084408e+17	
426	1	-2049.4000797064	4200911.00283067	426	-873044.433954925	1789588087.20586	181476	-371916928.864798	762364525148.807	426	-873044.433954925	1789588087.20586	181476	-371916928.864798	762364525148.807	77308776	-158436611696.415	324767287713923	181476	-371916928.864798	762364525148.807	77308776	-158436611696.415	324767287713923	32933538576	-67493996582665.9	1.38350864566312e+17	
427	1	-2057.05307678886	4232316.16358972	427	-878361.663788844	1807199001.85281	182329	-375060430.437836	771673973792.101	427	-878361.663788844	1807199001.85281	182329	-375060430.437836	771673973792.101	77854483	-160150803796.941	329504786808026	182329	-375060430.437836	771673973792.101	77854483	-160150803796.941	329504786808026	33243864240.3609	-68384393221288.4	1.40698543967195e+17	
428	1	-2064.82158327757	4264291.58900044	428	-883743.637642801	1825116800.09219	183184	-378242276.911119	781149990433.443	428	-883743.637642801	1825116800.09219	183184	-378242276.911119	781149990433.443	78402752	-161887694517.959	334332195908497	183184	-378242276.911119	781149990433.443	78402752	-161887694517.959	334332195908497	33556377856	-69287933253692.8	1.43094179848638e+17	
429	1	-2071.93388174728	4293656.11233314	429	-888859.635269583	1841978472.19092	184041	-381320783.530651	790208764570.932	429	-888859.635269583	1841978472.19092	184041	-381320783.530651	790208764570.932	78953589	-163586616134.634	338999560000700	184041	-381320783.530651	790208764570.932	78953589	-163586616134.634	338999560000700	33871089680.3419	-70178658321813	1.45430811240018e+17	
430	1	-2079.36768015641	4324496.40501461	430	-894128.102467255	1859533454.15628	184900	-384475084.060919	799599385286.251	430	-894128.102467255	1859533454.15628	184900	-384475084.060919	799599385286.251	79507000	-165324286146.185	343827735672516	184900	-384475084.060919	799599385286.251	79507000	-165324286146.185	343827735672516	34188010000	-71089443042867.3	1.47845926339653e+17	
431	1	-2087.05351911118	4356497.6952827	431	-899520.066736919	1877650506.66684	185761	-387693148.763612	809267368374.032	431	-899520.066736919	1877650506.66684	185761	-387693148.763612	809267368374.032	80062991	-167095747117.148	348794235768441	185761	-387693148.763612	809267368374.032	80062991	-167095747117.148	348794235768441	34507149120.3396	-72018267007480.5	1.50330315616291e+17	
432	1	-2094.76806153051	4388763.25546672	432	-904939.80258118	1895945726.36162	186624	-390933994.71507	819048553788.221	432	-904939.80258118	1895945726.36162	186624	-390933994.71507	819048553788.221	80621568	-168883485716.91	353828975236437	186624	-390933994.71507	819048553788.221	80621568	-168883485716.91	353828975236437	34828517376	-72957665829705.2	1.52854117302296e+17	
433	1	-2101.95176432371	4418887.73010612	433	-910145.113952169	1913378387.13595	187489	-394092834.341289	828492841630.471	433	-910145.113952169	1913378387.13595	187489	-394092834.341289	828492841630.471	81182737	-170642197269.775	358737400426005	187489	-394092834.341289	828492841630.471	81182737	-170642197269.775	358737400426005	35152125120.3454	-73888071417817.3	1.5533329438439e+17	
434	1	-2109.98671865181	4452748.04593691	434	-915734.235894886	1932492651.93662	188356	-397428658.37838	838701810939.142	434	-915734.235894886	1932492651.93662	188356	-397428658.37838	838701810939.142	81746504	-172484037736.193	363996585948081	188356	-397428658.37838	838701810939.142	81746504	-172484037736.193	363996585948081	35477982736	-74858072377508.4	1.57974518301308e+17	
435	1	-2116.67976379279	4481023.25335519	435	-920755.697249862	1949245115.20951	189225	-400528728.30369	847921625116.896	435	-920755.697249862	1949245115.20951	189225	-400528728.30369	847921625116.896	82312875	-174229996812.158	368845906924499	189225	-400528728.30369	847921625116.896	82312875	-174229996812.158	368845906924499	35806100624.3416	-75790048613252.3	1.60447969512608e+17	
436	1	-2124.64446939689	4514787.68241381	436	-926344.988657045	1968447429.53242	190096	-403886415.054472	858243079268.631	436	-926344.988657045	1968447429.53242	190096	-403886415.054472	858243079268.631	82881856	-176094476963.75	374193982564222	190096	-403886415.054472	858243079268.631	82881856	-176094476963.75	374193982564222	36136489216	-76777191956160.2	1.63148576397909e+17	
437	1	-2132.33443099194	4547524.63862823	437	-931830.146343476	1987268267.08054	190969	-407209773.952099	868436232714.752	437	-931830.146343476	1987268267.08054	190969	-407209773.952099	868436232714.752	83453453	-177950671217.041	379506633696271	190969	-407209773.952099	868436232714.752	83453453	-177950671217.041	379506633696271	36469158960.3397	-77764443321887	1.65844398925111e+17	
438	1	-2138.64660197602	4574475.7306953	438	-936727.211665495	2003620370.04454	191844	-410286518.709487	877585722078.084	438	-936727.211665495	2003620370.04454	191844	-410286518.709487	877585722078.084	84027672	-179705495194.806	384382546270288	191844	-410286518.709487	877585722078.084	84027672	-179705495194.806	384382546270288	36804120336	-78711006895224.9	1.68359555266827e+17	
439	1	-2145.8526878846	4605325.18268535	439	-942029.329981341	2021737755.19887	192721	-413550875.861809	887542874532.708	439	-942029.329981341	2021737755.19887	192721	-413550875.861809	887542874532.708	84604519	-181548834503.359	389631321919785	192721	-413550875.861809	887542874532.708	84604519	-181548834503.359	389631321919785	37141383840.3258	-79699938346736.2	1.7104815032275e+17	
440	1	-2153.74170332776	4639243.75035714	440	-947646.349464213	2041267250.15714	193600	-416964393.764254	898157590066.305	440	-947646.349464213	2041267250.15714	193600	-416964393.764254	898157590066.305	85184000	-183464333256.272	395189339630067	193600	-416964393.764254	898157590066.305	85184000	-183464333256.272	395189339630067	37480960000	-80724306632758.6	1.73883309437207e+17	
441	1	-2161.63259682292	4673277.61830665	441	-953279.975198906	2060915429.67323	194481	-420396469.062718	908863704486.251	441	-953279.975198906	2060915429.67323	194481	-420396469.062718	908863704486.251	85766121	-185394842856.662	400808893678713	194481	-420396469.062718	908863704486.251	85766121	-185394842856.662	400808893678713	37822859360.3395	-81759125699780.6	1.76756722112393e+17	
442	1	-2169.5435176294	4707533.76071243	442	-958938.234792196	2080729922.23489	195364	-423850699.77815	919682625626.389	442	-958938.234792196	2080729922.23489	195364	-423850699.77815	919682625626.389	86350888	-187342009301.961	406499720527826	195364	-423850699.77815	919682625626.389	86350888	-187342009301.961	406499720527826	38167092496	-82805168111449.6	1.79672876473123e+17	
443	1	-2178.23762348017	4745341.65226709	443	-964959.267201713	2102186351.95432	196249	-427476955.370359	931268553916.392	443	-964959.267201713	2102186351.95432	196249	-427476955.370359	931268553916.392	86938307	-189372291229.121	412551969384408	196249	-427476955.370359	931268553916.392	86938307	-189372291229.121	412551969384408	38513670000.3174	-83891925014455.6	1.82760522437615e+17	
444	1	-2186.6226913278	4781913.6872157	444	-970860.474949542	2123169677.12377	197136	-431062050.877597	942687336633.52	444	-970860.474949542	2123169677.12377	197136	-431062050.877597	942687336633.52	87528384	-191391550589.653	418553177469500	197136	-431062050.877597	942687336633.52	87528384	-191391550589.653	418553177469500	38862602496	-84977848461738.8	1.8583761079629e+17	
445	1	-2194.93267570678	4818302.81064183	445	-976745.040689519	2144144750.73562	198025	-434651543.106836	954144414077.971	445	-976745.040689519	2144144750.73562	198025	-434651543.106836	954144414077.971	88121125	-193419936682.564	424594264264483	198025	-434651543.106836	954144414077.971	88121125	-193419936682.564	424594264264483	39213900624.2951	-86071871823675.7	1.88944447597611e+17	
