# <N_i^j*N_k^m*U^p> as a function of N_tot.
# number_of_species: 1
# max_order: 2
# species_total_upper_bound: 557
# species_total_lower_bound: 536
# volume: 729
#	N_tot	N_1^0*N_1^0*U^0	N_1^0*N_1^0*U^1	N_1^0*N_1^0*U^2	N_1^0*N_1^1*U^0	N_1^0*N_1^1*U^1	N_1^0*N_1^1*U^2	N_1^0*N_1^2*U^0	N_1^0*N_1^2*U^1	N_1^0*N_1^2*U^2	N_1^1*N_1^0*U^0	N_1^1*N_1^0*U^1	N_1^1*N_1^0*U^2	N_1^1*N_1^1*U^0	N_1^1*N_1^1*U^1	N_1^1*N_1^1*U^2	N_1^1*N_1^2*U^0	N_1^1*N_1^2*U^1	N_1^1*N_1^2*U^2	N_1^2*N_1^0*U^0	N_1^2*N_1^0*U^1	N_1^2*N_1^0*U^2	N_1^2*N_1^1*U^0	N_1^2*N_1^1*U^1	N_1^2*N_1^1*U^2	N_1^2*N_1^2*U^0	N_1^2*N_1^2*U^1	N_1^2*N_1^2*U^2	
536	1	-3096.08970761977	9586067.05013607	536	-1659504.0832842	5138131943.20321	287296	-889494188.640329	2754038719872.47	536	-1659504.0832842	5138131943.20321	287296	-889494188.640329	2754038719872.47	153990656	-476768885143.068	1.47616475239133e+15	287296	-889494188.640329	2754038719872.47	153990656	-476768885143.068	1.47616475239133e+15	82538991616	-255548122423155	7.91224307956798e+17	
537	1	-3106.81299533971	9652574.90893612	537	-1668358.57849743	5183432726.07278	288369	-895908556.679857	2783503373248.91	537	-1668358.57849743	5183432726.07278	288369	-895908556.679857	2783503373248.91	154854152.22254	-481102894914.308	1.49474130992107e+15	288369	-895908556.679857	2783503373248.91	154854152.22254	-481102894914.308	1.49474130992107e+15	83156680377.6687	-258352254603192	8.02676085038462e+17	
538	1	-3117.21436961995	9717312.39653917	538	-1677061.33085553	5227914066.50524	289444	-902258996.014675	2812617770425.77	538	-1677061.33085553	5227914066.50524	289444	-902258996.014675	2812617770425.77	155720872	-485415339847.445	1.51318835964073e+15	289444	-902258996.014675	2812617770425.77	155720872	-485415339847.445	1.51318835964073e+15	83777829291.9974	-261153452889806	8.14095337764897e+17	
539	1	-3127.70760081638	9782847.373184	539	-1685834.39684003	5272954734.14811	290521	-908664739.962517	2842122602303.09	539	-1685834.39684003	5272954734.14811	290521	-908664739.962517	2842122602303.09	156590819.296146	-489770294842.446	1.53190408099689e+15	290521	-908664739.962517	2842122602303.09	156590819.296146	-489770294842.446	1.53190408099689e+15	84402450859.3864	-263986188814071	8.25696300935473e+17	
540	1	-3138.28438049153	9849115.89909101	540	-1694673.56546542	5318522586.60374	291600	-915123725.362716	2872002194455.75	540	-1694673.56546542	5318522586.60374	291600	-915123725.362716	2872002194455.75	157464000	-494166811781.089	1.55088118532312e+15	291600	-915123725.362716	2872002194455.75	157464000	-494166811781.089	1.55088118532312e+15	85030559770.5872	-266850078315884	8.37475840815955e+17	
541	1	-3149.05386194321	9916832.70118384	541	-1703638.13931128	5365006488.51569	292681	-921668233.266224	2902468510513.66	541	-1703638.13931128	5365006488.51569	292681	-921668233.266224	2902468510513.66	158340420.735322	-498622514983.277	1.5702354646581e+15	292681	-921668233.266224	2902468510513.66	158340420.735322	-498622514983.277	1.5702354646581e+15	85662167381.4097	-269754780150972	8.49497386707728e+17	
542	1	-3159.87602799845	9985108.54482957	542	-1712652.80717516	5411928830.76962	293764	-928257821.482869	2933265426138.57	542	-1712652.80717516	5411928830.76962	293764	-928257821.482869	2933265426138.57	159220088	-503115739175.821	1.58982986111448e+15	293764	-928257821.482869	2933265426138.57	159220088	-503115739175.821	1.58982986111448e+15	86297288287.888	-272688730716930	8.61687784885787e+17	
543	1	-3170.33938922608	10051343.8976621	543	-1721494.28834976	5457879736.54442	294849	-934771398.6243	2963628697216.61	543	-1721494.28834976	5457879736.54442	294849	-934771398.6243	2963628697216.61	160103007.786101	-507580869406.971	1.6092503826224e+15	294849	-934771398.6243	2963628697216.61	160103007.786101	-507580869406.971	1.6092503826224e+15	86935932921.5464	-275616412235504	8.73822957702467e+17	
544	1	-3180.89486478306	10118383.2239102	544	-1730406.80644198	5504400454.29631	295936	-941341302.70444	2994393858066.51	544	-1730406.80644198	5504400454.29631	295936	-941341302.70444	2994393858066.51	160989184	-512089668671.215	1.62895025811176e+15	295936	-941341302.70444	2994393858066.51	160989184	-512089668671.215	1.62895025811176e+15	87578116096	-278576779758200	8.86148940383859e+17	
545	1	-3191.54435617249	10186252.3059187	545	-1739391.67411401	5551507506.28452	297025	-947968462.501784	3025571590343.3	545	-1739391.67411401	5551507506.28452	297025	-947968462.501784	3025571590343.3	161878624.202538	-516642811969.915	1.64893651764268e+15	297025	-947968462.501784	3025571590343.3	161878624.202538	-516642811969.915	1.64893651764268e+15	88223850514.2667	-281570332570928	8.98670402363254e+17	
546	1	-3201.89081438296	10252401.6528625	546	-1748232.38465309	5597811302.13281	298116	-954534882.027211	3056404969877.28	546	-1748232.38465309	5597811302.13281	298116	-954534882.027211	3056404969877.28	162771336	-521176045610.1	1.66879711400264e+15	298116	-954534882.027211	3056404969877.28	162771336	-521176045610.1	1.66879711400264e+15	88873149589.5887	-284562120963992	9.11163224979363e+17	
547	1	-3212.4875139022	10320370.7007018	547	-1757230.67010451	5645242774.27853	299209	-961205176.465832	3087947797169.61	547	-1757230.67010451	5645242774.27853	299209	-961205176.465832	3087947797169.61	163667323.058313	-525779231485.306	1.68910744446434e+15	299209	-961205176.465832	3087947797169.61	163667323.058313	-525779231485.306	1.68910744446434e+15	89526025945.627	-287601240074530	9.23941772477726e+17	
548	1	-3223.09638876015	10388640.6465871	548	-1766256.82104056	5692975074.12513	300304	-967908737.931367	3119750338293.56	548	-1766256.82104056	5692975074.12513	300304	-967908737.931367	3119750338293.56	164566592	-530413988266.246	1.70962318640485e+15	300304	-967908737.931367	3119750338293.56	164566592	-530413988266.246	1.70962318640485e+15	90182492184.7557	-290666865578422	9.36873506081146e+17	
549	1	-3233.88488572277	10458301.5754323	549	-1775402.8022618	5741607563.31511	301401	-974696138.466716	3152142553054.83	549	-1775402.8022618	5741607563.31511	301401	-974696138.466716	3152142553054.83	165469148.912481	-535108179951.733	1.7305262616827e+15	301401	-974696138.466716	3152142553054.83	165469148.912481	-535108179951.733	1.7305262616827e+15	90842562584.4756	-293774390823518	9.50058916806179e+17	
550	1	-3244.3263154356	10525945.3150609	550	-1784379.47348958	5789269926.19802	302500	-981408710.442186	3184098458706.66	550	-1784379.47348958	5789269926.19802	302500	-981408710.442186	3184098458706.66	166375000	-539774790633.498	1.75125415045455e+15	302500	-981408710.442186	3184098458706.66	166375000	-539774790633.498	1.75125415045455e+15	91506249803.2414	-296876134881764	9.63189783536186e+17	
551	1	-3254.98998613777	10595243.9915851	551	-1793499.48236191	5837979440.93389	303601	-988218214.871428	3216726672826.47	551	-1793499.48236191	5837979440.93389	303601	-988218214.871428	3216726672826.47	167284151.78683	-544508236300.269	1.7724163951343e+15	303601	-988218214.871428	3216726672826.47	167284151.78683	-544508236300.269	1.7724163951343e+15	92173567193.97	-300024038208104	9.76601433709596e+17	
552	1	-3265.63875541674	10664684.9165445	552	-1802632.59299004	5886906070.3614	304704	-995053191.330501	3249572154807.72	552	-1802632.59299004	5886906070.3614	304704	-995053191.330501	3249572154807.72	168196608	-549269361607.633	1.79376382852955e+15	304704	-995053191.330501	3249572154807.72	168196608	-549269361607.633	1.79376382852955e+15	92844527616	-303196687606170	9.90157633093208e+17	
553	1	-3276.15771080866	10733501.00934	553	-1811715.21407719	5935626060.66657	305809	-1001878513.29981	3282401210701.62	553	-1811715.21407719	5935626060.66657	305809	-1001878513.29981	3282401210701.62	169112376.216632	-554038818333.207	1.81516787095375e+15	305809	-1001878513.29981	3282401210701.62	169112376.216632	-554038818333.207	1.81516787095375e+15	93519144453.588	-306383466270606	1.00378783177219e+18	
554	1	-3286.64455165264	10802325.2929509	554	-1820801.08161556	5984488210.6942	306916	-1008723799.21302	3315406468883.09	554	-1820801.08161556	5984488210.6942	306916	-1008723799.21302	3315406468883.09	170031464	-558832984741.478	1.83673518373067e+15	306916	-1008723799.21302	3315406468883.09	170031464	-558832984741.478	1.83673518373067e+15	94197431109.6426	-309593473568211	1.01755129243835e+18	
555	1	-3297.54732075887	10874106.9239018	555	-1830138.76302118	6035129345.17752	308025	-1015727013.49129	3349496785991.23	555	-1830138.76302118	6035129345.17752	308025	-1015727013.49129	3349496785991.23	170953875.081912	-563728492614.406	1.85897071584524e+15	308025	-1015727013.49129	3349496785991.23	170953875.081912	-563728492614.406	1.85897071584524e+15	94879400246.7548	-312869313533820	1.03172874733309e+18	
556	1	-3308.00866026763	10943208.4358202	556	-1839252.8151088	6084423894.65767	309136	-1022624565.20534	3382939682167.59	556	-1839252.8151088	6084423894.65767	309136	-1022624565.20534	3382939682167.59	171879616	-568579258367.232	1.88091446353355e+15	309136	-1022624565.20534	3382939682167.59	171879616	-568579258367.232	1.88091446353355e+15	95565066263.2395	-316130067570912	1.0457884419331e+18	
557	1	-3318.51300047604	11012815.855297	557	-1848411.74126515	6134138429.57803	310249	-1029565339.97453	3416715108470.34	557	-1848411.74126515	6134138429.57803	310249	-1029565339.97453	3416715108470.34	172808693.096748	-573467894266.739	1.90311031357185e+15	310249	-1029565339.97453	3416715108470.34	172808693.096748	-573467894266.739	1.90311031357185e+15	96254442336.0767	-319421617160400	1.06003244525866e+18	
