# <N_i^j*N_k^m*U^p> as a function of N_tot.
# number_of_species: 1
# max_order: 2
# species_total_upper_bound: 557
# species_total_lower_bound: 536
# volume: 729
#	N_tot	N_1^0*N_1^0*U^0	N_1^0*N_1^0*U^1	N_1^0*N_1^0*U^2	N_1^0*N_1^1*U^0	N_1^0*N_1^1*U^1	N_1^0*N_1^1*U^2	N_1^0*N_1^2*U^0	N_1^0*N_1^2*U^1	N_1^0*N_1^2*U^2	N_1^1*N_1^0*U^0	N_1^1*N_1^0*U^1	N_1^1*N_1^0*U^2	N_1^1*N_1^1*U^0	N_1^1*N_1^1*U^1	N_1^1*N_1^1*U^2	N_1^1*N_1^2*U^0	N_1^1*N_1^2*U^1	N_1^1*N_1^2*U^2	N_1^2*N_1^0*U^0	N_1^2*N_1^0*U^1	N_1^2*N_1^0*U^2	N_1^2*N_1^1*U^0	N_1^2*N_1^1*U^1	N_1^2*N_1^1*U^2	N_1^2*N_1^2*U^0	N_1^2*N_1^2*U^1	N_1^2*N_1^2*U^2	
536	1	-3096.39132324377	9587934.11206179	536	-1659665.74925866	5139132685.98022	287296	-889580841.602641	2754575118987.91	536	-1659665.74925866	5139132685.98022	287296	-889580841.602641	2754575118987.91	153990656	-476815331094.571	1.47645226321257e+15	287296	-889580841.602641	2754575118987.91	153990656	-476815331094.571	1.47645226321257e+15	82538991616	-255573017478469	7.91378413096556e+17	
537	1	-3107.10368137616	9654377.85672628	537	-1668514.676899	5184400908.90069	288369	-895992381.491384	2784023289204.71	537	-1668514.676899	5184400908.90069	288369	-895992381.491384	2784023289204.71	154854152.414196	-481147908883.745	1.49502050489752e+15	288369	-895992381.491384	2784023289204.71	154854152.414196	-481147908883.745	1.49502050489752e+15	83156680096.6247	-258376427073775	8.02826011852422e+17	
538	1	-3117.21901173358	9717339.51965951	538	-1677063.82831267	5227928659.85602	289444	-902260339.631589	2812625620285.86	538	-1677063.82831267	5227928659.85602	289444	-902260339.631589	2812625620285.86	155720872	-485416062754.592	1.51319258310694e+15	289444	-902260339.631589	2812625620285.86	155720872	-485416062754.592	1.51319258310694e+15	83777829013.2876	-261153841727071	8.14097609912714e+17	
539	1	-3127.52899400384	9781732.43235571	539	-1685738.12776807	5272353782.01825	290521	-908612850.865251	2841798688122.06	539	-1685738.12776807	5272353782.01825	290521	-908612850.865251	2841798688122.06	156590819.598207	-489742326647.448	1.53172949264867e+15	290521	-908612850.865251	2841798688122.06	156590819.598207	-489742326647.448	1.53172949264867e+15	84402451213.4625	-263971114034213	8.25602197047462e+17	
540	1	-3138.13464700526	9848176.76665816	540	-1694592.70938284	5318015456.10684	291600	-915080063.066734	2871728344659.92	540	-1694592.70938284	5318015456.10684	291600	-915080063.066734	2871728344659.92	157464000	-494143234095.519	1.5507333065535e+15	291600	-915080063.066734	2871728344659.92	157464000	-494143234095.519	1.5507333065535e+15	85030559791.9733	-266837346390391	8.37395985695031e+17	
541	1	-3149.23916686375	9918002.60935107	541	-1703738.38927329	5365639410.33604	292681	-921722468.590619	2902810921954.11	541	-1703738.38927329	5365639410.33604	292681	-921722468.590619	2902810921954.11	158340420.391255	-498651855250.927	1.57042070859121e+15	292681	-921722468.590619	2902810921954.11	158340420.391255	-498651855250.927	1.57042070859121e+15	85662167653.7424	-269770653821691	8.49597603376638e+17	
542	1	-3160.01329968869	9985975.66989726	542	-1712727.20843127	5412398812.98817	293764	-928298146.966407	2933520157843.46	542	-1712727.20843127	5412398812.98817	293764	-928298146.966407	2933520157843.46	159220088	-503137595630.71	1.5899679244844e+15	293764	-928298146.966407	2933520157843.46	159220088	-503137595630.71	1.5899679244844e+15	86297287949.0268	-272700576886672	8.61762614947165e+17	
543	1	-3170.76966329029	10054069.439716	543	-1721727.92716663	5459359706.13247	294849	-934898264.452656	2964432320408.84	543	-1721727.92716663	5459359706.13247	294849	-934898264.452656	2964432320408.84	160103007.608703	-507649757595.314	1.60968675045012e+15	294849	-934898264.452656	2964432320408.84	160103007.608703	-507649757595.314	1.60968675045012e+15	86935932916.1941	-275653818363831	8.74059905575998e+17	
544	1	-3181.17602816373	10120170.9082353	544	-1730559.75932107	5505372963.85166	295936	-941424509.070661	2994922898107.77	544	-1730559.75932107	5505372963.85166	295936	-941424509.070661	2994922898107.77	160989184	-512134932934.44	1.6292380572408e+15	295936	-941424509.070661	2994922898107.77	160989184	-512134932934.44	1.6292380572408e+15	87578116096	-278601403518729	8.86305502997046e+17	
545	1	-3191.85926143999	10188258.978054	545	-1739563.29748479	5552601142.66536	297025	-948061997.144054	3026167622279.65	545	-1739563.29748479	5552601142.66536	297025	-948061997.144054	3026167622279.65	161878624.359063	-516693788437.15	1.64926135557698e+15	297025	-948061997.144054	3026167622279.65	161878624.359063	-516693788437.15	1.64926135557698e+15	88223850528.3835	-281598114721410	8.98847438348008e+17	
546	1	-3202.25435704483	10254731.8337518	546	-1748430.87894648	5599083581.83947	298116	-954643259.90637	3057099633855.43	546	-1748430.87894648	5599083581.83947	298116	-954643259.90637	3057099633855.43	162771336	-521235219920.202	1.6691764010662e+15	298116	-954643259.90637	3057099633855.43	162771336	-521235219920.202	1.6691764010662e+15	88873149774.3225	-284594429994461	9.11370315027577e+17	
547	1	-3212.45836548604	10320178.0907518	547	-1757214.72592086	5645137416.32987	299209	-961196455.081728	3087890165693.53	547	-1757214.72592086	5645137416.32987	299209	-961196455.081728	3087890165693.53	163667323.647025	-525774460897.132	1.68907592146543e+15	299209	-961196455.081728	3087890165693.53	163667323.647025	-525774460897.132	1.68907592146543e+15	89526025730.3744	-287598630141441	9.23924529068025e+17	
548	1	-3223.11153435598	10388731.2683164	548	-1766265.12082707	5693024732.36296	300304	-967913286.214588	3119777555374.64	548	-1766265.12082707	5693024732.36296	300304	-967913286.214588	3119777555374.64	164566592	-530416480830.964	1.7096381008272e+15	300304	-967913286.214588	3119777555374.64	164566592	-530416480830.964	1.7096381008272e+15	90182492201.7107	-290668231507964	9.36881678757836e+17	
549	1	-3233.74085291459	10457368.6792771	549	-1775323.72825011	5741095404.57901	301401	-974652726.812435	3151861376629.09	549	-1775323.72825011	5741095404.57901	301401	-974652726.812435	3151861376629.09	165469148.34515	-535084347016.6	1.73037189608823e+15	301401	-974652726.812435	3151861376629.09	165469148.34515	-535084347016.6	1.73037189608823e+15	90842562601.0415	-293761306483256	9.49974170734293e+17	
550	1	-3244.31766134154	10525887.1907802	550	-1784374.71373785	5789237957.50942	302500	-981406092.555992	3184080875703.22	550	-1784374.71373785	5789237957.50942	302500	-981406092.555992	3184080875703.22	166375000	-539773350908.378	1.75124448133458e+15	302500	-981406092.555992	3184080875703.22	166375000	-539773350908.378	1.75124448133458e+15	91506249855.4076	-296875342999392	9.6318446503502e+17	
551	1	-3255.12265636306	10596106.0338364	551	-1793572.58365605	5838454425.06576	303601	-988258493.595153	3216988388981.44	551	-1793572.58365605	5838454425.06576	303601	-988258493.595153	3216988388981.44	167284151.636989	-544530429809.032	1.77256060232403e+15	303601	-988258493.595153	3216988388981.44	167284151.636989	-544530429809.032	1.77256060232403e+15	92173567351.6778	-300036266898249	9.76680892020009e+17	
552	1	-3265.46804891727	10663562.8005129	552	-1802538.36300233	5886286662.30266	304704	-995001176.377288	3249230239384.56	552	-1802538.36300233	5886286662.30266	304704	-995001176.377288	3249230239384.56	168196608	-549240649354.611	1.79357509326295e+15	304704	-995001176.377288	3249230239384.56	168196608	-549240649354.611	1.79357509326295e+15	92844527616	-303180838436064	9.90053450094889e+17	
553	1	-3276.20688633638	10733820.3371229	553	-1811742.40814402	5935802646.58386	305809	-1001893551.71735	3282498863874.88	553	-1811742.40814402	5935802646.58386	305809	-1001893551.71735	3282498863874.88	169112376.376971	-554047134350.269	1.81522187170402e+15	305809	-1001893551.71735	3282498863874.88	169112376.376971	-554047134350.269	1.81522187170402e+15	93519144783.3958	-306388065143411	1.00381769484798e+18	
554	1	-3286.73587032774	10802926.7637722	554	-1820851.67216157	5984821424.56926	306916	-1008751826.3852	3315591071863.68	554	-1820851.67216157	5984821424.56926	306916	-1008751826.3852	3315591071863.68	170031464	-558848511792.624	1.83683745310517e+15	306916	-1008751826.3852	3315591071863.68	170031464	-558848511792.624	1.83683745310517e+15	94197430914.9712	-309602075551876	1.01760794916035e+18	
555	1	-3297.45674974345	10873506.5255824	555	-1830088.49610762	6034796123.85807	308025	-1015699115.34053	3349311846692.54	555	-1830088.49610762	6034796123.85807	308025	-1015699115.34053	3349311846692.54	170953875.651396	-563713009093.16	1.85886807445214e+15	308025	-1015699115.34053	3349311846692.54	170953875.651396	-563713009093.16	1.85886807445214e+15	94879400463.2553	-312860719916945	1.03167178198605e+18	
556	1	-3308.11914166276	10943942.0379776	556	-1839314.2427645	6084831774.05139	309136	-1022658718.97428	3383166468154.73	556	-1839314.2427645	6084831774.05139	309136	-1022658718.97428	3383166468154.73	171879616	-568598247694.569	1.88104055424346e+15	309136	-1022658718.97428	3383166468154.73	171879616	-568598247694.569	1.88104055424346e+15	95565066278.8458	-316140625744685	1.04585854881912e+18	
557	1	-3318.12004912315	11010211.0135195	557	-1848192.8673616	6132687533.08246	310249	-1029443427.15287	3415906956936.25	557	-1848192.8673616	6132687533.08246	310249	-1029443427.15287	3415906956936.25	172808692.324384	-573399988864.287	1.90266017490078e+15	310249	-1029443427.15287	3415906956936.25	172808692.324384	-573399988864.287	1.90266017490078e+15	96254441930.4479	-319383793829077	1.05978171764891e+18	
