# <P(U)> as a function of N_tot.
# number_of_species: 1
# species_total_upper_bound: 222
# species_total_lower_bound: 183
# volume: 729
# Bin widths for each
10	10	10	10	10	10	10	10	10	10	10	10	10	10	10	10	10	10	10	10	10	10	10	10	10	10	10	10	10	10	10	10	10	10	10	10	10	10	10	10	
# Bin lower bound for each
-770	-780	-780	-790	-810	-810	-820	-830	-830	-830	-840	-840	-840	-850	-850	-860	-870	-880	-880	-890	-890	-900	-900	-910	-920	-920	-930	-930	-960	-960	-960	-960	-970	-980	-990	-990	-990	-990	-1000	-1000	
# Bin upper bound for each
-570	-570	-570	-580	-580	-580	-590	-590	-600	-610	-610	-610	-620	-620	-630	-630	-630	-640	-640	-650	-650	-660	-660	-660	-660	-690	-690	-700	-700	-710	-720	-710	-720	-720	-720	-740	-750	-750	-760	-760	
# Normalized histogram for each
3.69990168159353e-05	0.000238726140347404	0.00145073851922865	0.00492699646223414	0.0145151620556937	0.0323696621259211	0.0604236363859172	0.0897391121555674	0.123526048721814	0.145002446177035	0.151496127122023	0.130636222838715	0.10155405297128	0.0674143296013816	0.0387518746954062	0.0211535397925604	0.0108682844427854	0.00440099770087638	0.00123086538108045	0.000241554090677285	2.26236026390432e-05	
2.35865522687433e-07	0.000210627911759878	0.000812792591180894	0.00294147893343498	0.00890109309517834	0.0226761113511698	0.0467565660244206	0.0769891011259277	0.108740846059065	0.135837313170919	0.149150270867966	0.142751475102979	0.116064234672987	0.083762923071988	0.0515498251764746	0.0283392425508951	0.0143071308751743	0.00677311434949232	0.0025506497623419	0.000715380130310984	0.000160388555427454	9.19875538480988e-06	
2.26014345318843e-05	0.000430604414154337	0.00174902142851425	0.00553711602870194	0.0150977582672987	0.0342618912974589	0.0622923787491895	0.0958637491353774	0.126075275019435	0.143696153847965	0.148326151884465	0.127776032967959	0.0986510239627001	0.0664355042168156	0.0387461571675506	0.0196957376048789	0.00937135522439222	0.00416784578664528	0.00133348463738117	0.000390345608894418	7.86341576421807e-05	1.17715804853564e-06	
8.68846657723025e-06	0.000137136877867634	0.000857809956935733	0.00349088497667851	0.0100316565453858	0.0241367949749666	0.0478760338981698	0.0793477732516868	0.113670034112798	0.13755603767413	0.147928892650238	0.140890060605577	0.111345517068258	0.0811094185560755	0.0499060823727686	0.0284418127522737	0.014113826896158	0.00593093514435418	0.00236443702611166	0.000633318766453784	0.000200304378118308	2.25430484165974e-05	
1.10962269523103e-05	0	9.34916143215932e-05	0.000329581549477132	0.0018903721107904	0.00615368415982911	0.0162066296886871	0.0360769029911178	0.0651407544584404	0.0987165206765204	0.12804857031018	0.143946866543554	0.145230251431059	0.127621483617483	0.0934137046429919	0.0641874233002823	0.0377408648540941	0.0201266669720096	0.00934349527371559	0.00385062684238683	0.00142078922976603	0.000312110894275622	0.000122530676345724	1.55819357202655e-05	
6.39072766955488e-06	3.14802511129926e-05	0.000329240821790772	0.000820143384259543	0.00375301399735045	0.0105906192165394	0.0251884613755071	0.0513395556929431	0.0837261066669255	0.11696428127628	0.1368408644903	0.145639949716808	0.138100784615672	0.110223483746604	0.0767019868772325	0.0496751261754501	0.027485572932286	0.0133279809016654	0.00609202032440754	0.00225498009288331	0.000729726422416211	0.000142726251286726	3.50306553738564e-05	4.73387234781843e-07	
2.81646174951563e-06	2.3001104287711e-05	9.0596186276086e-05	0.000439368032924438	0.00205930294918751	0.00683250149917912	0.0174127747663804	0.0376258166272166	0.0663910445904571	0.100650015901274	0.132114118335987	0.14335039248568	0.142884502771281	0.126196262789964	0.0928207216479118	0.0612648495011929	0.036111968436852	0.0194610465737156	0.00869746858765005	0.00370223896973829	0.00139696502775975	0.000348537141502559	0.00011617904716752	7.51056466537501e-06	
2.11504878360019e-06	1.64503794280015e-05	3.73658618436034e-05	0.000347808022192032	0.00116327683098011	0.0043584105267388	0.0118522633724547	0.0271539363055409	0.0520165697621816	0.0842144274057681	0.118018077086948	0.141459162755589	0.146310379648907	0.134775843604833	0.108383089855968	0.076050104095651	0.0473629924274203	0.0250182070449455	0.0126400015416356	0.00559336401094091	0.0021594648080558	0.000813588765424874	0.000179074130344816	7.35566965852067e-05	4.70010840800043e-07	
1.90504995817122e-05	2.68118142261134e-05	0.000186741934171351	0.00067194169512286	0.00220256701953993	0.008214057998658	0.0193014487552145	0.040511710530246	0.0699550808035171	0.103372714557427	0.132845954132512	0.146512218073185	0.141140447573848	0.120191483391845	0.0899844467958353	0.0594591962994052	0.0338628509848755	0.0177649436469759	0.00846053853645595	0.00355138942819573	0.00119194977629774	0.000465208495958354	9.64284546728641e-05	1.08188022315896e-05	
7.29549763911558e-05	5.02893526579812e-05	0.000350136666628104	0.00170511598542695	0.00506529470387008	0.0141846667527646	0.0302208316442328	0.0554306716414563	0.0889021314894219	0.118570488555159	0.143203063447928	0.146132595315441	0.130555881505064	0.102841253985077	0.0725481756651947	0.0454556722966345	0.0243827808312098	0.0119924759573216	0.00517319251684988	0.00214355414451554	0.000761895497780776	0.000204462814093013	5.24142548829663e-05	
9.35801447263728e-07	0.000127268996827867	0.000206578169483468	0.000738113391529266	0.00339321604777828	0.00926700778189088	0.0225900129865846	0.0421183175880841	0.0716784137042507	0.105955884916074	0.134321196534446	0.148655101252547	0.140290907916904	0.11542455790985	0.0844593559206169	0.0577929918297515	0.0334219147386622	0.0165468411905172	0.00792343085398199	0.00336256855038039	0.00124438197449894	0.000342269379336709	0.000128672698998763	1.00598655580851e-05	
1.91532488815203e-05	0.000153926719669779	0.000512699771889477	0.00153693143463907	0.00575952208439669	0.0155071243078553	0.0331619818287055	0.0570341707974619	0.0908251733485812	0.12103428478265	0.144164168569145	0.145542268183791	0.128791350579666	0.0996543539305503	0.0694130089800708	0.0439454945252073	0.0236526273352365	0.0115220806594697	0.00478761149176247	0.0020601421357928	0.000690217688352349	0.000164904801345773	6.42334566148548e-05	2.56933826459419e-06	
4.04710551711193e-05	0.00024794336099088	0.00124227531993648	0.00346888113116134	0.00963885630658825	0.0242672820127791	0.0466266096257381	0.0767510302093168	0.108673854233028	0.134795827015546	0.144730075506429	0.138278198498431	0.113806700471627	0.0822532329744202	0.0549745788277303	0.0318114123258553	0.0166066229718826	0.00731572470285756	0.00280203908992227	0.00120250204157866	0.000307021797849871	0.000122808719139948	3.60518020202499e-05	
3.71211955994679e-06	0.00010741945976596	0.000651476982770661	0.00239872525814311	0.00610991678819991	0.0164066404250748	0.0366089231001952	0.0633030068632451	0.0944820270771281	0.125243433840517	0.141868625304684	0.140979804677549	0.127368390281114	0.0954552984242516	0.0672350695071187	0.041121700447728	0.0223014862862703	0.0110823009387486	0.00476148935804924	0.00169063845208326	0.000584890838164116	0.000169597462395069	5.1969673839255e-05	1.34564334048071e-05	
2.81500935298394e-05	0.000276193950452605	0.00130044202568996	0.00427258427780358	0.0102941661700021	0.025201255863353	0.0508937539326488	0.0806315588852655	0.112167508746719	0.135453173819213	0.146375871585734	0.134556293380275	0.110639789326546	0.0797185267533182	0.0514219142940406	0.0300728372133161	0.0156039198774502	0.00676709789379616	0.00292922489640419	0.000968178626649232	0.000314265798259355	7.47592647841638e-05	3.85333247498622e-05	
2.49442277093877e-05	0.000221957433599274	0.000660329139084625	0.00249603952643846	0.00737448376419482	0.0175972287886875	0.0374156486688675	0.0673879859822679	0.0982680160262044	0.126052883148534	0.143101569892687	0.142722556210547	0.123157274048603	0.0922696221573108	0.0641436196245478	0.0383806207371065	0.0217261913698053	0.0102680141784838	0.00421649834317206	0.00178351228122122	0.000503041925472653	0.000146893785399728	6.44392549159183e-05	1.66294851395918e-05	
1.12466937015761e-05	0.00012968126411001	0.000451015369869327	0.00129451739748753	0.00501281204984535	0.0127661449730952	0.0271963415653011	0.0537302758240154	0.0871425961408692	0.115804450752794	0.136637917975338	0.143494499219158	0.132551007198802	0.10567599973926	0.0747149996006276	0.0499929306496733	0.0274965594298248	0.0149071482148972	0.00673240856438021	0.00290049935320035	0.00099361095988006	0.000271527319366623	5.09544081989774e-05	3.97077144974013e-05	1.14762180628328e-06	
2.81767975887933e-05	8.49848572436184e-05	0.000259044752026003	0.000957329421303113	0.00270928998105792	0.00891682027565997	0.0209653552639711	0.0399649244316467	0.0714647662780086	0.106533290431887	0.13031587099026	0.141589544044879	0.135945549702053	0.11917058415046	0.0878368490705293	0.0611997771306204	0.0362424058985853	0.0191734018302193	0.00979052823315118	0.00422515624488727	0.00182990121760123	0.000628751604259605	0.000134067020785387	2.04509014757371e-05	1.31794698399194e-05	
4.9399297710445e-05	0.000107449163683549	0.000423650198337042	0.00185714041807286	0.00531167655980559	0.014462611902499	0.0310129701612307	0.0567588824831684	0.0909416029730637	0.121514304739032	0.137701566777265	0.140328835417248	0.127851756577562	0.102243342761694	0.0719472315335978	0.0475815401426206	0.025509387573914	0.013887121466499	0.00626756435282936	0.00268805026435454	0.00113959854533865	0.000346933316639254	5.28139957088629e-05	9.56115439557e-06	5.00822373101286e-06	
2.04279983421544e-06	0.000139591322004722	0.000308916730485247	0.00106270986931075	0.00368452996764659	0.0100485323845058	0.0233737157030931	0.0427907551050703	0.0750186462229312	0.108862618987416	0.136078614200909	0.141614147796114	0.133617040400679	0.113760572056586	0.0857801157495782	0.0560857503816631	0.0344370656496853	0.0181103284413573	0.00906662659752622	0.00365320703685529	0.00168008937476252	0.000601945017815484	0.00018884549578525	2.24707981763699e-05	1.11219102085063e-05	
1.09885808041856e-05	0.000121561175146303	0.000689991302996151	0.0022592979990939	0.00653408486068883	0.0158082181306547	0.0337006037538366	0.0608114929566631	0.0920859096404422	0.125100413880317	0.14208509694332	0.141889133918979	0.124168673799629	0.0992932740041541	0.0676571498689039	0.0418749632283168	0.0242147113746234	0.0124200723826975	0.00544049214190562	0.00224991191965699	0.00113182382283111	0.000360562807637338	6.95943450931752e-05	1.57960849060167e-05	6.18107670235437e-06	
3.76002302501372e-05	4.99057601501822e-05	0.000373951380851365	0.00148623455570542	0.00415334422144849	0.0112998946509912	0.024370418326489	0.047312939424206	0.0781095789207184	0.110110565186152	0.139016027041174	0.145622729316398	0.133038729832319	0.111190717255156	0.0808785510284119	0.0509713278874527	0.0313424125355977	0.0166361649041274	0.00845139235931418	0.00338424860269569	0.00131828686058815	0.000604110366018872	0.000187773271067352	2.7573502183434e-05	2.55225805334265e-05	
6.21529979974939e-05	0.0001730756842047	0.000924128882634271	0.00285676955029357	0.00696884819152923	0.0176439658512375	0.0360403459154592	0.0641012903325321	0.0959240789787673	0.127337882751318	0.14692356270058	0.140913095591311	0.120710876048775	0.095603786886897	0.0630821172668287	0.0386457814446534	0.0219363789209695	0.0115257517563893	0.00534561149930271	0.00203448992350191	0.00090711620070065	0.000242714262252987	8.55170811863329e-05	5.21722245964365e-06	5.44405821875859e-06	
3.25226180025199e-05	0.000122130390680792	0.000417790554340064	0.0020261818446465	0.00470759209814098	0.0126956474275291	0.0271891360810018	0.0505960963761161	0.0823049666358877	0.113113210550974	0.140139506111068	0.145838924342838	0.133043889614141	0.10625662392482	0.0775205028951953	0.0480411377003098	0.0276956246844396	0.0151118732573108	0.00783340232070485	0.00349811459787943	0.00116421875213216	0.000507170896123213	0.000109394260553931	2.75191383098246e-05	0	6.82292685367551e-06	
2.52475522498094e-06	9.02026184925008e-05	0.000323857238404373	0.00122657199293619	0.00333359498978392	0.00845838905009069	0.0207507336709161	0.0390513071575893	0.0661899010709094	0.0985125060307221	0.126995876386148	0.145930622480696	0.139626997253525	0.120797831832022	0.0909056480610568	0.0619219171246802	0.0362458450562309	0.0206589243900077	0.0107224059172918	0.00519915957784256	0.00195599672975341	0.00073860566490806	0.000329136272056606	2.77723074747903e-05	2.29523202270994e-06	0	1.37713921362597e-06	
2.11699674557772e-05	0.00016636833120138	0.000671456141695194	0.00234296313733395	0.00586638206866939	0.0145527418674535	0.0312581472734808	0.0538858510752618	0.0837992451986169	0.115952974138814	0.13756244852764	0.144402418990934	0.130048490730891	0.104528325071293	0.0744750250760566	0.0466691932562608	0.0275674395775763	0.014391666028116	0.00714164249953806	0.00288647904092684	0.00117953536063385	0.00047747480946454	0.000134153163333893	1.84086673528497e-05	
4.10855439828737e-06	1.87167478144202e-05	0.000223916214706662	0.00132295451624853	0.00434388326410039	0.00991553953422232	0.0229709276408247	0.0449446178279762	0.0705662478147626	0.101637418704833	0.12909945280903	0.142721364916552	0.138470837138501	0.117459233439616	0.0872006433083176	0.058582735900069	0.0345312584524947	0.0193092926598621	0.0092536057700538	0.0047191312324773	0.00180114459760476	0.000654857920482582	0.000217753383109231	2.64773505667408e-05	3.8803013761603e-06	
9.34025453788293e-06	3.89556957555605e-05	0.000601649078891435	0.00268201991889014	0.00734052882243083	0.0154289614411512	0.0339982987068076	0.0585925557715711	0.0881264406203569	0.116614444771986	0.13937277229234	0.142930042404756	0.128420982130043	0.102654637026318	0.0715051159535648	0.0427394100877483	0.0251164000745398	0.0128059445936101	0.00626890547252348	0.00297384592042741	0.00129419478121251	0.000381811380621751	0.000100920311226394	1.82248869031862e-06	
6.8389707349044e-07	7.29490211723136e-06	0	7.31769868634771e-05	0.000266035961587781	0.00136528652437808	0.00484404297153278	0.0118120422876357	0.0245733337132762	0.049217336790813	0.0746428062576582	0.104255549539794	0.129076226027983	0.144369988316758	0.13574331063175	0.113298036645485	0.0848543014276351	0.0555285669506739	0.0328181688655857	0.0177845154304277	0.00874886729547203	0.00398825976690508	0.00183216025988089	0.000635568346963782	0.000236628387427692	2.75838486307811e-05	2.2796569116348e-07	
4.57239739711706e-07	1.50889114104863e-05	2.58340452937114e-05	0.000128484366858989	0.000706892637594297	0.0027752166001802	0.00815669971671712	0.0180769731095023	0.0373009321060714	0.0638180935709121	0.0942478554884658	0.119625118282205	0.136537959014401	0.14206027197077	0.124386812931563	0.0970763405183224	0.0669556726648138	0.0421828808069733	0.0232751030904148	0.0124017134602006	0.00563547979194677	0.00282414125232935	0.00117853542910692	0.000451752862835165	0.000142658798790052	1.30313325817836e-05	
8.52734384992981e-06	1.70546876998596e-05	7.07539070791474e-05	0.000413691411097946	0.00168426564473749	0.00568681647289238	0.0133614259378292	0.0273577932893491	0.0514927115409302	0.0800424892192479	0.110361805980802	0.132039235922335	0.139454337571731	0.133614489847045	0.110035001289473	0.0799274853116502	0.0531421764040099	0.0301927894163218	0.016492113474517	0.00822266415885935	0.0035743398856368	0.00183430080274571	0.000752019540062729	0.000147269532975815	7.44414071223602e-05	
1.03177760377676e-05	3.25583154969557e-05	0.00018113429044081	0.00113564321589029	0.00303548971031124	0.00931763961384004	0.0208182913533598	0.0402689041719354	0.0680340394895682	0.0974818894370048	0.125033561432612	0.135934865026293	0.137259208901719	0.122249825457622	0.0943065365404038	0.0638441052825867	0.0393680476818823	0.0210046991737754	0.0112874177014059	0.00523042459941235	0.0026330964448383	0.00104828604543719	0.00037419134430304	8.34593439499427e-05	2.52212303145431e-05	1.14641955975196e-06	
1.15703030123515e-06	4.07274666034774e-05	8.56202422914013e-05	0.000608366532389443	0.00210209265128403	0.00643146863244572	0.016367813453393	0.0310630239033204	0.055229915805219	0.0827172532656023	0.114406461967951	0.134475152542875	0.13619449957051	0.130650241773052	0.105502882393886	0.077479608497971	0.0494993761292616	0.0290662210094488	0.014494349989633	0.0078474423150973	0.00334913990995527	0.00151848656734101	0.000666218047451201	0.000167769393679097	2.17521696632209e-05	1.29587393738337e-05	
1.26554841274918e-05	4.46393440133347e-05	5.5454030449555e-05	0.000320298798281247	0.00160264448996328	0.00433300766554179	0.0119375730278959	0.0245850036654884	0.0436747660231085	0.0705722717882567	0.100405849870983	0.127918642264439	0.136339141203449	0.132856582071275	0.117907924219881	0.090146624138104	0.0619090176537101	0.0368727884541487	0.0200055592090276	0.0099867876745709	0.00523891022935879	0.00205064862807649	0.000853669929327175	0.000294297530892037	6.78794148656379e-05	5.98259249663249e-06	1.38059826845365e-06	
6.67982669304814e-06	5.50509855047761e-05	2.11911743365665e-05	0.000240934438652702	0.00101395162423441	0.00295939356387181	0.00786146500116321	0.0180115768306756	0.0344669843807225	0.0584558544074188	0.0870544958688727	0.116539250891987	0.135480705666105	0.135545661222224	0.125805552548354	0.103554358817256	0.0734833914171137	0.0467120280644857	0.0270371743872411	0.0137072347129863	0.00703500920203712	0.00306719214636652	0.00128206604736227	0.000450542793503523	0.00013083246764315	1.79664304157847e-05	0	3.45508277226628e-06	
1.50606736616159e-05	3.93894541919184e-05	9.24493660151496e-05	0.000638109157909078	0.00236220873815652	0.00560697295288373	0.0136234219889543	0.0273397567492671	0.0481468883721404	0.0751518347607763	0.104722424833336	0.128531496270977	0.135376688301517	0.128483997223275	0.112870017581599	0.0875349523480285	0.0586254099978776	0.0356993574421508	0.018641406750333	0.00912839015764123	0.004675296509909	0.00183763388938885	0.000660584317065643	0.000138094792343432	4.61088316717162e-05	1.20485389292927e-05	
2.32535372699557e-05	6.67376519647727e-05	0.000348105452931236	0.00123732071813434	0.00431771680028537	0.0100597127583555	0.0212186202234618	0.0390322249844841	0.0647192449297406	0.0911194508630667	0.117714521438715	0.134657978835095	0.133663657581432	0.120243808687568	0.0972411770847552	0.0709804923750489	0.0456883174926362	0.0243780783323307	0.0127268934832194	0.00579989726587234	0.00297761544741782	0.00130429090547181	0.000353221231130626	0.000105338523832899	2.23233957791574e-05	
3.75196570377089e-05	8.94878776551566e-05	0.000608237918437393	0.00261915171084975	0.00731563399830905	0.0154415527638238	0.0311310615219837	0.0538257932028364	0.0805891937794739	0.105545125660556	0.129839686195842	0.136452467488402	0.127789621456956	0.106688659555488	0.080794270165767	0.0557180889490861	0.0333032399272538	0.016926492233664	0.00836804872614938	0.00401180680685813	0.00191396859161927	0.000734779370434137	0.000181073127442856	6.66498255452468e-05	8.38948853017093e-06	
2.75937350996754e-05	2.78275803123845e-05	0.000275703505784044	0.00162288577620125	0.00526642803542194	0.0112891114887451	0.024245773189319	0.043096503476226	0.0707260168934459	0.0959097432309411	0.118447043296207	0.134493969482732	0.134123324820588	0.116012948477118	0.0923763420669064	0.0667578974789849	0.0409865181219517	0.0235874989155428	0.0112949576190629	0.00510016408918576	0.00255358972278352	0.00126931181458507	0.000392392266925892	9.00304068930086e-05	2.64245090361298e-05	
3.89387882249104e-05	0.000148911365878294	0.000650867744995776	0.00336336733200863	0.00890541886336497	0.0174009184834168	0.0351489821636751	0.0588133817275606	0.0876306809332094	0.108427297742494	0.129432532059602	0.133857866343199	0.12575907037773	0.101116245262447	0.0772444081540182	0.0527174554327869	0.0294032689702696	0.0153593460171519	0.00803625791165379	0.00373080789725824	0.00176734900009912	0.000761076315305068	0.000216877250779956	6.48979803748507e-05	3.77588249453677e-06	
