# <P(U)> as a function of N_tot.
# number_of_species: 1
# species_total_upper_bound: 222
# species_total_lower_bound: 183
# volume: 729
# Bin widths for each
10	10	10	10	10	10	10	10	10	10	10	10	10	10	10	10	10	10	10	10	10	10	10	10	10	10	10	10	10	10	10	10	10	10	10	10	10	10	10	10	
# Bin lower bound for each
-760	-770	-780	-790	-810	-810	-810	-820	-820	-820	-830	-840	-840	-840	-850	-850	-860	-870	-870	-880	-880	-890	-890	-900	-920	-920	-930	-930	-930	-940	-940	-950	-950	-960	-960	-970	-970	-970	-980	-980	
# Bin upper bound for each
-590	-590	-590	-590	-590	-600	-600	-600	-600	-620	-620	-620	-630	-630	-630	-630	-640	-640	-640	-650	-650	-660	-660	-680	-680	-700	-700	-710	-710	-710	-720	-730	-740	-740	-750	-750	-750	-760	-760	-770	
# Normalized histogram for each
4.59617138923277e-05	0.000702414888397965	0.00429841941662595	0.0144509623483638	0.0334011768197092	0.0644493137216698	0.097866477224472	0.13449896236435	0.153138435683076	0.159167413544517	0.131355580801193	0.0976176844688375	0.060526581357729	0.0271114161903135	0.0140293135817864	0.00486194999565362	0.00216419722371265	0.000313738655699802	
2.88902747365506e-05	0.000427376822826903	0.00226041494404253	0.00820184937606969	0.0220522455713201	0.0498885233881717	0.0804195664864843	0.11647662179044	0.145150717574651	0.156283435511926	0.14796801746965	0.116063191996796	0.0783026066997543	0.0437498381148398	0.0197191068322511	0.00839212670278283	0.00295278532134951	0.00152221861370515	0.000140466508201849	
8.94895515976868e-06	0.000173013133088861	0.00136720148274244	0.0046206438474939	0.0153922028748021	0.0350470913907074	0.065742007588714	0.100142785551216	0.130672643242942	0.147274943721015	0.155658126049016	0.1336108835204	0.0984196145187849	0.0601518935989118	0.0308251732119988	0.012958087071345	0.00515658682872893	0.00206024834344897	0.000710944771026067	6.96029845759786e-06	
1.66511908539906e-05	8.81533633446561e-06	0.000647437479675752	0.00273863115457398	0.00984183327652339	0.02400220187512	0.0492963402641467	0.0830992371795625	0.119443889404749	0.139331288175304	0.153998048872225	0.146460936306257	0.115967708443525	0.076113572875406	0.0438083036550343	0.0218718289276241	0.00871640867115661	0.00326265392556722	0.00111954771447713	0.000253685790069622	9.79481814940624e-07	
4.59410585992864e-05	0	8.79722398709741e-05	0.000152485215776355	0.00141635306192268	0.00518645227505987	0.0169327012364987	0.0398807487415082	0.0687571477444895	0.102131860612873	0.129678901324471	0.14085430819608	0.152669957480084	0.132695371682713	0.0954313083427007	0.0582874737305117	0.0325516836909242	0.0154782268706319	0.00524314549631005	0.00171741361614779	0.000641219881726211	0.000158350031767753	9.77469331899712e-07	
2.65531372531665e-05	8.26097603431846e-05	0.000183905061716375	0.000657927734161791	0.00304574318789098	0.00978728970161158	0.0266554160040675	0.0540946412818675	0.0870500349616307	0.118199815308179	0.13490173864042	0.145034219126323	0.145616421246837	0.115740208038913	0.078407480510489	0.0436356555527036	0.0230284541451906	0.00906937154624819	0.0035187824108085	0.000831014851071321	0.000341256986179584	9.146080609424e-05	
9.50645954225427e-05	0.000235721394772223	0.000349216881144034	0.00164228938826903	0.00540995151705633	0.016027114750727	0.0389939449672997	0.0725498070576732	0.101856863760794	0.128232438756089	0.142229245361721	0.144530196589703	0.133994517294966	0.098584895593853	0.0596831050812996	0.0307213850717544	0.0160707668608701	0.00599876998054086	0.00223110785175355	0.000389958850610839	0.000125136049076612	4.85023446033381e-05	
4.96435882385579e-05	4.67233771657015e-05	0.000468207175347967	0.00099871218691687	0.00353442880184713	0.0106607172233076	0.0266634739025603	0.0557653240509557	0.0910220057372414	0.118392170719433	0.137152580055153	0.144810346891873	0.136361202854409	0.115051449252085	0.0795368155876973	0.0437593629267523	0.02079482304981	0.0102187919476153	0.0031771896472677	0.00128781308312965	0.000219989234155178	1.75212664371381e-05	1.07074406004733e-05	
7.26915349253749e-05	0.000141506187988063	0.000702684837611957	0.00143347706872839	0.00849230972021513	0.0197352671220064	0.0410804094374935	0.076136144460372	0.108386955455597	0.132669805002535	0.142359101997854	0.13971313012657	0.1208520998646	0.0939707702491963	0.0606770780329089	0.0307611191394873	0.0146778747321317	0.00573681593631058	0.00165252089397019	0.000645500830137329	9.20759442388082e-05	3.87688186268666e-06	6.78454325970165e-06	
3.56916167144806e-05	0.0002778158273992	0.00161866304991617	0.00431289779271467	0.0149113786803362	0.0297861011056684	0.0577278138016588	0.0972075650793222	0.1237987841699	0.139284122632536	0.142616947923037	0.128233226387102	0.106247190490982	0.0753150990972915	0.0425993915061669	0.0220969692994218	0.00907531702837387	0.00344665260867133	0.000970426119318039	0.000384890677542642	5.30551059269306e-05	
2.3738083482092e-05	7.78609138212617e-05	0.000489004519731095	0.00303372706901136	0.00967659235063998	0.0235937559345209	0.0446294959930115	0.0755649663868738	0.110310873941281	0.140229404838771	0.144491815108815	0.137658095635991	0.112596376618937	0.0877473508298834	0.0554920429944168	0.0309012875536481	0.0148676364465039	0.00576835428614835	0.00209274943978123	0.000563067340195222	0.000174712294428197	1.70914201071062e-05	
1.893419420803e-06	3.31348398640525e-05	0.000344602334586146	0.00123829630120516	0.00608923685730245	0.0181238106959263	0.0349582027662858	0.0603612644254892	0.0951320186691155	0.124800007573678	0.142588683032122	0.141667534483901	0.127191396302152	0.0984322487195751	0.0697838661731153	0.0427808651033334	0.022119872383531	0.00910261386551042	0.00358708309271128	0.00125723049541319	0.000348389173427752	5.680258262409e-05	9.467097104015e-07	
2.70106393977186e-05	5.49526801539793e-05	0.000828015807743857	0.00285567656528984	0.0091873430006585	0.02832577811598	0.0501932192118295	0.0816298778653399	0.113236051566105	0.139155088571612	0.137492537146615	0.134902309968509	0.109864378648183	0.0802066965894876	0.0554910301392166	0.0317375012923194	0.0160731932443597	0.00582312129360472	0.00191775539723802	0.000832672814536567	9.59343399298282e-05	6.98551018906516e-05	
8.87076952077516e-05	0.00050360097800234	0.00184068467556085	0.00525500690256753	0.0160588649480783	0.0382136118262142	0.0676109724026664	0.0998063215321297	0.130062113867415	0.146832488454139	0.134614851516255	0.12237596169306	0.0930968780435518	0.0674658983594621	0.0390683474310806	0.0213046314657283	0.0102531311044293	0.00362130684915811	0.00116890869206048	0.000641282713272704	5.45182710130973e-05	6.19105789470766e-05	
1.8239987159049e-06	0.000205199855539302	0.000987695304662506	0.00299956588830561	0.00978940110826162	0.0252888301966635	0.0552306811176005	0.0870147707416014	0.117682573151469	0.140840972847955	0.146644024762607	0.127347030347691	0.105253845901292	0.0763334342612623	0.0520861073313804	0.0287042677921955	0.0144752538094213	0.00580122791593555	0.00214411049054621	0.000763343462606202	0.000301871787482262	7.20479492782437e-05	3.19199775283358e-05	
8.42380530754672e-05	0.00065742306639332	0.00157854786415332	0.00643963290521479	0.0179152363747238	0.0400048345317417	0.0721132672186701	0.104121896125324	0.130651389058026	0.145634774933319	0.143368588179387	0.116124903057567	0.0869345864048939	0.0619424379408191	0.0378073201036861	0.0203535617588539	0.0091755383681441	0.00300143845631936	0.00119947662531372	0.000607978991762068	0.00019960756054839	5.9516015759841e-05	2.38064063039364e-05	
2.78352690817504e-05	0.000272067307476463	0.0014770650851445	0.00388526481666884	0.0119386367003533	0.0276969906482475	0.0561123108211853	0.0934573648979299	0.123792420725603	0.141767719169072	0.143748512833406	0.129551627689807	0.0985135068398439	0.0699904372382026	0.047645001548898	0.0265916610921303	0.0142031705269396	0.00600792856212877	0.00233636677905531	0.000677923488926501	0.000261292364606108	2.96310928934762e-05	1.52645023996696e-05	
5.95438584953534e-05	0.000137750717414623	0.000908266020630614	0.00276390149135148	0.00873339548408713	0.0210323127634482	0.0406053566366074	0.0748955094154837	0.112817837562577	0.138727414436808	0.145914447028628	0.134576229913946	0.111519425961656	0.0833596244648829	0.0568697171488979	0.034400353352808	0.0177760635466277	0.00922574320955617	0.00340733064882365	0.00155080646379689	0.000551891583964395	0.000146637860473631	7.99842875310717e-06	1.24420002826111e-05	
9.84627282768843e-05	0.000368787673182512	0.00179739234890894	0.00578155238127633	0.0143263269642867	0.03277555689624	0.0597811979154545	0.0936496910955679	0.127478799184371	0.146577883122951	0.144903121626533	0.122487633976444	0.0949878890844219	0.066243038237553	0.0423899947546219	0.0236811812663023	0.014047050862265	0.00546557653507869	0.00198626176405824	0.000911227794416984	0.000227359390748442	1.52169670973367e-05	7.16092569286432e-06	1.16365042509045e-05	
4.11633477971792e-05	0.000314094240800215	0.000733781417254065	0.00397405277320159	0.0115418447801743	0.0245038250593513	0.0437253187698602	0.078966513616567	0.116262296431585	0.141684243117891	0.146585366071916	0.132578194700845	0.107265420371741	0.0782497344516639	0.0512984799091543	0.0313262025290403	0.0175892774848121	0.00845727826154654	0.00282774302258883	0.00143266347441922	0.000481432198149618	0.000131543741873595	7.15884309516161e-06	2.237138467238e-05	
5.19503318999222e-05	0.000899278159095204	0.00195261592313501	0.00712077825179968	0.0192046045907971	0.0360777141137408	0.0635728751194634	0.0943507596840345	0.130305763531046	0.148379104859954	0.142080574964777	0.120098419008089	0.0938903722599559	0.0619812244334951	0.0377607257282227	0.0230641559728103	0.0117819769967513	0.00471762755373948	0.00147610598225986	0.000945854318729617	0.000231089407416895	4.12019873689038e-05	9.85264915343351e-06	5.37417226550919e-06	
3.45752956852691e-05	0.000335114404334146	0.00136262126841689	0.00387863893905262	0.0134985500539463	0.0281788659834943	0.0509169988997964	0.082040970838841	0.115708443375861	0.14334208354278	0.150770452838853	0.130831145780972	0.104844708162341	0.0733749832664434	0.0452714736966222	0.0281017364777348	0.015817754502989	0.00730247975793747	0.00275627164834619	0.00103371268638522	0.000446819205778862	8.51084201483546e-05	1.86174669074526e-05	4.78734863334495e-05	
0.000132007315478251	0.000714238256594246	0.00234465973584549	0.00737842213666516	0.0210241319863342	0.0391021404417961	0.0695818427871552	0.102312663260703	0.13290514006763	0.148673457612538	0.139661117114093	0.116218016638167	0.0911523626686809	0.0567474096842665	0.0346724644979001	0.020338743010606	0.0105981767254493	0.00433088901244541	0.001401375673587	0.000510544849266879	0.000117145564729044	7.34345331137291e-05	6.99376505845039e-06	2.6226618969189e-06	
2.45488276181325e-05	0.000207788290910621	0.00144136687872178	0.00390764731050059	0.0132186669285208	0.0322291036872339	0.0556741108063939	0.0876147657691148	0.119826334579479	0.142982016230282	0.145284345563325	0.133103743345514	0.10000140279015	0.0724988251632497	0.0430489994599258	0.0238728581147903	0.0142541014076999	0.00710863908313636	0.00259779200830452	0.000736464828543974	0.000256009202303381	5.26046306102839e-05	5.78650936713122e-05	
9.63059658043781e-06	0.000136579369686209	0.000158467089187204	0.00102346976386653	0.00278761995564673	0.00797938702128274	0.0220715763448034	0.0440626058818431	0.072173441791361	0.106046876491101	0.134118314505517	0.148776082500943	0.14121343765896	0.11307458546848	0.0837021414069251	0.0566734343495364	0.0318124870315262	0.0180109666229788	0.00980219630132561	0.00416216874030921	0.0015067506104485	0.000398356494918109	0.000281913827172816	1.48836492606766e-05	2.6265263401194e-06	
7.04339251522155e-05	0.000183476027248364	0.000333039423867883	0.00201736674510049	0.00617905521150177	0.0139720038190839	0.0337161112821235	0.0590375421516608	0.0913719311243167	0.122219381677093	0.142740870980701	0.1464747385684	0.128864518171083	0.0972214251304767	0.0675078738171883	0.041147325162998	0.0246875255431673	0.0123224586831117	0.00630774929696508	0.00238518835422873	0.000911293253821258	0.00019391068282647	0.000134780967883869	
1.54072653815866e-05	5.39254288355531e-05	0.000160064368130928	0.000870510494059643	0.00450405724655048	0.0102167288663677	0.0234207552983874	0.046099393980895	0.0768420241722875	0.111638477077413	0.134013250248228	0.146867189372411	0.139636902112507	0.114478549662752	0.0761367138014859	0.0549046461464717	0.0288030266716883	0.0171003526551854	0.00824031910158524	0.00409747663231417	0.00143373163967542	0.000358646899715822	7.10446125928716e-05	3.68062450782347e-05	
3.50230383254546e-05	5.55243290525499e-05	0.000428818664375078	0.00214580176276931	0.00862335541208449	0.0160345720099295	0.0367878577688787	0.0591513490703519	0.0985625178318518	0.124585489528112	0.144471741533394	0.146574832273815	0.126196549291082	0.09540788172122	0.0605232271081734	0.0391301302344493	0.0212726517907023	0.010765740293066	0.00549434591486156	0.00278048755486231	0.000791008133887096	9.4818469612816e-05	8.6276265143193e-05	
0.000256084117696939	0.000297634189773594	0.0013236665818706	0.00477317052488764	0.0136538624607818	0.0249902484524718	0.0527007546849826	0.0771160858136182	0.115346391927415	0.135093699652336	0.149147799542101	0.135873823454592	0.111394047316205	0.0743983719155431	0.0463325701687442	0.028683965064021	0.0148045450691088	0.00782074111761214	0.00395912829644704	0.00157720681760366	0.000370558806071398	6.69888917154244e-05	1.86551344017638e-05	
1.68920345611027e-05	9.29061900860649e-05	0.000555747937060279	0.00263769119671619	0.00787591111411414	0.0194596238143903	0.0391768511558375	0.0672446557825657	0.0988564092602133	0.127290771036918	0.143083978749821	0.143382123159824	0.124248515612463	0.0926705462039375	0.056832405679102	0.0351193844542606	0.0202797320923319	0.0112627640436152	0.00560562166910194	0.00309799913850624	0.000945109333693697	0.000229731670030997	3.29394673941503e-05	1.68920345611027e-06	
2.78776963223405e-05	0.000462093936009705	0.00167266177934043	0.00610437071591614	0.0137935462288235	0.0274722025576519	0.0545380665719388	0.0823371984773709	0.115346925259051	0.138359541183805	0.143989991062242	0.133698897225916	0.1102081365703	0.0733935266299582	0.0440889991231197	0.0246430387702726	0.0151240726442079	0.00810818573641892	0.00404986897482728	0.00198438511094478	0.00050940154189004	5.66001713211156e-05	3.04120323516442e-05	
1.50343534977423e-05	0.000114428134955039	0.00140738253576088	0.00308705391820309	0.00839501594476713	0.0226751460420394	0.0403664038995772	0.0730586055804179	0.102350537645186	0.131187262895717	0.139101179528556	0.138651819407346	0.120611430451916	0.0921814679876852	0.0570386666867125	0.0307285480656634	0.0178265670390175	0.0107629266206615	0.00542489588710203	0.00340277534165568	0.00123281698681487	0.000330755776950332	4.92792697981554e-05	
0.000104629695257575	0.000464083325739243	0.001984589058434	0.0064321948947459	0.0169795432070014	0.0337059500545087	0.0566139468008627	0.0867818943375084	0.122042945427176	0.138744882426599	0.136571284886409	0.128100498509871	0.102651856502061	0.0756033927022475	0.042753043542829	0.0221798078188759	0.014323299008043	0.0078126318418539	0.00372447963602367	0.00152388088415468	0.000771222108592123	0.000129943331206988	
1.93856109881014e-05	0.000343883881875887	0.00154326320518321	0.00359645226461865	0.0115504527383018	0.0248919673613739	0.0455199431580172	0.0733374520732911	0.10515682537863	0.137040255485496	0.138242163366758	0.131554970428515	0.114466132916177	0.0857560430427992	0.0590527853330153	0.0324287557724871	0.0159105295053214	0.0104690727862264	0.00525855769368543	0.00262127174665198	0.000881623873632788	0.00030848407050631	4.97283064477385e-05	
0.000325006806425265	0.00123791859515383	0.00286635583991288	0.00801711815954261	0.0171479376531446	0.0359966308194936	0.0634001497413558	0.0903578478083311	0.121274332970324	0.141318404573918	0.135445310372992	0.124755819493602	0.0992929825755513	0.0670407364552137	0.0441541315001361	0.0223786754696433	0.0113548189490879	0.007972025592159	0.00339725701061802	0.00148380070786823	0.000664477266539613	0.000118261638987204	
0.000127535080706596	0.000885898043834406	0.00320292800002739	0.00575705337471519	0.0132165716858426	0.0266265858430925	0.0500553793269914	0.0809762168472986	0.106144280693585	0.134382601818359	0.139575590641493	0.128094009617343	0.113081675519941	0.0814803655891522	0.0530648648556115	0.0309662023476726	0.015027741019904	0.00890263338543156	0.00518442942174396	0.00218093547409668	0.000784041167296924	0.000237095418494812	4.53648273654334e-05	
0.000290081291828686	0.00137529612465208	0.00581457589424465	0.0108236582013579	0.0197281178558849	0.0397238702369688	0.0681440668015775	0.0979438761767286	0.118867716024229	0.138532810266115	0.135194285398551	0.120846484836346	0.0956370392369481	0.0664130757595641	0.0402496425784083	0.0191211918197076	0.00957958932777114	0.00578781244172474	0.00380559028089538	0.00148493994626589	0.000499008888919585	0.000134680599777604	2.5900115341847e-06	
0.000584718142256942	0.00357735628738066	0.00924011988032943	0.0165547777765153	0.0304883751215978	0.0552178446537621	0.0847631541916599	0.112607624409928	0.128276147782485	0.139879612740038	0.13012731822389	0.106078708830468	0.0766417775431525	0.0505007686989628	0.0272781064571587	0.0125220580330571	0.00723687028084825	0.00455625661522487	0.00253814870719605	0.000988514527492678	0.000290174025753819	5.15670708417931e-05	
0.000132981959649971	0.00175744785890353	0.00809017046027403	0.0120422552349696	0.0229476450894021	0.0455145967256886	0.0730974888138705	0.10245608118679	0.121608090865791	0.134675958600022	0.137518122051364	0.115092844006077	0.0907753978159669	0.0609952613225882	0.0364848609165151	0.0188312884821978	0.00807017970816979	0.00447358265567581	0.00314550138544604	0.00155667117472613	0.000558002732648896	0.000156449364294083	1.91215889692768e-05	
0.000213630501532624	0.00469549335950599	0.0113145367676479	0.0172051351869573	0.0354556589756768	0.0623617202158369	0.0946470675273758	0.116046014609174	0.127291384124277	0.13369066828699	0.127519898718129	0.0981351983392855	0.0737611838631924	0.0481903132576112	0.0240903411871727	0.0121112734741835	0.00593962837048082	0.00358794178393726	0.0020216099509788	0.00114344850410495	0.000473664349709629	0.000104188646239271	
