# <P(U)> as a function of N_tot.
# number_of_species: 1
# species_total_upper_bound: 222
# species_total_lower_bound: 183
# volume: 729
# Bin widths for each
10	10	10	10	10	10	10	10	10	10	10	10	10	10	10	10	10	10	10	10	10	10	10	10	10	10	10	10	10	10	10	10	10	10	10	10	10	10	10	10	
# Bin lower bound for each
-770	-770	-780	-790	-810	-810	-820	-830	-830	-830	-830	-840	-840	-840	-850	-860	-870	-880	-880	-890	-890	-900	-900	-910	-920	-920	-930	-930	-960	-960	-960	-960	-970	-980	-990	-990	-990	-990	-1000	-1000	
# Bin upper bound for each
-570	-570	-570	-580	-580	-580	-590	-590	-600	-610	-610	-610	-620	-620	-630	-630	-630	-640	-640	-650	-650	-660	-660	-660	-660	-690	-690	-700	-700	-710	-720	-710	-720	-720	-720	-740	-750	-750	-760	-760	
# Normalized histogram for each
4.22558259210693e-05	0.000256226409406739	0.00151421195306966	0.00485403707316233	0.0146571195414624	0.0326303794088706	0.0607307727917697	0.0901645124269809	0.123651043315182	0.145300021746947	0.150555354593666	0.130128834514343	0.102186967764995	0.0666670434702099	0.038410276616864	0.0213755267175244	0.0107036429366561	0.00468420633331396	0.0012103468099812	0.000251381792422158	2.58379572510997e-05	
0.000240126576015523	0.000836543984304918	0.00291405565988827	0.00862438933095842	0.0227316239978144	0.0473767314389955	0.0771516201686963	0.10849580195285	0.136710809084045	0.149609612807324	0.141385882600961	0.115800974058801	0.0843118558530651	0.0508420295186282	0.0283193398428341	0.0143312273183912	0.00669611645681809	0.00269033190709441	0.000746731804697769	0.000173708586904846	1.04870509122121e-05	
1.60855407610284e-05	0.000441548093890229	0.00176726474494498	0.00535541270403838	0.0147863652522293	0.0343126031820417	0.0628464758456839	0.0964336211394032	0.125199125590004	0.144519200505729	0.148630664724248	0.126774704307547	0.0990040905530155	0.0664834166117524	0.0385085164895559	0.0195873629847043	0.00926714812477447	0.00419055146059391	0.00138067558198827	0.000408840827676138	8.49852736874333e-05	1.3404617300857e-06	
9.07717925052935e-06	0.000121474016440907	0.000791583425818221	0.00343277561186195	0.00973020220484684	0.0237151986954492	0.0478727763914315	0.0799600710903321	0.114275813295238	0.137737117947532	0.148041585227905	0.140468547974361	0.110930872741418	0.0812359487267521	0.0501524832626159	0.0281317803525523	0.014142512248185	0.00588788562326983	0.00245964860103314	0.000663435012869571	0.000214114639968369	2.50957308691105e-05	
1.26240955305598e-05	0	7.81619531785727e-05	0.00032795788601731	0.00188072163627617	0.00598838744369855	0.0156487751001265	0.0361264010395808	0.0650036166690706	0.0991198319437427	0.128176202290656	0.143939400043889	0.145276748376796	0.127502559065323	0.0936879790944978	0.0643087542193353	0.0377643102852267	0.0199326410494223	0.00936815327478439	0.00390487448560168	0.00148668869705636	0.00031667677937298	0.00013080711751878	1.7727453298233e-05	
7.27202014834382e-06	3.58214325825825e-05	0.000298422160161665	0.000807194236466164	0.00373997302888527	0.0101829828803179	0.0245131719178283	0.0516862872054731	0.0840036834128722	0.116749859474944	0.136673578676929	0.145440941635036	0.138405396808553	0.110005195454395	0.0775272761355731	0.0497583938639233	0.0274257506542798	0.0132458500331685	0.00619414516191153	0.00236556122084829	0.000743900727767616	0.000148941746001264	3.98614437761069e-05	5.3866815913658e-07	
3.20389764828573e-06	2.61651641276668e-05	9.53159550365004e-05	0.000435196097225478	0.00200911081694584	0.00674046666905179	0.0169937401179782	0.0370805764239056	0.0670525049406772	0.100693430247677	0.131639076658057	0.143362138153135	0.142492012950154	0.126272281105708	0.0930494644418089	0.0620811237564205	0.0361618587732596	0.0194591393583341	0.0085541397294522	0.00380996828675311	0.00151437562175639	0.000338011201894144	0.000128155905931429	8.54372706209527e-06	
2.41017995742551e-06	1.87458441133095e-05	2.86543617160588e-05	0.000308503034550465	0.00115902876174862	0.00422772344309739	0.011645453958734	0.0268070926775787	0.0519313441493283	0.0849483993861004	0.117909752686079	0.141441143003743	0.14572858535023	0.134458851667081	0.107998557105599	0.0766257801953371	0.0476888918287133	0.0252969810353651	0.0126866517003418	0.00564865842688625	0.00234001694088712	0.000843295187325881	0.000171122776977211	8.38207029637983e-05	5.35595546094558e-07	
1.87535531285481e-05	3.05415008093498e-05	0.00013850838524942	0.00069388146575628	0.00212745664848286	0.00809537306979054	0.0192218561409581	0.0405090142971731	0.0702754575465102	0.103738226117484	0.132472152313144	0.146534102264733	0.140145570437542	0.120403169243316	0.0903990916850496	0.0599042068506194	0.0337695231185766	0.0176781708105768	0.00837372937979857	0.00361354177996938	0.00127631324434862	0.000470446275624721	9.85901078757958e-05	1.23237634844745e-05	
6.80148664905807e-05	4.81211901257469e-05	0.000343300334025579	0.00168773648943821	0.00502745461755079	0.01393820862821	0.0303295226189756	0.0553705533264781	0.0893798684060192	0.118841327768481	0.142215859830232	0.14593194480849	0.129918073001727	0.103338239544058	0.0727772513122433	0.0461863956825346	0.0243463650355196	0.0118587817811561	0.00511670732772816	0.00223615675679309	0.000786606716804108	0.00019813026325517	5.53796936642673e-05	
0.000132541984935991	0.000192691560429031	0.000657386953397386	0.00322918052857105	0.00922258004418066	0.0224057168711575	0.041959385729114	0.0715609613286136	0.106490032736273	0.134249061826311	0.147872674526921	0.140422643919836	0.115543342293668	0.0844968461395151	0.0581843344955154	0.033885769036276	0.0165877092593085	0.0077696750326032	0.00333324461714529	0.00129108668458734	0.000360897452958241	0.000140792590423975	1.14443882575254e-05	
6.90744423235048e-06	0.00017481147326487	0.000519386672086354	0.0014407334643091	0.00564710133087853	0.0156504089339821	0.0330266162423238	0.0570249372020334	0.0911134401596151	0.121715543476384	0.143008005993536	0.145323859507898	0.128488026875271	0.0994897789750681	0.069472683050593	0.0443460576426221	0.024261600853335	0.0116807538678367	0.00463330105431509	0.00201484834839023	0.000713592123388208	0.000174280131400843	7.04027969835722e-05	2.92238025214828e-06	
3.38392029810223e-05	0.000261196348009766	0.0011740617221775	0.00323032204082118	0.0094710113030869	0.0240464548808424	0.0465852146476163	0.0771732104547275	0.10925065993055	0.135823951546491	0.14390226815189	0.13774802747849	0.112995179235419	0.0822932404870202	0.0551317283505107	0.032188219991831	0.016982521258554	0.00731640580077962	0.00274176854778267	0.00115899270210001	0.000311162046161432	0.000139586712296717	4.09771598598317e-05	
8.66852280203544e-05	0.000689266129183122	0.00220507195532628	0.00597732851936097	0.0159029188681597	0.0364573301845605	0.0632546588040442	0.0951537687917897	0.125603997111195	0.142673082603118	0.139960546364609	0.126949594252532	0.095377727587587	0.0670767132650268	0.0414618870873526	0.0228643486843475	0.0111378661364025	0.00468627193182378	0.0016533428748563	0.000582292869072898	0.00017099912761462	5.9019729715986e-05	1.52818943014607e-05	
2.35595556772508e-06	0.000250254835860576	0.0012630539571415	0.00387371449902175	0.0101015521558826	0.0246961733522578	0.0513498840084542	0.0807621568616159	0.112799749535746	0.136397785820603	0.146130238270875	0.133505195929118	0.110160817527053	0.0798540668766783	0.0515079948043327	0.0305986273679317	0.0157987762643236	0.00669693458767898	0.0028428530517216	0.000967250646971576	0.00031595981891602	8.08878078252279e-05	4.37160644233432e-05	
5.77324478925295e-06	0.000175034285201442	0.000605665862436173	0.00240035773124076	0.00710896369731192	0.0171431255612512	0.0372266696617561	0.0680460872883122	0.0987138260290415	0.126557135966738	0.143489538093181	0.141775146810991	0.12245445828332	0.092061473510516	0.0644435825398183	0.0387124929343356	0.0220656040047425	0.0104506227494186	0.00412865728496894	0.00172698745263971	0.000483378040991088	0.000136720933418218	6.9803777906422e-05	1.88942556739187e-05	
1.27476391502372e-05	0.000129037326908523	0.000411566635421943	0.00126539830258681	0.00486725675228137	0.0124050138285869	0.0269105264020517	0.0541345406648388	0.0875216482229141	0.115904136712967	0.137208043292023	0.143538676987572	0.132044208812573	0.105006986486722	0.0746475733047786	0.0502397466705898	0.0276017606310758	0.0152511193858031	0.00678590652234258	0.00291270546787868	0.000889473025605324	0.000226075477990941	4.37061913722417e-05	4.0844476460964e-05	1.30077950512624e-06	
3.19914056636656e-05	9.52002313701016e-05	0.000242257499340177	0.000931620692350777	0.00268340814764343	0.00865290124640064	0.0203473079877122	0.0400896172150914	0.0721661612970554	0.107320072207699	0.130430250866799	0.141445614223379	0.136190767847915	0.118478364908937	0.087159810745036	0.0610442459199993	0.0364542067537469	0.0194716722552728	0.0100120199966925	0.00417978034804069	0.00185266358121599	0.000576361292359911	0.000114291876685515	1.44477315900425e-05	1.49637220039726e-05	
5.61178837609844e-05	0.000106287789058823	0.000415841276901672	0.00176991150442478	0.00527171917266206	0.0138766337545192	0.0305899360204404	0.0570871456427179	0.0917656703371728	0.121449961984659	0.13810714636682	0.14067615584738	0.127945413074174	0.101598971775549	0.0713928096698613	0.0473298748855661	0.0257930206937929	0.014185152811325	0.00627020373119275	0.00276270669225159	0.00115364921409102	0.000331017931862028	4.81010432237009e-05	1.08615258892228e-05	5.6893707038786e-06	
2.32303086352994e-06	0.000158740442341212	0.000308188761228305	0.00097051067187473	0.00366083852638279	0.00989172353145087	0.0228823702348507	0.0419993655544597	0.0756048462553646	0.110041713890873	0.136108185096002	0.141548723378389	0.133846069264004	0.113973830799208	0.085086942011213	0.0556538828557483	0.0345127533103835	0.0183552993109116	0.00921985138280993	0.00360998996192552	0.00172136586987568	0.000607859742623667	0.000196425165238476	2.55533394988293e-05	1.26476124792186e-05	
1.25032690838959e-05	0.000125553660384121	0.000669445865533593	0.00217426639673498	0.00659182765493895	0.0158471121095203	0.0330906830848482	0.060581204043974	0.0924481296672359	0.125730008575159	0.142122836283237	0.142176235661616	0.124714638931637	0.0985775968508433	0.0671204137748515	0.0417314839609106	0.0243576705992921	0.0125931363304364	0.00546575198307057	0.00226725946054646	0.0011325877911829	0.000377702920242688	6.69445865533593e-05	1.79734493081003e-05	7.03308885969144e-06	
3.46651655442741e-05	5.04455767248766e-05	0.000357258161318228	0.00137625881116073	0.00411998079446351	0.01138336775705	0.0245918306104794	0.0469226646026234	0.0779016813122679	0.110239106859771	0.139255143896654	0.145368889100444	0.133541600268215	0.111628300434194	0.0803546298174232	0.050498609254254	0.0315207245950902	0.0165528752426562	0.00868440005463644	0.0034233144451297	0.00129658066946196	0.000644927296282652	0.000199454049512204	2.43173549340431e-05	2.8973869708647e-05	
3.62448206536869e-05	0.000148578059133553	0.000890954243870063	0.00273275665510174	0.0071888131517802	0.0176373466632016	0.0358116821941021	0.0639230108598223	0.0966752189020081	0.12752341711028	0.146900772220324	0.140305757194147	0.121306016563112	0.0953773458560474	0.0624757885883311	0.0386778506358653	0.0221496983068528	0.011483181760578	0.00551075507215418	0.00197290069870246	0.00090920518192972	0.000259111909354017	9.15117457639187e-05	5.91227570946666e-06	6.16933117509564e-06	
3.67942010280763e-05	0.00010343544624676	0.000384152042901524	0.00188602443032027	0.00466128493583657	0.0129500149492523	0.0269364427778129	0.0508421240597538	0.0822808390724568	0.114110395982794	0.140490037005189	0.145477323708176	0.132747044756672	0.106827717200285	0.0769729539465254	0.0474490811999129	0.0274461582479991	0.0151401704677907	0.00783767942319043	0.0036050597944362	0.00113264386661253	0.000529013128068006	0.000114756738870783	3.11335547160646e-05	0	7.71906315274328e-06	
2.85445818361484e-06	9.96465402280089e-05	0.000277660932406171	0.00117915072603144	0.0032138604185518	0.00833761285814043	0.0208793236283485	0.03871294037478	0.0663710831968167	0.0989682171651026	0.127495153259752	0.146526085466111	0.139375408219957	0.120806638743146	0.0906098446110814	0.061059196013308	0.0361973842264198	0.0207031257095599	0.0108158015539151	0.00532538098583125	0.00199007634637656	0.000682734498280967	0.000338642539056124	2.80255894391275e-05	2.5949619851044e-06	0	1.55697719106264e-06	
2.39428826918463e-05	0.000125439885407281	0.000564739733057678	0.00217593958898398	0.00574785333839257	0.0143917544875989	0.0311837829650554	0.0537871654697828	0.0841673003723118	0.116527407573967	0.137752512831563	0.144817224718007	0.130176672449393	0.104276979594938	0.0737995116692926	0.04638074700753	0.0275803791199325	0.0145302068092517	0.00718859027950193	0.00299416158010534	0.00119402114989338	0.000450750791546497	0.000143397047426166	1.95186543683529e-05	
4.6386121684713e-06	2.1131455434147e-05	0.000156939711699946	0.00115552983130141	0.0040067301108551	0.00953389421026468	0.0227740395431379	0.0447868312892945	0.0703010021206189	0.101875262049375	0.130106113407367	0.143292141598275	0.138970758961992	0.117669221081668	0.0867845681619577	0.0583179206854013	0.0341566784032145	0.0191273172766914	0.00938983953236605	0.00482879526737862	0.00185492946603647	0.000642963186685328	0.000209252948933261	2.91201763909587e-05	4.38091149244512e-06	
1.05257239708473e-05	4.21028958833894e-05	0.000544256946785277	0.00248689483184386	0.00693029069739083	0.0151285460458064	0.0335082571737302	0.058416997863278	0.0884001644066739	0.117252200710666	0.140301225682048	0.143634029306183	0.128973749614592	0.102588840319376	0.0708340147242042	0.0425375312658929	0.0245932256953974	0.0126257342655188	0.00636421212773916	0.00304860907692225	0.00129209679866524	0.000386627812197466	9.78122154364106e-05	2.05379979918972e-06	
7.69575104758411e-07	8.20880111742305e-06	0	8.10619110345526e-05	0.000280381863166981	0.00119771538803901	0.0043873476722277	0.0112204050273776	0.0240851355285891	0.0488816149790098	0.0745489969229822	0.105133707261326	0.129418162742047	0.144895344198879	0.136829171000871	0.113727295931128	0.0847381713099836	0.0552829407003903	0.0321777308051936	0.0174880812055651	0.0087839302457125	0.0040961917575941	0.00185441947743285	0.000637464711774884	0.000217276704576791	2.82177538411417e-05	2.5652503491947e-07	
5.14849813161003e-07	1.69900438343131e-05	2.90890144435967e-05	0.00010245511281904	0.000671621581268528	0.00250242751686905	0.00741152048535922	0.0175741409473443	0.0367250094474941	0.0630768248594203	0.0943688816535329	0.120517846239074	0.137713315148838	0.142601556699895	0.125360266156759	0.0970347739860805	0.0672090094598505	0.0419736458677639	0.0225627782119678	0.0121241982501285	0.00571740717515294	0.00295498050263758	0.00115841207961226	0.000454354960114585	0.00012330653025206	1.46732196750886e-05	
9.59594833126459e-06	1.91918966625292e-05	7.96204361540062e-05	0.000385912732889776	0.00157918187538027	0.00535168631934175	0.0127895836758914	0.0266269411695749	0.0510540760216962	0.0791310427891117	0.111171136217339	0.133535660878149	0.139387114560581	0.134441310920656	0.110833981275971	0.0800584782278306	0.0530964569165261	0.0298187610645174	0.0160379418610019	0.00802636240421558	0.00367991651006252	0.00191633681674903	0.000746927870109243	0.000148088824247353	7.46927870109243e-05	
1.15863905741366e-05	3.65614991450531e-05	0.000152425404886419	0.00115142974772308	0.00283969559204782	0.00869468496217816	0.019881216323834	0.0391831131189611	0.0675831587435924	0.0969981721825181	0.126600885148745	0.136798968656754	0.137919758838292	0.12282346434623	0.0947635436537863	0.0642522001912012	0.039051285741762	0.0206466905277652	0.0109408998814841	0.00528339410180627	0.00279772711063484	0.00109427022089067	0.000378488758755127	8.67691916329782e-05	2.83222880701116e-05	1.28737673045962e-06	
1.29821573229753e-06	4.56971937768731e-05	9.60679641900172e-05	0.000603670315518352	0.00208727125438797	0.00601852813493135	0.0155928691606256	0.0301071806908585	0.0540696466776063	0.0824590283114887	0.114828739380595	0.135562023554826	0.136809349230418	0.131068119975905	0.106113038240243	0.0780245830131068	0.0499610535280311	0.028725359865401	0.01420871154685	0.0076436345886214	0.00345714849510832	0.00162692395571526	0.000675331823941175	0.000176038053299545	2.41468126207341e-05	1.45400162017323e-05	
1.41982053984675e-05	5.00809426782307e-05	6.22139545641938e-05	0.000316749054980356	0.00156438408572205	0.00400802430939284	0.0111187437221344	0.0234100010609932	0.0427185278061527	0.0692219305996883	0.100496188556298	0.12887427076081	0.137696777446228	0.13379769209462	0.118965472287814	0.0900099103473681	0.0625221846959351	0.0372191756315426	0.0196547048076931	0.00976939791090187	0.00507366416184509	0.00213850788219826	0.000904812907665973	0.000307971982552213	7.61540107735983e-05	6.71187891563917e-06	1.54889513437827e-06	
7.48693723080911e-06	6.17026895918406e-05	2.37516629391185e-05	0.000270046080807804	0.000961684178784963	0.00266147710042797	0.00734829980691447	0.0167092948776699	0.0330579259170143	0.0578794463693905	0.0862570038361517	0.116764465859953	0.136879026326395	0.137084013504369	0.12686615137606	0.103765077465274	0.0737558840226952	0.0472593549926125	0.0272299907084527	0.0132020520404098	0.00688126982586159	0.0030329840892257	0.0013946356869252	0.000476324110029062	0.000146640701624123	2.01372794483831e-05	0	3.87255374007368e-06	
1.69024822985504e-05	4.42064921654394e-05	0.000103755237494178	0.00067349891004993	0.00235776626155317	0.00518230107273554	0.0125140778174683	0.0252551689741155	0.0471363424432512	0.0744814383440352	0.103805684902885	0.128757649348383	0.137576064420821	0.130171997059488	0.11439548012021	0.0878747052792173	0.0587543286607071	0.0361809335318985	0.0184497095243407	0.0088511798842778	0.00460995701828771	0.00185771282370529	0.000736688190027587	0.000147181615091992	5.1747599652485e-05	1.35219858388403e-05	
2.61177004618393e-05	7.49578003254788e-05	0.000383146665775182	0.00128681910175482	0.00425953576832137	0.00912970337344055	0.019376460795634	0.0367363739386093	0.0640079544068527	0.0903413870745067	0.116771716410874	0.135409307460443	0.135993821596779	0.121739303038716	0.0991333885809757	0.0713796753622068	0.0460575200564351	0.0247637588698975	0.0125487715408999	0.00571220226800887	0.00295234486020631	0.00137901458438511	0.0003933325689553	0.000118313183092132	2.50729924433657e-05	
4.22055077925523e-05	9.67318781083963e-05	0.000633082616888285	0.00256824447107848	0.0070456983412449	0.0141212813277591	0.0284273755933675	0.0517017470458766	0.0793513354242099	0.105073888474698	0.129533946335566	0.137510000870325	0.130458535316835	0.109170182044676	0.081952086000669	0.0560562544368212	0.0337987473615004	0.0169375159253702	0.00849274432270384	0.00401057182433701	0.00195167705289163	0.000778049361045312	0.000203687450651013	7.49737591842855e-05	9.43725640081915e-06	
3.09518507239454e-05	3.12141545436399e-05	0.000269123719006509	0.00162602137828591	0.00525184707792233	0.0108491482863823	0.0221709680558539	0.040170518467107	0.0691291224651942	0.093979524039227	0.117800120817139	0.135181158821553	0.136494251742943	0.118461388746589	0.0942806488242362	0.067814980328525	0.041696864393909	0.023791743357746	0.0113021469829946	0.00520751773239397	0.00256480674897236	0.00133774948044171	0.000427555226101958	0.000100986970582364	2.96403316254732e-05	
4.37507374650823e-05	0.00016731342630586	0.000593684249601935	0.00349740743736021	0.00899170459502064	0.0161941366057117	0.0326733158949081	0.0557906752594883	0.0863313415699621	0.105851329690974	0.129550706441832	0.135352054229702	0.12901535650885	0.103643110650918	0.0785911732224274	0.0541392837871699	0.0295890214816121	0.0153305235637495	0.00791994410511844	0.00382938273012556	0.00176912072949714	0.000814824340789078	0.000243678349881276	7.29178957751371e-05	4.2424957541898e-06	
