# <N_i^j*N_k^m*U^p> as a function of N_tot.
# number_of_species: 1
# max_order: 2
# species_total_upper_bound: 222
# species_total_lower_bound: 183
# volume: 729
#	N_tot	N_1^0*N_1^0*U^0	N_1^0*N_1^0*U^1	N_1^0*N_1^0*U^2	N_1^0*N_1^1*U^0	N_1^0*N_1^1*U^1	N_1^0*N_1^1*U^2	N_1^0*N_1^2*U^0	N_1^0*N_1^2*U^1	N_1^0*N_1^2*U^2	N_1^1*N_1^0*U^0	N_1^1*N_1^0*U^1	N_1^1*N_1^0*U^2	N_1^1*N_1^1*U^0	N_1^1*N_1^1*U^1	N_1^1*N_1^1*U^2	N_1^1*N_1^2*U^0	N_1^1*N_1^2*U^1	N_1^1*N_1^2*U^2	N_1^2*N_1^0*U^0	N_1^2*N_1^0*U^1	N_1^2*N_1^0*U^2	N_1^2*N_1^1*U^0	N_1^2*N_1^1*U^1	N_1^2*N_1^1*U^2	N_1^2*N_1^2*U^0	N_1^2*N_1^2*U^1	N_1^2*N_1^2*U^2	
183	1	-676.164598538896	457801.72391322	183	-123738.121532618	83777715.4761192	33489	-22644076.2404691	15331321931.9666	183	-123738.121532618	83777715.4761192	33489	-22644076.2404691	15331321931.9666	6128487	-4143865952.00584	2805631913576.25	33489	-22644076.2404691	15331321931.9666	6128487	-4143865952.00584	2805631913576.25	1121513121	-758327469216.931	513430640184785	
184	1	-681.128917522314	464549.564640753	184	-125327.720824106	85477119.8938986	33856	-23060300.6316355	15727790060.4773	184	-125327.720824106	85477119.8938986	33856	-23060300.6316355	15727790060.4773	6229504	-4243095316.22092	2893913371127.83	33856	-23060300.6316355	15727790060.4773	6229504	-4243095316.22092	2893913371127.83	1146228736	-780729538184.65	532480060285914	
185	1	-686.390208212525	471754.392643248	185	-126982.188519317	87274562.6390009	34225	-23491704.8760737	16145794088.03	185	-126982.188519317	87274562.6390009	34225	-23491704.8760737	16145794088.03	6331625	-4345965402.07363	2986971906321.59	34225	-23491704.8760737	16145794088.03	6331625	-4345965402.07363	2986971906321.59	1171350625	-804003599383.463	552589802669906	
186	1	-691.572016803274	478902.640575447	186	-128632.395125409	89075891.1470331	34596	-23925625.4933261	16568115753.3482	186	-128632.395125409	89075891.1470331	34596	-23925625.4933261	16568115753.3482	6434856	-4450166341.75865	3081669530118.34	34596	-23925625.4933261	16568115753.3482	6434856	-4450166341.75865	3081669530118.34	1196883216	-827730939567.043	573190532602641	
187	1	-696.889550501878	486305.148225845	187	-130318.345943851	90939062.7182331	34969	-24369530.6915002	17005604728.1019	187	-130318.345943851	90939062.7182331	34969	-24369530.6915002	17005604728.1019	6539203	-4557102239.31053	3180048084195.91	34969	-24369530.6915002	17005604728.1019	6539203	-4557102239.31053	3180048084195.91	1222830961	-852178118751.136	594668991744395	
188	1	-701.871610938073	493280.88285638	188	-131951.862856358	92736805.9769994	35344	-24806950.2169953	17434519523.6759	188	-131951.862856358	92736805.9769994	35344	-24806950.2169953	17434519523.6759	6644672	-4663706640.79511	3277689670490.13	35344	-24806950.2169953	17434519523.6759	6644672	-4663706640.79511	3277689670490.13	1249198336	-876776848469.48	616205658045962	
189	1	-706.876360889015	500335.281665842	189	-133599.632208024	94563368.2348442	35721	-25250330.4873165	17872476596.1601	189	-133599.632208024	94563368.2348442	35721	-25250330.4873165	17872476596.1601	6751269	-4772312462.10282	3377898076717.34	35721	-25250330.4873165	17872476596.1601	6751269	-4772312462.10282	3377898076717.34	1275989841	-901967055337.72	638422736500799	
190	1	-712.389630867567	508169.422491956	190	-135354.029864838	96552190.2734716	36100	-25717265.6743192	18344916151.9596	190	-135354.029864838	96552190.2734716	36100	-25717265.6743192	18344916151.9596	6859000	-4886280478.12064	3485534068871.34	36100	-25717265.6743192	18344916151.9596	6859000	-4886280478.12064	3485534068871.34	1303210000	-928393290842.984	662251473085536	
191	1	-718.230221762909	516537.03417596	191	-137181.972356716	98658573.5276084	36481	-26201756.7201327	18843787543.5289	191	-137181.972356716	98658573.5276084	36481	-26201756.7201327	18843787543.5289	6967871	-5004535533.54534	3599163420861.7	36481	-26201756.7201327	18843787543.5289	6967871	-5004535533.54534	3599163420861.7	1330863361	-955866286911.441	687440213384147	
192	1	-723.877550411741	524691.496460979	192	-138984.489679054	100740767.320508	36864	-26685022.0183784	19342227325.5375	192	-138984.489679054	100740767.320508	36864	-26685022.0183784	19342227325.5375	7077888	-5123524227.52866	3713707646503.21	36864	-26685022.0183784	19342227325.5375	7077888	-5123524227.52866	3713707646503.21	1358954496	-983716651685.502	713031868128616	
193	1	-729.451540605166	532800.01030783	193	-140784.147336797	102830401.989411	37249	-27171340.4360018	19846267583.6942	193	-140784.147336797	102830401.989411	37249	-27171340.4360018	19846267583.6942	7189057	-5244068704.14835	3830329643701.11	37249	-27171340.4360018	19846267583.6942	7189057	-5244068704.14835	3830329643701.11	1387488001	-1012105259907.57	739253621235034	
194	1	-734.8487729477	540719.230010187	194	-142560.661951854	104899530.621976	37636	-27656768.4186596	20350508940.6634	194	-142560.661951854	104899530.621976	37636	-27656768.4186596	20350508940.6634	7301384	-5365413073.21997	3947998734492.22	37636	-27656768.4186596	20350508940.6634	7301384	-5365413073.21997	3947998734492.22	1416468496	-1040890136204.59	765911754491853	
195	1	-740.390487443052	548903.116646265	195	-144376.145051395	107036107.746022	38025	-28153348.2850221	20872041010.1928	195	-144376.145051395	107036107.746022	38025	-28153348.2850221	20872041010.1928	7414875	-5489902915.5793	4070047997043.54	38025	-28153348.2850221	20872041010.1928	7414875	-5489902915.5793	4070047997043.54	1445900625	-1070531068538.37	793659359423169	
196	1	-745.79041608711	556922.989215491	196	-146174.921553074	109156905.886236	38416	-28650284.6244024	21394753553.7023	196	-146174.921553074	109156905.886236	38416	-28650284.6244024	21394753553.7023	7529536	-5615455786.38288	4193371696471.06	38416	-28650284.6244024	21394753553.7023	7529536	-5615455786.38288	4193371696471.06	1475789056	-1100629334131.04	821900852519699	
197	1	-751.31599109061	565194.326292572	197	-148009.25024485	111343282.279637	38809	-29157822.2982355	21934626608.7917	197	-148009.25024485	111343282.279637	38809	-29157822.2982355	21934626608.7917	7645373	-5744090992.75239	4321121441981.37	38809	-29157822.2982355	21934626608.7917	7645373	-5744090992.75239	4321121441981.37	1506138481	-1131585925572.55	851260924070796	
198	1	-756.889510337645	573602.791617352	198	-149864.123046854	113573352.740236	39204	-29673096.3632771	22487523842.5667	198	-149864.123046854	113573352.740236	39204	-29673096.3632771	22487523842.5667	7762392	-5875273079.92886	4452529720842.17	39204	-29673096.3632771	22487523842.5667	7762392	-5875273079.92886	4452529720842.17	1536953616	-1163304069826.22	881600884724272	
199	1	-762.642313446648	582348.879033378	199	-151765.820375883	115887426.927642	39601	-30201398.2548007	23061597958.288	199	-151765.820375883	115887426.927642	39601	-30201398.2548007	23061597958.288	7880599	-6010078252.70534	4589257993767.8	39601	-30201398.2548007	23061597958.288	7880599	-6010078252.70534	4589257993767.8	1568239201	-1196005572288.43	913262340758386	
200	1	-768.400290709834	591171.528026215	200	-153680.058141967	118234305.605243	40000	-30736011.6283934	23646861121.0486	200	-153680.058141967	118234305.605243	40000	-30736011.6283934	23646861121.0486	8000000	-6147202325.67867	4729372224191.71	40000	-30736011.6283934	23646861121.0486	8000000	-6147202325.67867	4729372224191.71	1600000000	-1229440465135.73	945874444839277	
201	1	-774.056070418324	599895.836869121	201	-155585.270154083	120579063.210693	40401	-31272639.3009707	24236391705.0287	201	-155585.270154083	120579063.210693	40401	-31272639.3009707	24236391705.0287	8120601	-6285800499.49511	4871514732784.27	40401	-31272639.3009707	24236391705.0287	8120601	-6285800499.49511	4871514732784.27	1632240801	-1263445900398.57	979174461285703	
202	1	-779.971223714382	609092.243372759	202	-157554.187190305	123036633.161297	40804	-31825945.8124417	24853399898.5821	202	-157554.187190305	123036633.161297	40804	-31825945.8124417	24853399898.5821	8242408	-6428841054.11322	5020386779501.76	40804	-31825945.8124417	24853399898.5821	8242408	-6428841054.11322	5020386779501.76	1664966416	-1298625892931.22	1.01411812946027e+15	
203	1	-785.61794055333	617932.40575782	203	-159480.441932326	125440278.368837	41209	-32374529.7122622	25464376508.542	203	-159480.441932326	125440278.368837	41209	-32374529.7122622	25464376508.542	8365427	-6572029531.58922	5169268431302.23	41209	-32374529.7122622	25464376508.542	8365427	-6572029531.58922	5169268431302.23	1698181681	-1334121994912.64	1.04936149155625e+15	
204	1	-791.439608403862	627106.978745926	204	-161453.680114388	127929823.664169	41616	-32936550.7433351	26097684027.4905	204	-161453.680114388	127929823.664169	41616	-32936550.7433351	26097684027.4905	8489664	-6719056351.64037	5323927541620.46	41616	-32936550.7433351	26097684027.4905	8489664	-6719056351.64037	5323927541620.46	1731891456	-1370687495734.63	1.08608121848875e+15	
205	1	-796.958274173184	635870.133819564	205	-163376.446205503	130353377.433011	42025	-33492171.4721281	26722442373.4248	205	-163376.446205503	130353377.433011	42025	-33492171.4721281	26722442373.4248	8615125	-6865895151.78625	5478100686616.37	42025	-33492171.4721281	26722442373.4248	8615125	-6865895151.78625	5478100686616.37	1766100625	-1407508506116.24	1.12301064075751e+15	
206	1	-802.45473647412	644655.850659266	206	-165305.675713669	132799105.235809	42436	-34052969.1970158	27356615678.5766	206	-165305.675713669	132799105.235809	42436	-34052969.1970158	27356615678.5766	8741816	-7014911654.58525	5635462829784.21	42436	-34052969.1970158	27356615678.5766	8741816	-7014911654.58525	5635462829784.21	1800814096	-1445071800844.63	1.16090534293454e+15	
207	1	-807.980340366393	653561.675704519	207	-167251.930455843	135287266.870836	42849	-34621149.6043596	28004464241.9124	207	-167251.930455843	135287266.870836	42849	-34621149.6043596	28004464241.9124	8869743	-7166577968.10243	5796924098139.41	42849	-34621149.6043596	28004464241.9124	8869743	-7166577968.10243	5796924098139.41	1836036801	-1483481639396.86	1.19996328831846e+15	
208	1	-813.534035251483	662572.276834871	208	-169215.079332308	137815033.581653	43264	-35196736.5011201	28665526984.9838	208	-169215.079332308	137815033.581653	43264	-35196736.5011201	28665526984.9838	8998912	-7320921192.23299	5962429612876.64	43264	-35196736.5011201	28665526984.9838	8998912	-7320921192.23299	5962429612876.64	1871773696	-1522751607984.46	1.24018535945983e+15	
209	1	-819.20757930594	671835.45643552	209	-171214.384074941	140413610.395024	43681	-35783806.2716628	29346444572.1989	209	-171214.384074941	140413610.395024	43681	-35783806.2716628	29346444572.1989	9129329	-7478815510.77752	6133406915678.69	43681	-35783806.2716628	29346444572.1989	9129329	-7478815510.77752	6133406915678.69	1908029761	-1563072441752.19	1.2818820453742e+15	
210	1	-824.958523849414	681291.906414076	210	-173241.290008377	143071300.346956	44100	-36380670.9017592	30044973072.8608	210	-173241.290008377	143071300.346956	44100	-36380670.9017592	30044973072.8608	9261000	-7639940889.36943	6309444345303.9	44100	-36380670.9017592	30044973072.8608	9261000	-7639940889.36943	6309444345303.9	1944810000	-1604387586767.25	1.32498331251374e+15	
211	1	-830.55304756448	690564.802445513	211	-175246.693036105	145709173.316003	44521	-36977052.2306182	30744635569.3084	211	-175246.693036105	145709173.316003	44521	-36977052.2306182	30744635569.3084	9393931	-7802158020.66044	6487118105201.17	44521	-36977052.2306182	30744635569.3084	9393931	-7802158020.66044	6487118105201.17	1982119441	-1646255342360.68	1.36878192019687e+15	
212	1	-835.893872019463	699467.758078347	212	-177209.500868126	148287164.71261	44944	-37568414.1840427	31436878919.0732	212	-177209.500868126	148287164.71261	44944	-37568414.1840427	31436878919.0732	9528128	-7964503807.01706	6664618330808.55	44944	-37568414.1840427	31436878919.0732	9528128	-7964503807.01706	6664618330808.55	2019963136	-1688474807087.62	1.41289908614034e+15	
213	1	-841.339097461988	708611.21960347	213	-179205.227759403	150934189.775539	45369	-38170713.5127529	32148982421.8049	213	-179205.227759403	150934189.775539	45369	-38170713.5127529	32148982421.8049	9663597	-8130361978.21646	6847733255910.98	45369	-38170713.5127529	32148982421.8049	9663597	-8130361978.21646	6847733255910.98	2058346161	-1731767101359.27	1.45856718350836e+15	
214	1	-846.986500266315	718152.500115637	214	-181255.111056991	153684635.024746	45796	-38788593.7661962	32888511895.2194	214	-181255.111056991	153684635.024746	45796	-38788593.7661962	32888511895.2194	9800344	-8300759065.96598	7038141545598.62	45796	-38788593.7661962	32888511895.2194	9800344	-8300759065.96598	7038141545598.62	2097273616	-1776362440116.2	1.50616229075873e+15	
215	1	-852.533024652579	727596.296999786	215	-183294.600300305	156433203.854954	46225	-39408339.0645655	33633138828.3896	215	-183294.600300305	156433203.854954	46225	-39408339.0645655	33633138828.3896	9938375	-8472792898.88075	7231124848184.86	46225	-39408339.0645655	33633138828.3896	9938375	-8472792898.88075	7231124848184.86	2136750625	-1821650473260.48	1.55469184236394e+15	
216	1	-858.068029640132	737069.121617475	216	-185342.694402269	159206930.269375	46656	-40034021.99089	34388696938.1849	216	-185342.694402269	159206930.269375	46656	-40034021.99089	34388696938.1849	10077696	-8647348750.03224	7427958538762.36	46656	-40034021.99089	34388696938.1849	10077696	-8647348750.03224	7427958538762.36	2176782336	-1867827330006.96	1.60443904434932e+15	
217	1	-863.896826152031	747117.751840643	217	-187465.611274991	162124552.14942	47089	-40680037.646673	35181027815.9534	217	-187465.611274991	162124552.14942	47089	-40680037.646673	35181027815.9534	10218313	-8827568169.3269	7634283036174.99	47089	-40680037.646673	35181027815.9534	10218313	-8827568169.3269	7634283036174.99	2217373921	-1915582292744.02	1.65663941884975e+15	
218	1	-869.645927726821	757103.561653578	218	-189582.812244447	165048576.44048	47524	-41329053.0692894	35980589663.8082	218	-189582.812244447	165048576.44048	47524	-41329053.0692894	35980589663.8082	10360232	-9009733569.10509	7843768546752.66	47524	-41329053.0692894	35980589663.8082	10360232	-9009733569.10509	7843768546752.66	2258530576	-1964121918064.78	1.70994154319313e+15	
219	1	-875.546824986164	767407.88285767	219	-191744.75467197	168062326.34583	47961	-41992101.2731614	36805649469.2299	219	-191744.75467197	168062326.34583	47961	-41992101.2731614	36805649469.2299	10503459	-9196270178.82143	8060437233886.4	47961	-41992101.2731614	36805649469.2299	10503459	-9196270178.82143	8060437233886.4	2300257521	-2013983169161.46	1.76523575421221e+15	
220	1	-881.371638139581	777653.142777321	220	-193901.760390708	171083691.411011	48400	-42658387.2859557	37638412110.4223	220	-193901.760390708	171083691.411011	48400	-42658387.2859557	37638412110.4223	10648000	-9384845202.91026	8280450664306.25	48400	-42658387.2859557	37638412110.4223	10648000	-9384845202.91026	8280450664306.25	2342560000	-2064665944640.26	1.82169914614496e+15	
221	1	-887.292193259312	788126.896386707	221	-196091.574710308	174176044.101462	48841	-43336238.010978	38492905745.8847	221	-196091.574710308	174176044.101462	48841	-43336238.010978	38492905745.8847	10793861	-9577308600.42598	8506932169940	48841	-43336238.010978	38492905745.8847	10793861	-9577308600.42598	8506932169940	2385443281	-2116585200694.15	1.88003200956037e+15	
222	1	-893.229430060925	798709.583210299	222	-198296.933473525	177313527.472686	49284	-44021919.2311226	39363603098.6121	222	-198296.933473525	177313527.472686	49284	-44021919.2311226	39363603098.6121	10941048	-9772866069.30922	8738719887965.64	49284	-44021919.2311226	39363603098.6121	10941048	-9772866069.30922	8738719887965.64	2428912656	-2169576267387.2	1.93999581513391e+15	
