# <N_i^j*N_k^m*U^p> as a function of N_tot.
# number_of_species: 1
# max_order: 2
# species_total_upper_bound: 222
# species_total_lower_bound: 183
# volume: 729
#	N_tot	N_1^0*N_1^0*U^0	N_1^0*N_1^0*U^1	N_1^0*N_1^0*U^2	N_1^0*N_1^1*U^0	N_1^0*N_1^1*U^1	N_1^0*N_1^1*U^2	N_1^0*N_1^2*U^0	N_1^0*N_1^2*U^1	N_1^0*N_1^2*U^2	N_1^1*N_1^0*U^0	N_1^1*N_1^0*U^1	N_1^1*N_1^0*U^2	N_1^1*N_1^1*U^0	N_1^1*N_1^1*U^1	N_1^1*N_1^1*U^2	N_1^1*N_1^2*U^0	N_1^1*N_1^2*U^1	N_1^1*N_1^2*U^2	N_1^2*N_1^0*U^0	N_1^2*N_1^0*U^1	N_1^2*N_1^0*U^2	N_1^2*N_1^1*U^0	N_1^2*N_1^1*U^1	N_1^2*N_1^1*U^2	N_1^2*N_1^2*U^0	N_1^2*N_1^2*U^1	N_1^2*N_1^2*U^2	
183	1	-673.805745107652	454708.043772025	183	-123306.4513547	83211572.0102806	33489	-22565080.5979102	15227717677.0653	183	-123306.4513547	83211572.0102806	33489	-22565080.5979102	15227717677.0653	6128487	-4129409749.41619	2786672335032.83	33489	-22565080.5979102	15227717677.0653	6128487	-4129409749.41619	2786672335032.83	1121513121	-755681984143.677	509961037315688	
184	1	-679.145260513301	461934.019527137	184	-124962.727934447	84995859.5929931	33856	-22993141.9399383	15639238165.1107	184	-124962.727934447	84995859.5929931	33856	-22993141.9399383	15639238165.1107	6229504	-4230738116.94865	2877619822556.1	33856	-22993141.9399383	15639238165.1107	6229504	-4230738116.94865	2877619822556.1	1146228736	-778455813518.552	529482047320436	
185	1	-684.556114722383	469315.250735309	185	-126642.881223641	86823321.3860321	34225	-23428933.0263736	16062314455.6799	185	-126642.881223641	86823321.3860321	34225	-23428933.0263736	16062314455.6799	6331625	-4334352609.87753	2971528174406.15	34225	-23428933.0263736	16062314455.6799	6331625	-4334352609.87753	2971528174406.15	1171350625	-801855232828.696	549732712271475	
186	1	-689.859917526575	476608.571991519	186	-128313.944659943	88649194.3904226	34596	-23866393.7067494	16488750155.4694	186	-128313.944659943	88649194.3904226	34596	-23866393.7067494	16488750155.4694	6434856	-4439149229.45539	3066907529121.48	34596	-23866393.7067494	16488750155.4694	6434856	-4439149229.45539	3066907529121.48	1196883216	-825681756678.872	570444800419713	
187	1	-695.247635639865	484076.268841216	187	-130011.307864655	90522262.2733074	34969	-24312114.5706904	16927663044.4402	187	-130011.307864655	90522262.2733074	34969	-24312114.5706904	16927663044.4402	6539203	-4546365424.71793	3165472989421.98	34969	-24312114.5706904	16927663044.4402	6539203	-4546365424.71793	3165472989421.98	1222830961	-850170334422.733	591943449024864	
188	1	-700.677166241104	491657.306453275	188	-131727.307253328	92431573.6132157	35344	-24764733.7636256	17377135839.2846	188	-131727.307253328	92431573.6132157	35344	-24764733.7636256	17377135839.2846	6644672	-4655769947.56161	3266901537831.6	35344	-24764733.7636256	17377135839.2846	6644672	-4655769947.56161	3266901537831.6	1249198336	-875284750141.531	614177489105084	
189	1	-705.963247204968	499092.734885459	189	-133427.053721739	94328526.8933517	35721	-25217713.1534087	17828091582.2383	189	-133427.053721739	94328526.8933517	35721	-25217713.1534087	17828091582.2383	6751269	-4766147785.99683	3369509309108.39	35721	-25217713.1534087	17828091582.2383	6751269	-4766147785.99683	3369509309108.39	1275989841	-900801931554.403	636837259427184	
190	1	-711.430080297569	506843.813652699	190	-135171.715256538	96300324.5940129	36100	-25682625.8987422	18297061671.6326	190	-135171.715256538	96300324.5940129	36100	-25682625.8987422	18297061671.6326	6859000	-4879698920.76102	3476441717826.32	36100	-25682625.8987422	18297061671.6326	6859000	-4879698920.76102	3476441717826.32	1303210000	-927142794944.222	660523926386800	
191	1	-716.992627578473	514795.116731849	191	-136945.591867488	98325867.2957831	36481	-26156608.0466903	18780240652.946	191	-136945.591867488	98325867.2957831	36481	-26156608.0466903	18780240652.946	6967871	-4995912136.91741	3587025964795.6	36481	-26156608.0466903	18780240652.946	6967871	-4995912136.91741	3587025964795.6	1330863361	-954219218126.865	685121959282556	
192	1	-722.532725066362	522778.340251962	192	-138726.283212741	100373441.328377	36864	-26635446.3768464	19271700735.0483	192	-138726.283212741	100373441.328377	36864	-26635446.3768464	19271700735.0483	7077888	-5114005704.3545	3700166541129.28	36864	-26635446.3768464	19271700735.0483	7077888	-5114005704.3545	3700166541129.28	1358954496	-981889095236.064	710431975896821	
193	1	-728.021763950335	530742.890894435	193	-140508.200442415	102433377.942626	37249	-27118082.685386	19769641942.4346	193	-140508.200442415	102433377.942626	37249	-27118082.685386	19769641942.4346	7189057	-5233789958.28107	3815540895031.13	37249	-27118082.685386	19769641942.4346	7189057	-5233789958.28107	3815540895031.13	1387488001	-1010121461919.5	736399392736678	
194	1	-733.442457106248	538670.801664808	194	-142287.836678612	104502135.522973	37636	-27603840.3156507	20273414290.1432	194	-142287.836678612	104502135.522973	37636	-27603840.3156507	20273414290.1432	7301384	-5355145021.23624	3933042372570.83	37636	-27603840.3156507	20273414290.1432	7301384	-5355145021.23624	3933042372570.83	1416468496	-1038898134120.79	763010220282343	
195	1	-739.00821871123	546870.442412126	195	-144106.60264869	106639736.270365	38025	-28100787.5164945	20794748572.2948	195	-144106.60264869	106639736.270365	38025	-28100787.5164945	20794748572.2948	7414875	-5479653565.71537	4054975971684.24	38025	-28100787.5164945	20794748572.2948	7414875	-5479653565.71537	4054975971684.24	1445900625	-1068532445315.55	790720314467925	
196	1	-744.506769507807	555034.106437694	196	-145923.32682353	108786684.861788	38416	-28600972.0574119	21322190232.9104	196	-145923.32682353	108786684.861788	38416	-28600972.0574119	21322190232.9104	7529536	-5605790523.25274	4179149285635.67	38416	-28600972.0574119	21322190232.9104	7529536	-5605790523.25274	4179149285635.67	1475789056	-1098734942557.22	819113259996473	
197	1	-749.941197122218	563153.296846742	197	-147738.415833077	110941199.478808	38809	-29104467.9191161	21855416296.9461	197	-147738.415833077	110941199.478808	38809	-29104467.9191161	21855416296.9461	7645373	-5733580180.06771	4305517010598.38	38809	-29104467.9191161	21855416296.9461	7645373	-5733580180.06771	4305517010598.38	1506138481	-1129515295473.28	848186851085808	
198	1	-755.436532974964	571431.633953034	198	-149576.433529043	113143463.522701	39204	-29616133.8387505	22402405776.0984	198	-149576.433529043	113143463.522701	39204	-29616133.8387505	22402405776.0984	7762392	-5863994500.0726	4435676343975.77	39204	-29616133.8387505	22402405776.0984	7762392	-5863994500.0726	4435676343975.77	1536953616	-1161070911015.46	878263916112371	
199	1	-761.094411941989	580019.724252852	199	-151457.787976456	115423925.126318	39601	-30140099.8073147	22969361099.8066	199	-151457.787976456	115423925.126318	39601	-30140099.8073147	22969361099.8066	7880599	-5997879861.65636	4570902858890.12	39601	-30140099.8073147	22969361099.8066	7880599	-5997879861.65636	4570902858890.12	1568239201	-1193578092472.83	909609668915797	
200	1	-766.765524352448	588692.748797044	200	-153353.10487049	117738549.759409	40000	-30670620.9740979	23547709951.8818	200	-153353.10487049	117738549.759409	40000	-30670620.9740979	23547709951.8818	8000000	-6134124194.81959	4709541990033.04	40000	-30670620.9740979	23547709951.8818	8000000	-6134124194.81959	4709541990033.04	1600000000	-1226824838963.92	941908398077247	
201	1	-772.283305108051	597187.58269872	201	-155228.944326718	120034704.122443	40401	-31201017.8096704	24126975528.3311	201	-155228.944326718	120034704.122443	40401	-31201017.8096704	24126975528.3311	8120601	-6271404579.74506	4849522081216.05	40401	-31201017.8096704	24126975528.3311	8120601	-6271404579.74506	4849522081216.05	1632240801	-1260552320529.62	974753938335988	
202	1	-777.998311672492	606049.486462005	202	-157155.658957843	122421996.265325	40804	-31745443.1094844	24729243244.1394	202	-157155.658957843	122421996.265325	40804	-31745443.1094844	24729243244.1394	8242408	-6412579508.11585	4995307135616.82	40804	-31745443.1094844	24729243244.1394	8242408	-6412579508.11585	4995307135616.82	1664966416	-1295341060638.61	1.00905204138417e+15	
203	1	-783.621531106075	614829.881275942	203	-159075.170814533	124810465.899016	41209	-32292259.6753502	25336524577.2558	203	-159075.170814533	124810465.899016	41209	-32292259.6753502	25336524577.2558	8365427	-6555328714.09789	5143314489330.53	41209	-32292259.6753502	25336524577.2558	8365427	-6555328714.09789	5143314489330.53	1698181680.98473	-1330731728961.39	1.04409284130825e+15	
204	1	-789.282124530244	623731.542289607	204	-161013.55340417	127241234.62708	41616	-32846764.8944506	25957211863.9243	204	-161013.55340417	127241234.62708	41616	-32846764.8944506	25957211863.9243	8489664	-6700740038.46793	5295271220322.06	41616	-32846764.8944506	25957211863.9243	8489664	-6700740038.46793	5295271220322.06	1731891456	-1366950967847.55	1.08023532892357e+15	
205	1	-794.940357620674	632695.375581595	205	-162962.773312238	129702551.994227	42025	-33407368.5290088	26589023158.6132	205	-162962.773312238	129702551.994227	42025	-33407368.5290088	26589023158.6132	8615125	-6848510548.44814	5450749747524.88	42025	-33407368.5290088	26589023158.6132	8615125	-6848510548.44814	5450749747524.88	1766100624.93662	-1403944662433.16	1.11740369825431e+15	
206	1	-800.622565624848	641766.111538309	206	-164928.248518719	132203818.976892	42436	-33975219.1948561	27233986707.6297	206	-164928.248518719	132203818.976892	42436	-33975219.1948561	27233986707.6297	8741816	-6998895154.14035	5610201262049.65	42436	-33975219.1948561	27233986707.6297	8741816	-6998895154.14035	5610201262049.65	1800814096	-1441772401750.31	1.15570145997819e+15	
207	1	-805.965590092665	650358.282676446	207	-166834.877149182	134624164.514024	42849	-34534819.5698806	27867202054.1549	207	-166834.877149182	134624164.514024	42849	-34534819.5698806	27867202054.1549	8869743	-7148707650.96516	5768510825304.33	42849	-34534819.5698806	27867202054.1549	8869743	-7148707650.96516	5768510825304.33	1836036800.90996	-1479782483751.71	1.19408174081947e+15	
208	1	-811.625947543516	659521.422288808	208	-168818.197089051	137180455.836072	43264	-35114184.9945227	28533534813.903	208	-168818.197089051	137180455.836072	43264	-35114184.9945227	28533534813.903	8998912	-7303750478.86071	5934975241291.82	43264	-35114184.9945227	28533534813.903	8998912	-7303750478.86071	5934975241291.82	1871773696	-1519180099603.03	1.2344748501563e+15	
209	1	-817.302541836734	668768.219334185	209	-170816.231243877	139772557.840845	43681	-35700592.3299704	29212464588.425	209	-170816.231243877	139772557.840845	43681	-35700592.3299704	29212464588.425	9129329	-7461423796.96578	6105405099091.73	43681	-35700592.3299704	29212464588.425	9129329	-7461423796.96578	6105405099091.73	1908029760.87122	-1559437573562.56	1.27602966570202e+15	
210	1	-822.894677667503	677942.582556787	210	-172807.882310176	142367942.336925	44100	-36289655.2851369	29897267888.7644	210	-172807.882310176	142367942.336925	44100	-36289655.2851369	29897267888.7644	9261000	-7620827609.87875	6278426257046.48	44100	-36289655.2851369	29897267888.7644	9261000	-7620827609.87875	6278426257046.48	1944810000	-1600373798073.79	1.31846951397472e+15	
211	1	-828.513207205123	687227.706246025	211	-174816.286720281	145005046.017911	44521	-36886236.4979793	30596064709.4204	211	-174816.286720281	145005046.017911	44521	-36886236.4979793	30596064709.4204	9393931	-7782995901.07154	6455769653766.22	44521	-36886236.4979793	30596064709.4204	9393931	-7782995901.07154	6455769653766.22	1982119440.8355	-1642212135123.69	1.36216739692759e+15	
212	1	-834.262094441697	696793.625863252	212	-176863.56402164	147720248.683009	44944	-37495075.5725876	31316692719.5753	212	-176863.56402164	147720248.683009	44944	-37495075.5725876	31316692719.5753	9528128	-7948956021.38857	6639138856698.59	44944	-37495075.5725876	31316692719.5753	9528128	-7948956021.38857	6639138856698.59	2019963136	-1685178676534.07	1.40749743764819e+15	
213	1	-839.976463919285	706364.930242511	213	-178914.986814808	150455730.141655	45369	-38108892.1915541	32047070519.7826	213	-178914.986814808	150455730.141655	45369	-38108892.1915541	32047070519.7826	9663597	-8117194036.79852	6826026020849.04	45369	-38108892.1915541	32047070519.7826	9663597	-8117194036.79852	6826026020849.04	2058346160.80826	-1728962329842.07	1.45394354243005e+15	
214	1	-845.709851466843	716030.670651504	214	-180981.908213904	153230563.519422	45796	-38730128.3577755	32791340590.8295	214	-180981.908213904	153230563.519422	45796	-38730128.3577755	32791340590.8295	9800344	-8288247468.56396	7017346886934.95	45796	-38730128.3577755	32791340590.8295	9800344	-8288247468.56396	7017346886934.95	2097273616	-1773684958273.06	1.50171223380612e+15	
215	1	-851.332943888946	725579.597004563	215	-183036.582936123	155999613.355981	46225	-39352865.3312665	33539916871.0994	215	-183036.582936123	155999613.355981	46225	-39352865.3312665	33539916871.0994	9938375	-8460866046.22387	7211082127381.07	46225	-39352865.3312665	33539916871.0994	9938375	-8460866046.22387	7211082127381.07	2136750624.77939	-1819086199938.49	1.55038265737167e+15	
216	1	-857.040465637925	735338.079217155	216	-185120.740577792	158833025.110906	46656	-39986079.964803	34307933423.9556	216	-185120.740577792	158833025.110906	46656	-39986079.964803	34307933423.9556	10077696	-8636993272.39746	7410513619596.59	46656	-39986079.964803	34307933423.9556	10077696	-8636993272.39746	7410513619596.59	2176782336	-1865590546837.85	1.6006709418404e+15	
217	1	-862.683446667798	745047.175206966	217	-187202.307926912	161675237.019912	47089	-40622900.8201399	35083526432.8403	217	-187202.307926912	161675237.019912	47089	-40622900.8201399	35083526432.8403	10218313	-8815169477.9666	7613125235994.04	47089	-40622900.8201399	35083526432.8403	10218313	-8815169477.9666	7613125235994.04	2217373920.74591	-1912891776718.61	1.65204817622121e+15	
218	1	-868.507065282711	755138.336614416	218	-189334.540231631	164620157.381943	47524	-41274929.7704955	35887194306.6541	218	-189334.540231631	164620157.381943	47524	-41274929.7704955	35887194306.6541	10360232	-8997934689.96803	7823408359369.93	47524	-41274929.7704955	35887194306.6541	10360232	-8997934689.96803	7823408359369.93	2258530576	-1961549762411.71	1.70550302237539e+15	
219	1	-874.326198708257	765286.01946887	219	-191477.437517108	167597638.263683	47961	-41933558.8162467	36703882779.2457	219	-191477.437517108	167597638.263683	47961	-41933558.8162467	36703882779.2457	10503459	-9183449380.76106	8038150328778.33	47961	-41933558.8162467	36703882779.2457	10503459	-9183449380.76106	8038150328778.33	2300257520.72472	-2011175414388.83	1.76035492201518e+15	
220	1	-880.074148221162	775372.8721629	220	-193616.312608656	170582031.875838	48400	-42595588.7739042	37528047010.385	220	-193616.312608656	170582031.875838	48400	-42595588.7739042	37528047010.385	10648000	-9371029530.25893	8256170342757.52	48400	-42595588.7739042	37528047010.385	10648000	-9371029530.25893	8256170342757.52	2342560000	-2061626496656.23	1.81635747541708e+15	
221	1	-885.862051715741	785595.950487412	221	-195775.513429179	173616705.057718	48841	-43266388.4678485	38369291817.2007	221	-195775.513429179	173616705.057718	48841	-43266388.4678485	38369291817.2007	10793861	-9561871851.3935	8479613491801.18	48841	-43266388.4678485	38369291817.2007	10793861	-9561871851.3935	8479613491801.18	2385443280.70166	-2113173679162.7	1.87399458167703e+15	
222	1	-891.655315026123	795903.494798795	222	-197947.479935799	176690575.845333	49284	-43944340.5457475	39225307834.8177	222	-197947.479935799	176690575.845333	49284	-43944340.5457475	39225307834.8177	10941048	-9755643601.15594	8708018339966.36	49284	-43944340.5457475	39225307834.8177	10941048	-9755643601.15594	8708018339966.36	2428912656	-2165752879457.08	1.9331800714711e+15	
