# lnPI (bias) matrix in single row (vectorized) notation.
# species_total_upper_bound: 222
# species_total_lower_bound: 183
# volume: 729
0
4.32896953933789
8.65726871050732
12.9913677249166
17.3293584885487
21.6703622658592
26.0170908860288
30.3687040512667
34.7231459224546
39.0864789580661
43.4437339268506
47.8047139568868
52.1727409227487
56.5519357120777
60.9236342307711
65.3035372131085
69.6868330329028
74.0673366971392
78.4612203196262
82.8546727190175
87.253585357477
91.6525422759678
96.0574730282148
100.466001235615
104.873976653352
109.290058116406
113.705823585193
118.11937855665
122.542504692759
126.965578117566
131.396899844443
135.825031844618
140.259105345001
144.687163035926
149.119371913458
153.55455537967
157.996523353938
162.440228663795
166.883190924701
171.331393197566
