# lnPI (bias) matrix in single row (vectorized) notation.
# species_total_upper_bound: 222
# species_total_lower_bound: 183
# volume: 729
0
4.32790199121243
8.66036156709949
12.9952601117998
17.3340198015194
21.6741467953426
26.0216360766617
30.3742764868225
34.7290356078449
39.0932515553062
43.4533017610622
47.8157560000942
52.1857649096156
56.5661601653312
60.9377608688638
65.3175443107503
69.7025542543674
74.0856684774206
78.4821444783852
82.8772926671086
87.2754180667457
91.6760904866142
96.0825674303673
100.488921532058
104.897312582545
109.311561559231
113.726709774023
118.140659823534
122.560334028174
126.981864872776
131.413531987257
135.840428963066
140.271830529972
144.698937807281
149.13352731477
153.570030950988
158.00784209614
162.450525022395
166.892250066499
171.33929296794
