# Collection matrix in single row (vectorized) notation.
# species_total_upper_bound: 511
# species_total_lower_bound: 490
# volume: 729
420748022
374639
0
419177784.151778
355434
3281.49377828274
420202643.581515
339309
3192.82404068043
420436753.077268
324526
3101.58058120382
420882191.356985
312542
3009.67665792434
421972250.523031
298488
2929.15009849069
421764371.291354
284148
2843.4037357677
423623359.873424
272608
2772.92297031797
425535466.871155
261432
2703.38441934849
426749532.592521
250968
2634.53004693764
425894753.751773
238668
2555.85865284578
423236269.283865
227087
2470.89042944729
420541593.0324
215360
2385.32263703093
421549829.062057
206427
2325.81848870045
421231036.659214
196095
2258.37827447702
419968171.353758
187199
2191.58819690424
419126132.803702
179594
2128.31609170091
416500156.650023
168529
2057.80067900258
414449792.025403
161018
1990.3805711278
412793421.832644
152770
1930.95329483012
412992329.326856
146272
1881.84437479498
413138149.129443
0
1830.35870296755
