# <P(U)> as a function of N_tot.
# number_of_species: 1
# species_total_upper_bound: 427
# species_total_lower_bound: 402
# volume: 729
# Bin widths for each
10	10	10	10	10	10	10	10	10	10	10	10	10	10	10	10	10	10	10	10	10	10	10	10	10	10	
# Bin lower bound for each
-1850	-1860	-1860	-1870	-1880	-1890	-1900	-1900	-1910	-1920	-1920	-1940	-1950	-1950	-1960	-1960	-1970	-1980	-1980	-1990	-2000	-2010	-2020	-2030	-2040	-2040	
# Bin upper bound for each
-1690	-1690	-1700	-1710	-1720	-1720	-1730	-1740	-1740	-1760	-1770	-1770	-1780	-1790	-1800	-1800	-1810	-1810	-1820	-1830	-1850	-1860	-1870	-1870	-1880	-1890	
# Normalized histogram for each
2.57983783410937e-06	3.77471009411792e-05	0.00073267394488706	0.00333763125264433	0.0104628717885771	0.0252834970217809	0.0577936629406567	0.108410895931514	0.161128931604969	0.191972658063948	0.180824499878069	0.13387525316356	0.0762119399239953	0.0351335894342877	0.0121726253678985	0.00246496716002218	0.000153975584414738	
4.08778546538824e-06	7.24900622528848e-05	0.000523100280054182	0.00234965908550516	0.00810757743253553	0.0210629959079905	0.0490625549721983	0.0975496860103854	0.148940507324153	0.19191144439583	0.188231483660372	0.144743714246355	0.0882204057617609	0.0400545746611532	0.0150393715057099	0.00360202029258461	0.000509474328502888	1.48522871909106e-05	
1.56055294497559e-05	0.00024914090875926	0.00188279343905213	0.00589519408555909	0.0177058420668401	0.0422017321316346	0.0837933428180273	0.139699467618732	0.182553757284463	0.194462829613765	0.158764633435011	0.0996560897224858	0.0484841897506442	0.0186758489236907	0.00499924504829022	0.000892526772038669	6.77608515581505e-05	
2.83792565268502e-05	0.000181572136419362	0.00108268241283745	0.00449094846368344	0.0138470107343849	0.0360649378005222	0.0725835304153304	0.128620163351552	0.174150134257303	0.198405857258126	0.169660976717575	0.113682342164839	0.055972572963964	0.0233095640987526	0.00648204261214249	0.0013948542346328	4.24311214090769e-05	
4.82943738020408e-05	0.000165442726253277	0.000708409471713364	0.00340461536911873	0.0110605154720685	0.0303924773371752	0.0647052159717497	0.115199881444212	0.170127004544225	0.195776422438339	0.179416910288785	0.126071634906677	0.0655772743786894	0.0269344621890239	0.0081138687505183	0.00209942542113729	0.000198144916513516	
1.19406787081778e-05	8.30357542350293e-05	0.000492724558188025	0.00226667021684547	0.00854074200749984	0.0241997755152403	0.0563722186796684	0.104479291706389	0.159958429968194	0.19612825551625	0.186780351077914	0.139183982252034	0.0750294605366059	0.0338090023933512	0.00984666796046894	0.00244509415156537	0.000363024082564715	9.33294427765619e-06	
8.53990843840749e-06	4.20108398986175e-05	0.000356610047532855	0.00149847845002315	0.00646126717640737	0.0191405518791862	0.0481583343101428	0.0942527655873646	0.149731592055185	0.196467067427123	0.190995740927277	0.148668373454604	0.0880423237862207	0.0397294446814346	0.0127281825656116	0.00325287867228115	0.000446692307512186	1.91459237570749e-05	
9.44595256630287e-05	0.000215673483450268	0.00121596163960442	0.00500498983809337	0.0159143825411496	0.0414568115896924	0.085281117417968	0.137963870323452	0.188817084179135	0.199215139623328	0.157750410905762	0.100370207629409	0.0462047677763067	0.0159882302339006	0.0039032805438357	0.000588461004527915	1.51517447234049e-05	
8.81070306288005e-05	0.000259841073379852	0.000978680406476152	0.00387263660357036	0.0122890980378741	0.0343882147818618	0.0749365907683653	0.13080215002876	0.180906269731597	0.205432606199178	0.166922774391291	0.109238056100964	0.0542359185891037	0.0191938926215589	0.00569165987536588	0.000717617509867241	4.38498781095571e-05	2.03637204843144e-06	
6.02963400669728e-06	7.56444993567477e-05	0.00051841148743945	0.00309964299085195	0.0106857447940962	0.0285512762816672	0.0640321094455313	0.121059976769465	0.175838927646036	0.204033770335626	0.17868875193702	0.119364005167944	0.0642087503145002	0.0230068907753726	0.00596659692389999	0.000780289455321234	8.31815418651193e-05	
9.73059411170229e-06	0.000386345701420968	0.0022059668003093	0.00821919986009873	0.0239260233638417	0.0564988445262119	0.107609955028209	0.166404808612919	0.204311502905336	0.188139255491687	0.130697913842853	0.0738154646276458	0.0285039252668444	0.00758575188848904	0.00157060012000152	0.000114711370021054	
8.26293428088991e-07	4.43444139741092e-05	0.000219105474014931	0.0014785143739939	0.00629415247289654	0.0202644331771685	0.0486297094077501	0.0970839691776025	0.157605418171267	0.198711725916266	0.195778659677693	0.144245079732496	0.0820512128403795	0.0358556261562083	0.00951091278844699	0.00200954561711243	0.000211944264304826	4.82004499718578e-06	
1.5067884243034e-06	8.89005170339007e-05	0.000186978745379468	0.00123118312342172	0.00491295214782416	0.0153149975446198	0.0412898382873569	0.0866893735116184	0.147135286998676	0.195963176830525	0.201362410697102	0.155231261202458	0.0925996826155655	0.0419111830412333	0.0130822110613338	0.00256647162888623	0.000418887181956346	1.36980765845764e-05	
4.93763615905772e-05	0.000201178068298798	0.0010379917776796	0.00358230264145852	0.0127215543188946	0.0331664965471913	0.077366501552839	0.138288634350495	0.187947107715009	0.203385586128697	0.168261854135427	0.105178587362698	0.0478290995710378	0.0167377704409976	0.00374689051342711	0.000436361895268792	6.27066189896862e-05	
4.20991391269263e-06	0.000214434002198118	0.000627005565641996	0.00293444580082137	0.0101275590335178	0.0284702897547942	0.0665539858310594	0.128994206751045	0.181181657649529	0.203480213608316	0.179231245274881	0.11562134730554	0.0549901671349404	0.0207607151475826	0.0058490642651507	0.000853390291205177	0.000106062669864934	
7.91839624089418e-05	0.000625050763303517	0.00201165294552116	0.00885053952393461	0.0238679206074157	0.0593492626655631	0.116386570943262	0.175025758556554	0.202433188701494	0.183694568849437	0.129704009533586	0.0639905565994196	0.024895138973966	0.00772226992576809	0.00127128968807495	8.2443679557852e-05	1.05940807339579e-05	
3.13719908692568e-05	0.000446134155868002	0.00198567046969439	0.00614429268790872	0.0205421351641176	0.0516054310756002	0.105330576581882	0.168048211280444	0.205611213300203	0.188583691779832	0.136633847852092	0.074138397469815	0.0290247955524024	0.00959765625424405	0.00217172946316141	8.73254983936454e-05	1.75194234724421e-05	
2.74771195735551e-05	0.000282718009729864	0.00172755654730597	0.00499585216717026	0.0167337005120577	0.0445110480244826	0.0948380863587011	0.158183487624992	0.20361609668929	0.196232024879185	0.144121532916175	0.0847433428259598	0.0354865652374838	0.0114636159162023	0.00273343463051827	0.000240290104505992	5.99378343638825e-05	3.23260230277119e-06	
0.000255643222695275	0.00142686791333992	0.00446902226341369	0.0140014034677665	0.0383831391256407	0.0855106290771036	0.148783814564792	0.200092761969378	0.19976029051891	0.154907484205577	0.0931305555059599	0.0414746637277164	0.0139502748232274	0.00353572160912936	0.000295680468154429	1.10913990799008e-05	1.09561381155118e-05	
0.000135195142945157	0.00097955518901446	0.00363618038770933	0.0112660361353046	0.0333207259572778	0.0750918256790034	0.137892543432456	0.197685101522341	0.205461396097114	0.165717952587416	0.102233673019032	0.0457349725450906	0.0162590447311689	0.004053415899003	0.000509623374508698	2.24873684658277e-05	2.70932150190696e-07	
2.47116912776555e-05	0.000754928590680026	0.00320383004059099	0.00927666028281309	0.0280689510498056	0.0691608276244122	0.12835551162366	0.186307279018756	0.206351990886545	0.176165166427131	0.112905409212709	0.0536539697906363	0.0191978612166978	0.00578362198715943	0.00073999295309463	4.92876040318075e-05	
1.75598887492568e-05	0.000314989012137831	0.00254455039061904	0.00763610138889191	0.023934128365237	0.0627808220968195	0.114956968743943	0.181345463178138	0.211725976438713	0.178374030530793	0.124412900773833	0.0609141650858229	0.0226858789091852	0.00695480493005447	0.00132951498770536	7.21452793574115e-05	
6.48539034736579e-05	0.000202702945112348	0.00157070634732053	0.00606701367644636	0.0191131352888303	0.0532405011799271	0.106608226400285	0.170060871597826	0.213385486910688	0.192615817342707	0.131026824954347	0.0694886117925371	0.0265249705466687	0.00836532562592986	0.00147094172559403	0.000194009762306304	
2.04845264149343e-05	0.000105722153107949	0.00132915705623882	0.00532405214728017	0.016438213787791	0.046358270517556	0.098649354813032	0.161111075213544	0.207537398352412	0.205218934906362	0.141666035404136	0.0756262594031194	0.0293220185424833	0.00913499894071627	0.0018991493147376	0.000257775080724844	1.099840344426e-06	
3.45898535783826e-06	9.06254163753624e-05	0.000993420594771149	0.00458550770917903	0.0139790050657532	0.0408232219120358	0.0905768522209384	0.149467461532278	0.201342418381436	0.208002902227075	0.158860128732366	0.0824165523241407	0.0357018481912205	0.0106940758511214	0.00215840686329108	0.000284743674657246	1.93703180038943e-05	
6.00193824830984e-05	0.000648461160394315	0.003974430344009	0.0112875612557958	0.0361017285162439	0.0833750367776111	0.145723563035951	0.195147915599597	0.205959938671104	0.167577053904541	0.0918588954111195	0.0414386967763436	0.0138825251399368	0.00259356483093631	0.000350322922465451	2.02862714686463e-05	
