# <P(U)> as a function of N_tot.
# number_of_species: 1
# species_total_upper_bound: 427
# species_total_lower_bound: 402
# volume: 729
# Bin widths for each
10	10	10	10	10	10	10	10	10	10	10	10	10	10	10	10	10	10	10	10	10	10	10	10	10	10	
# Bin lower bound for each
-1850	-1860	-1860	-1870	-1880	-1890	-1900	-1900	-1910	-1920	-1920	-1940	-1950	-1950	-1950	-1960	-1970	-1980	-1980	-1990	-2000	-2010	-2020	-2030	-2040	-2040	
# Bin upper bound for each
-1690	-1700	-1700	-1710	-1720	-1720	-1730	-1740	-1740	-1760	-1770	-1770	-1780	-1790	-1800	-1800	-1810	-1810	-1820	-1830	-1850	-1860	-1870	-1870	-1880	-1890	
# Normalized histogram for each
3.83166410583782e-06	2.07716527842787e-05	0.000711681191026404	0.00366589421662737	0.00999176998883372	0.0255531662553006	0.0562139407636829	0.10680340195306	0.156165117296313	0.193125147594693	0.18324147086695	0.135770580926662	0.0772269883866294	0.0367712704245343	0.0121421402183363	0.00245629835837393	0.000136528242086958	
6.09658453077027e-06	0.00010059364475771	0.000488946079367776	0.00274143084400303	0.00783085961029006	0.020533703138603	0.0483024263593555	0.0956997131353759	0.147615991585088	0.189906169499682	0.18857040782899	0.14663708332893	0.0905422058418286	0.0414744549043771	0.0150085717978503	0.00399305964817017	0.000548286168800607	
2.20528869066701e-05	0.00026402206268819	0.00224531059653467	0.00627322955135852	0.0166419660720419	0.0413505923037875	0.0823291442377236	0.138722459926025	0.179012063337525	0.194111756679881	0.160501727680334	0.10228476076089	0.0507279698806571	0.019166613236061	0.00518875841838329	0.00112163433128092	3.5938037921981e-05	
1.36449029775039e-05	0.000184619672104712	0.00126876923595366	0.00488136066972492	0.013612651388648	0.0349063494488596	0.0702613267683432	0.126553374002036	0.171738676952994	0.196933990300955	0.169383484002695	0.118460499349696	0.0586358694315099	0.0243857157712957	0.00695455895848869	0.00176143292982323	6.36762138950182e-05	
4.60143585525873e-05	0.000183850162324977	0.000760687819315294	0.00379908638698366	0.0111033476274935	0.0284484808110798	0.063336899100668	0.112746371135649	0.167255975182094	0.193465090543614	0.179492478206916	0.131215747025493	0.0692978312520818	0.0282712633490867	0.00786679713740944	0.00242611741827943	0.00028396248295966	
1.78679802712852e-05	8.25623915983524e-05	0.00056335482625443	0.00269477895562682	0.00938685101493209	0.022783934015808	0.0542648507048097	0.0995507332546731	0.159824154428641	0.19437528303805	0.186011014480252	0.142683421492305	0.0793531380383628	0.0349649674628187	0.0100413941542951	0.00292747345732069	0.000460254526298278	1.39657776833034e-05	
1.27610535937494e-05	4.17821593472762e-05	0.000321084574294339	0.0018303878969228	0.00728923730681669	0.0185372827559265	0.0457440548412453	0.0923186072833096	0.145939525367019	0.197722234262894	0.189886741532887	0.148921495439055	0.0928027040260918	0.0412507232121301	0.0130459132417131	0.00370585112831383	0.000601004459576584	2.86094588634059e-05	
9.06755079721784e-05	0.000193427437999342	0.00121112185253133	0.00548392372368082	0.0161836336643979	0.0410330212362858	0.083434567182057	0.136905893764739	0.186536508763696	0.198622755704421	0.159651937047863	0.101493321226891	0.04834990020577	0.0164042842233008	0.00380284483660294	0.000584990071748275	1.7193550044386e-05	
9.10855436213978e-05	0.00029898931807562	0.000949454467031118	0.0039146360989573	0.0124339936150259	0.0349059817469472	0.0733591940032219	0.131313085929203	0.178671237554365	0.20392623623097	0.166711460603664	0.110561307514598	0.0552303116350958	0.0209102590913992	0.00599428652652836	0.000678852795958579	4.65639101921047e-05	3.06341514421742e-06	
9.08175603183403e-06	0.000100724930534887	0.000587218088876541	0.00330390156367199	0.0105375202430278	0.0288455147890205	0.0642437229585554	0.119073792983022	0.176548305241123	0.204256330087156	0.177163594212279	0.119614776677555	0.0635737370476615	0.0243812124887355	0.00674258464299823	0.00091271648119932	0.000105265808550804	
1.4754868639067e-05	0.000461141598733658	0.00211451814651418	0.00850420752743522	0.0240279918561438	0.0565394097345973	0.105557369319142	0.167409778654111	0.205212791182657	0.187989079734687	0.131136492717849	0.0718801090031507	0.0288227007186868	0.00816962529491553	0.00198775096524896	0.000172278677489952	
1.26297310183036e-06	6.35696461254616e-05	0.000166291458407665	0.00151388375806066	0.00621740608479391	0.0199059295534653	0.0486162550953071	0.0970325394494911	0.156007489430494	0.201101102049279	0.196944868066672	0.142677018836191	0.0821180900899763	0.0349660418107245	0.0100524239085018	0.00238049380143326	0.000227966644880381	7.36734309401046e-06	
2.31036376677508e-06	0.000131060635497059	0.000191970225712038	0.00108986159870872	0.00512417680163742	0.0155006505774334	0.0409696806762225	0.0890447801006268	0.145436138920073	0.196029114784123	0.200135681363031	0.155113622639885	0.0937774552603307	0.0405084480551463	0.0134517779824433	0.00304190894856395	0.000430357759829285	2.10033069706825e-05	
7.57392558232116e-05	0.000262061998110066	0.00101674213120251	0.00316999039592852	0.0123895234456813	0.0332929321086247	0.0770823235635257	0.140059410456482	0.186687667792184	0.201710330104226	0.16798194943664	0.107025827920828	0.0471776277505295	0.0171452393078809	0.0042576728769379	0.000585883830169637	7.90776252258876e-05	
0.000244700145318091	0.00064126875252158	0.00220417880258393	0.0100197721055185	0.0278323989667938	0.0652058088852229	0.129177686517627	0.182334985945909	0.205872720043424	0.178019460024174	0.115407097180378	0.0551607949062317	0.020497235701939	0.00617570596930672	0.0010440956754621	0.000162090377589222	
9.89322811659596e-05	0.000598175813702392	0.0018942928362198	0.00773942028599136	0.0245783193758977	0.0585937369825946	0.114282405633183	0.177248324607853	0.204008361131569	0.18280581946754	0.129805817801312	0.0639833593820294	0.0249036503720687	0.00796769350737639	0.00135214393543034	0.000123300864105785	1.62457219598839e-05	
8.95312373446034e-06	0.00052823430033316	0.0018091556309006	0.00581224300110373	0.0199573456528316	0.0515387608835109	0.103292396736649	0.168532976540942	0.208458078455599	0.190923281515568	0.134230228119346	0.0739078282157903	0.0286958026298448	0.00994629583244583	0.00224702584516968	8.45341450276953e-05	2.6859371203381e-05	
3.37395045302012e-05	0.000317316935244162	0.00190265966651294	0.00476596375342259	0.016055864339869	0.0453986767490518	0.0935561272182172	0.157192558597033	0.205890876092808	0.195832777907952	0.145497162983748	0.0851438130856288	0.0342677451164655	0.0109067605687446	0.00285502445389611	0.000289994146299459	8.79711007689295e-05	4.96777980812778e-06	
0.000192284117518577	0.00152167884154938	0.00415578456794464	0.0136700109998131	0.0377453515262733	0.0840134320931111	0.148454124888431	0.203657297846024	0.199024225517119	0.154260607414534	0.0947637114443897	0.0414815128258899	0.0133275502899715	0.00338270699945302	0.000316739857012801	1.61792461342492e-05	1.68015248317203e-05	
7.80168247317887e-05	0.00106719566350619	0.00346895499463919	0.0106965826354415	0.0317609183718447	0.0746670678566336	0.134688287605196	0.198289175879516	0.206373126121751	0.166609378450097	0.104273521607039	0.0470033779008756	0.0159619940107084	0.00449745265754898	0.000530183302288707	3.43522358235462e-05	4.13882359319834e-07	
2.08999825067146e-07	0.000779360347675389	0.0028601626060439	0.00886911657654943	0.0277568487675176	0.0695724887678269	0.126759647902175	0.184517794558606	0.208883621164409	0.173264407977691	0.115146154622669	0.0555141155346853	0.0192860858575461	0.00597258800094384	0.000741531379338236	7.58669364993742e-05	
1.60112449501376e-05	0.000200983258979359	0.00237493110951186	0.00685428755858852	0.0240139179853472	0.0634359204696182	0.113377732234681	0.179453612052591	0.209426873273524	0.178104875339818	0.126480829483612	0.0636463840710023	0.0236446059801157	0.00738687212745625	0.00149346994015165	8.8693870052736e-05	
0.000101167145990864	0.000170262154210157	0.00146778461385469	0.00562683056031316	0.0193007542118358	0.052245081931397	0.107065621100625	0.168660915063293	0.213054134970318	0.190066161160986	0.131163204777156	0.0717404214623302	0.0281595522126869	0.00905316807070163	0.00182230012331629	0.000302640440985437	
3.19946334907369e-05	6.97869522448959e-05	0.00111487340324769	0.00485974862525072	0.0151927268682558	0.0466799555339013	0.0998075812679795	0.160011818688774	0.207827691076138	0.20491274376314	0.138778977421452	0.0777525423386703	0.0302499596846145	0.00986851923467978	0.00243674564330794	0.000402617032182092	1.71783267064359e-06	
5.41140885163627e-06	6.25558863249153e-05	0.000740497187257907	0.00451614537122156	0.0121466647647368	0.0389530525649104	0.092282919710494	0.149637792759925	0.201339475210228	0.208240103777834	0.157005101226896	0.0835792097135222	0.037192396580942	0.0114321423399668	0.0023907604306529	0.000445467176666698	3.03038895691631e-05	
7.25519206531865e-05	0.000590498109485451	0.00421349115020001	0.010182475752096	0.0326229382431914	0.083927886459532	0.14628790618664	0.195294646281988	0.204830292070798	0.168807496301167	0.0918849252013809	0.0445523590333717	0.0136728587867828	0.00249569839443257	0.000532193544851773	3.1782563428133e-05	
