# <P(U)> as a function of N_tot.
# number_of_species: 1
# species_total_upper_bound: 427
# species_total_lower_bound: 402
# volume: 729
# Bin widths for each
10	10	10	10	10	10	10	10	10	10	10	10	10	10	10	10	10	10	10	10	10	10	10	10	10	10	
# Bin lower bound for each
-1850	-1860	-1860	-1870	-1880	-1890	-1900	-1900	-1910	-1920	-1920	-1940	-1950	-1950	-1950	-1960	-1970	-1980	-1980	-1990	-2000	-2010	-2020	-2030	-2040	-2040	
# Bin upper bound for each
-1690	-1700	-1700	-1710	-1720	-1720	-1730	-1740	-1740	-1760	-1770	-1770	-1780	-1790	-1800	-1800	-1810	-1810	-1820	-1830	-1850	-1860	-1870	-1870	-1880	-1890	
# Normalized histogram for each
3.26901854772303e-06	4.78309029614211e-05	0.000746712657743049	0.00352124913672102	0.0105460258885623	0.0254472447507305	0.0584337065405491	0.109102117601394	0.159201203274111	0.192447121904455	0.182392997280521	0.133738989859504	0.0755033170215043	0.0351588106415845	0.0114802769787799	0.00211264624986795	0.000116480292463605	
5.18332110933438e-06	9.19175610055297e-05	0.000627354631599772	0.00265265096638703	0.00809271924800377	0.021108384108283	0.0495867597245583	0.0978025310156977	0.149256841335949	0.190260712412931	0.18783889201328	0.145018957996957	0.0887063208009268	0.0404974606045999	0.0144296748589057	0.0035574860547065	0.000466153345099472	
1.97676400610993e-05	0.000308999426218237	0.0021898730379967	0.00619108614685519	0.0172880150358913	0.0423223439704623	0.0846776340076931	0.139582947878802	0.1801549887021	0.192883441497583	0.159784262218786	0.100542205558834	0.0495340645857353	0.0187237699455922	0.00480457693695562	0.000961504948585929	3.05184618487148e-05	
3.6083332880832e-05	0.000230863265713284	0.00129707320379884	0.0050553450013286	0.0138388339688496	0.0357013049730014	0.072603168992436	0.127382397674412	0.172558029793973	0.196675533941367	0.168544196915506	0.116127901051794	0.0576604652963291	0.0239996202491957	0.00673041739132567	0.00150481511057877	5.39498375111469e-05	
6.13377482492016e-05	0.000210125600430836	0.000851543196408202	0.00380329089286907	0.0114617468885551	0.02930682561205	0.0651298230966765	0.114715258781331	0.168451858016782	0.19477556605541	0.177606078816202	0.128208161390481	0.0671811326488391	0.0277760106664592	0.00806398613696789	0.00215716098056978	0.000240093471718303	
1.51113366811023e-05	0.000105084582667436	0.000589342130562991	0.00263284645301321	0.00919255612081218	0.023163594809829	0.0560271045272001	0.103827388932978	0.160681274639512	0.194679003075591	0.184503688989932	0.141212488494975	0.0759879644282608	0.0342421152258528	0.0101120896425335	0.00262728826021096	0.000389247189682188	1.18111597047696e-05	
1.078598705438e-05	5.30600976062241e-05	0.000352632189664972	0.0017638568184574	0.00695713561760823	0.0190130856638749	0.0473913655390149	0.0952066899562802	0.148789386032042	0.197363034926244	0.188673008711076	0.148047762438287	0.0899706151439781	0.0394848890930881	0.0130021594589888	0.00338836564287353	0.00050798519675467	2.41814871057874e-05	
0.000119438741474671	0.000263559188196277	0.00123425786168407	0.00519524005547343	0.0157781684276114	0.0416675512382708	0.0850062092611626	0.139711051449273	0.188599813765315	0.198222399424209	0.156961147026157	0.100457301944418	0.0462911422883048	0.0161549527811363	0.00381996853514079	0.000503299667832575	1.44983443408561e-05	
0.000111749697208255	0.000329566903631125	0.00090536195365332	0.00406362535302745	0.0121245838658232	0.0346988836394655	0.0752163277844185	0.132935821236299	0.181123874797637	0.204987686870805	0.165104409343446	0.108129799081276	0.0537510877946258	0.0201528267507768	0.00568477080636446	0.000637782555407359	3.92587534106042e-05	2.58281272438186e-06	
7.64399815849135e-06	9.31177957488947e-05	0.000566871954344484	0.0032681566672168	0.0106548647967826	0.0288123137861244	0.0648256212920094	0.122732903068892	0.176489493845713	0.20576305342981	0.176567844826837	0.116637683173649	0.0629929727335111	0.0234747183447269	0.00623072713532483	0.000793412263405227	8.86008877461498e-05	
1.23982275773252e-05	0.000416475672843953	0.00217702398882413	0.0085483159801803	0.024226835177788	0.0572211381049047	0.107749503416061	0.168589701613079	0.205113832318338	0.188445899635475	0.12861624429747	0.0710432410014625	0.0282215091786174	0.00775535328400236	0.00171636871630323	0.000146159387073538	
1.05566467022883e-06	5.31351217348512e-05	0.000175592223481396	0.00150185893751222	0.00645310218499714	0.0203164425226656	0.0493111524110589	0.0979354190100223	0.158592855296701	0.201653593139446	0.196683699816121	0.141181250058281	0.0795548895484447	0.0346534244090433	0.00964120948908821	0.00207789995923375	0.000207262163588261	6.15804390966818e-06	
1.92106987524922e-06	0.00010897705474141	0.000165910580135159	0.00109815339777882	0.00523439148190632	0.0159440067509888	0.0411543813666002	0.0880141656199747	0.147596497086261	0.197802959705035	0.201657149802933	0.154615562482274	0.0910726835040873	0.0395649580089054	0.0129106374179703	0.0026823374739957	0.000357842924944149	1.74642715931747e-05	
6.28165595526077e-05	0.000217348757019491	0.000931000249016609	0.00333170033351613	0.0129223872853746	0.0339754523960364	0.0776023317230028	0.140568405070248	0.188814118532252	0.203066382567384	0.1673813852903	0.105187799882016	0.045581460704781	0.0160078397835096	0.0037961621677839	0.000487823364679893	6.55853335273782e-05	
0.000202622239250398	0.000601648132403355	0.00224594574146093	0.0104679520021945	0.0283824872199434	0.0658021335966328	0.130527070020235	0.183944545419684	0.205483479464331	0.178280796075658	0.113770573585039	0.0538931971785587	0.0195306764542594	0.00583337853323609	0.000899276536690172	0.000134217800424177	
8.21926578596513e-05	0.000545067099490319	0.00180529684094682	0.00838192072994002	0.0243778232096492	0.0593579801716702	0.115656663099217	0.177511223623727	0.204952150895338	0.182809448867948	0.129178653095938	0.0623992815496517	0.0241495871765611	0.0074629202964819	0.00121385577870622	0.000102438007269292	1.34968996064269e-05	
7.4411856473719e-06	0.000439722156510977	0.00173050829008649	0.00590968581064536	0.0201796302215276	0.0517740392261236	0.105176486753219	0.170444164371292	0.20843937743926	0.189886425010413	0.133789749126483	0.0727161314002633	0.028091687174632	0.00924333698066797	0.00207574469395874	7.35466023286758e-05	2.23235569421157e-05	
2.80972475039991e-05	0.000269768051188703	0.00162946797948039	0.00475257184621325	0.0164906710243257	0.045058849081582	0.0947215097357824	0.160122593634508	0.207562641348116	0.194412440013238	0.143491953499917	0.0831838835567323	0.0342846751061835	0.0109360348061118	0.00271871035357714	0.000258736003088973	7.32596944122676e-05	4.13701803739864e-06	
0.000188249811142931	0.00135019357632654	0.00419319947991002	0.0138631671981037	0.0379055308662024	0.0844094802951896	0.150145967342041	0.204923192342032	0.199093867775415	0.15395225707186	0.0926357367889406	0.0405632364948544	0.0132456731171289	0.00323442670905671	0.000268234293112417	1.35331661466808e-05	1.40536725369377e-05	
0.000100021455379548	0.000995550340850317	0.00341783159703688	0.0110434742651187	0.0329174237375271	0.0754541820542507	0.137011600761338	0.200186119371375	0.205578467781863	0.165182755955595	0.101890422781536	0.0461618882668787	0.0152556040518536	0.00422093996674243	0.000554695843218874	2.86762721813557e-05	3.45497255197056e-07	
3.16286696859881e-05	0.000756655097872485	0.00285057730142452	0.00878964206251598	0.0282261547201532	0.0700309144178596	0.128736505897444	0.186540332723178	0.208905451653059	0.172725729210276	0.112466509670292	0.0547455777645586	0.018482265266177	0.00590361284561925	0.000745359144413204	6.30835554726027e-05	
2.25567301763936e-05	0.000257741242480653	0.00237859845418204	0.0071826574066335	0.0242194584496287	0.0638156125446195	0.114851700864884	0.182360497115361	0.211531245267895	0.17767062068078	0.122843253107146	0.0617543820382681	0.0225499106998287	0.00706917432225769	0.00139991613792409	9.26749379340203e-05	
8.36045292309006e-05	0.000195314410841551	0.00155362118787805	0.00594890695972129	0.019151129417143	0.0536088250806472	0.106320769232822	0.170665483158579	0.215419343419834	0.190445069600771	0.129065648233054	0.0701995213195997	0.0268603564221175	0.00854438288739804	0.00168792208057876	0.000250102059784354	
2.64149832876478e-05	0.000102291579576999	0.00125816870062038	0.00499544563140497	0.0160759106343886	0.0459649074287797	0.0990290632183236	0.160541227052205	0.209814389535554	0.20649266106669	0.139010356446266	0.0752656833201613	0.0294629887082151	0.0094336946690309	0.00219297545817586	0.000332403313183488	1.41825413624955e-06	
4.48036622871983e-06	0.00011738559519246	0.000920446438028202	0.0047439909776177	0.0134636797319522	0.0398320687051616	0.0917233119368964	0.149332398549723	0.20307170324348	0.207970535677963	0.157184509187529	0.081577791433934	0.0363730467619408	0.011149660182143	0.00214107741338063	0.000368823747948216	2.5090050880831e-05	
7.78139821386983e-05	0.000634846008124578	0.00415914827608473	0.0114422830658636	0.0347534657150506	0.0853806210172482	0.145409482930623	0.195809000592765	0.20515883121585	0.166708022349482	0.0908263300749409	0.0429068836896815	0.0136161771822559	0.00264803339217449	0.000442759744523456	2.63007631937325e-05	
