# <N_i^j*N_k^m*U^p> as a function of N_tot.
# number_of_species: 1
# max_order: 2
# species_total_upper_bound: 427
# species_total_lower_bound: 402
# volume: 729
#	N_tot	N_1^0*N_1^0*U^0	N_1^0*N_1^0*U^1	N_1^0*N_1^0*U^2	N_1^0*N_1^1*U^0	N_1^0*N_1^1*U^1	N_1^0*N_1^1*U^2	N_1^0*N_1^2*U^0	N_1^0*N_1^2*U^1	N_1^0*N_1^2*U^2	N_1^1*N_1^0*U^0	N_1^1*N_1^0*U^1	N_1^1*N_1^0*U^2	N_1^1*N_1^1*U^0	N_1^1*N_1^1*U^1	N_1^1*N_1^1*U^2	N_1^1*N_1^2*U^0	N_1^1*N_1^2*U^1	N_1^1*N_1^2*U^2	N_1^2*N_1^0*U^0	N_1^2*N_1^0*U^1	N_1^2*N_1^0*U^2	N_1^2*N_1^1*U^0	N_1^2*N_1^1*U^1	N_1^2*N_1^1*U^2	N_1^2*N_1^2*U^0	N_1^2*N_1^2*U^1	N_1^2*N_1^2*U^2	
402	1	-1758.96203952826	3094367.43581053	402	-707102.739890361	1243935709.19583	161604	-284255301.435925	500062155095.004	402	-707102.739890361	1243935709.19583	161604	-284255301.435925	500062155095.004	64964808	-114270631177.213	201024986347180	161604	-284255301.435925	500062155095.004	64964808	-114270631177.213	201024986347180	26115852812.7252	-45936793733392	8.08120445142959e+16	
403	1	-1766.8744396536	3122261.73413976	403	-712050.3991804	1258271478.85832	162409	-286956310.869701	507083405973.812	403	-712050.3991804	1258271478.85832	162409	-286956310.869701	507083405973.812	65450827	-115643393279.976	204354612611210	162409	-286956310.869701	507083405973.812	65450827	-115643393279.976	204354612611210	26376683283.423	-46604287492289.9	8.23549088820285e+16	
404	1	-1774.64716865254	3149786.24104418	404	-716957.456135624	1272513641.38185	163216	-289650812.278792	514095511108.444	404	-716957.456135624	1272513641.38185	163216	-289650812.278792	514095511108.444	65939264	-117018928160.533	207694586487114	163216	-289650812.278792	514095511108.444	65939264	-117018928160.533	207694586487114	26639462656	-47275646977067.8	8.39086129432629e+16	
405	1	-1782.4973658316	3177706.91327778	405	-721911.433161797	1286971299.8775	164025	-292374130.430528	521223376438.519	405	-721911.433161797	1286971299.8775	164025	-292374130.430528	521223376438.519	66430125	-118411522824.578	211095467461739	164025	-292374130.430528	521223376438.519	66430125	-118411522824.578	211095467461739	26904200627.5457	-47956666743921.2	8.5493664320733e+16	
406	1	-1790.62240585649	3206735.85214975	406	-726992.696777736	1301934755.9728	164836	-295159034.891761	528585510927.335	406	-726992.696777736	1301934755.9728	164836	-295159034.891761	528585510927.335	66923416	-119834568166.038	214605717433070	164836	-295159034.891761	528585510927.335	66923416	-119834568166.038	214605717433070	27170906892.4063	-48652834675465.4	8.71299212786546e+16	
407	1	-1798.57981373882	3235289.1241794	407	-732021.984191701	1316762673.5434	165649	-297932947.566022	535922408125.3	407	-732021.984191701	1316762673.5434	165649	-297932947.566022	535922408125.3	67419143	-121258709659.249	218120420109545	165649	-297932947.566022	535922408125.3	67419143	-121258709659.249	218120420109545	27439591200.0478	-49352294831457.6	8.87750109844557e+16	
408	1	-1806.59272598275	3264172.29542831	408	-737089.832200962	1331782296.53475	166464	-300732651.537992	543367176935.365	408	-737089.832200962	1331782296.53475	166464	-300732651.537992	543367176935.365	67917312	-122698921827.501	221693808208017	166464	-300732651.537992	543367176935.365	67917312	-122698921827.501	221693808208017	27710263296	-50061160105595.2	9.04510737501172e+16	
409	1	-1814.77305525593	3293794.52938521	409	-742242.179599677	1347161962.50188	167281	-303577051.456268	550989242665.054	409	-742242.179599677	1347161962.50188	167281	-303577051.456268	550989242665.054	68417929	-124163014045.424	225354600253693	167281	-303577051.456268	550989242665.054	68417929	-124163014045.424	225354600253693	27982932960.0465	-50782672745003.9	9.2170031504873e+16	
410	1	-1822.91956214479	3323425.32533334	410	-747397.020479363	1362604383.38667	168100	-306432778.396539	558667797187.706	410	-747397.020479363	1362604383.38667	168100	-306432778.396539	558667797187.706	68921000	-125637439142.681	229053796846633	168100	-306432778.396539	558667797187.706	68921000	-125637439142.681	229053796846633	28257609995.7436	-51511350048246	9.39120567073751e+16	
411	1	-1831.15739655247	3353518.96568054	411	-752605.689983066	1378296294.92017	168921	-309320938.58304	566479777208.287	411	-752605.689983066	1378296294.92017	168921	-309320938.58304	566479777208.287	69426531	-127130905758.053	232823188431977	168921	-309320938.58304	566479777208.287	69426531	-127130905758.053	232823188431977	28534304244.311	-52250802266406.4	9.56903304451256e+16	
412	1	-1839.244913167	3383201.19692933	412	-757768.904224803	1393878893.13488	169744	-312200788.540619	574278103959.669	412	-757768.904224803	1393878893.13488	169744	-312200788.540619	574278103959.669	69934528	-128626724878.753	236602578838398	169744	-312200788.540619	574278103959.669	69934528	-128626724878.753	236602578838398	28813025536	-52994210649847.6	9.74802624803629e+16	
413	1	-1847.39295901088	3413237.45490063	413	-762973.292071495	1409667068.84215	170569	-315107969.625528	582192499450.63	413	-762973.292071495	1409667068.84215	170569	-315107969.625528	582192499450.63	70444997	-130139591454.588	240445502275898	170569	-315107969.625528	582192499450.63	70444997	-130139591454.588	240445502275898	29093783764.4328	-53747651270738.3	9.93039924371919e+16	
414	1	-1855.55020478333	3443440.63293649	414	-768197.784780298	1425584422.03571	171396	-318033882.899044	590191950724.036	414	-768197.784780298	1425584422.03571	171396	-318033882.899044	590191950724.036	70957944	-131666027520.068	244339467600260	171396	-318033882.899044	590191950724.036	70957944	-131666027520.068	244339467600260	29376588811.4279	-54509735393336.4	1.01156539585608e+17	
415	1	-1863.68037331091	3473675.06005851	415	-773427.354924029	1441575149.97307	172225	-320972352.293472	598253687212.79	415	-773427.354924029	1441575149.97307	172225	-320972352.293472	598253687212.79	71473375	-133203526202.306	248275280193925	172225	-320972352.293472	598253687212.79	71473375	-133203526202.306	248275280193925	29661450624.0438	-55279463373938.2	1.03034241280933e+17	
416	1	-1871.83385441846	3504132.00516191	416	-778682.883438081	1457718914.14735	173056	-323932079.510242	606411068285.299	416	-778682.883438081	1457718914.14735	173056	-323932079.510242	606411068285.299	71991296	-134755745076.261	252267004403581	173056	-323932079.510242	606411068285.299	71991296	-134755745076.261	252267004403581	29948379136	-56058389951724.4	1.04943073833584e+17	
417	1	-1880.13627600514	3535282.78517393	417	-784016.827094143	1474212921.35673	173889	-326935016.898258	614746788227.76	417	-784016.827094143	1474212921.35673	173889	-326935016.898258	614746788227.76	72511713	-136331902046.737	256349410691090	173889	-326935016.898258	614746788227.76	72511713	-136331902046.737	256349410691090	30237384320.0429	-56850403153292	1.06897704259106e+17	
418	1	-1888.53107032795	3566918.49217498	418	-789405.987397084	1490971929.72914	174724	-329971702.731981	623226266627.912	418	-789405.987397084	1490971929.72914	174724	-329971702.731981	623226266627.912	73034632	-137928171741.902	260508579451058	174724	-329971702.731981	623226266627.912	73034632	-137928171741.902	260508579451058	30528476170.8907	-57653975788099	1.0889258621043e+17	
419	1	-1896.82948784248	3598331.16243782	419	-794771.555405999	1507700757.13378	175561	-333009281.715114	631726617204.972	419	-794771.555405999	1507700757.13378	175561	-333009281.715114	631726617204.972	73560059	-139530889038.69	264693452608554	175561	-333009281.715114	631726617204.972	73560059	-139530889038.69	264693452608554	30821664725.319	-58463442507241.4	1.10906556645275e+17	
420	1	-1905.28343745097	3630472.67577051	420	-800219.043729407	1524798523.82361	176400	-336091998.366351	640415379993.414	420	-800219.043729407	1524798523.82361	176400	-336091998.366351	640415379993.414	74088000	-141158639313.75	268974459606558	176400	-336091998.366351	640415379993.414	74088000	-141158639313.75	268974459606558	31116960000	-59286628512059.9	1.12969273032183e+17	
421	1	-1913.7981950383	3662981.81366721	421	-805709.040111122	1542115343.47385	177241	-339203505.886782	649230559641.531	421	-805709.040111122	1542115343.47385	177241	-339203505.886782	649230559641.531	74618461	-142804675978.168	273326065609911	177241	-339203505.886782	649230559641.531	74618461	-142804675978.168	273326065609911	31414372085.4933	-60120768586916.5	1.15070273618742e+17	
422	1	-1922.18792966413	3695169.33704921	422	-811163.306318261	1559361460.23477	178084	-342310915.266306	658050536216.747	422	-811163.306318261	1559361460.23477	178084	-342310915.266306	658050536216.747	75151448	-144455206242.352	277697326285518	178084	-342310915.266306	658050536216.747	75151448	-144455206242.352	277697326285518	31713911050.486	-60960097034208.3	1.17188271689971e+17	
423	1	-1930.64417831216	3727748.20756562	423	-816662.487426046	1576837491.88675	178929	-345448232.181217	667002259038.61	423	-816662.487426046	1576837491.88675	178929	-345448232.181217	667002259038.61	75686967	-146124602212.013	282141955561471	178929	-345448232.181217	667002259038.61	75686967	-146124602212.013	282141955561471	32015587040.0407	-61810706736188.7	1.19346047207916e+17	
424	1	-1938.94580290579	3759862.89001438	424	-822113.020432055	1594181865.3661	179776	-348575920.663191	675933110856.143	424	-822113.020432055	1594181865.3661	179776	-348575920.663191	675933110856.143	76225024	-147796190361.193	286595639026251	179776	-348575920.663191	675933110856.143	76225024	-147796190361.193	286595639026251	32319410176	-62665584713093.1	1.21516550949003e+17	
425	1	-1947.57781515009	3793406.47552093	425	-827720.571438787	1612197752.00556	180625	-351781242.861484	685184044641.112	425	-827720.571438787	1612197752.00556	180625	-351781242.861484	685184044641.112	76765625	-149507028214.823	291203218970443	180625	-351781242.861484	685184044641.112	76765625	-149507028214.823	291203218970443	32625390624.0405	-63540486992027.3	1.23761368061969e+17	
426	1	-1956.0664513374	3826544.86362256	426	-833284.308269731	1630108111.90321	181476	-354979115.322905	694426055674.309	426	-833284.308269731	1630108111.90321	181476	-354979115.322905	694426055674.309	77308776	-151221103127.588	295825499713479	181476	-354979115.322905	694426055674.309	77308776	-151221103127.588	295825499713479	32933538570.3385	-64420189932343	1.26021662876121e+17	
427	1	-1964.7414247411	3860560.92500902	427	-838944.588364451	1648459515.07104	182329	-358229339.231621	703892212901.892	427	-838944.588364451	1648459515.07104	182329	-358229339.231621	703892212901.892	77854483	-152963927851.594	300561974905310	182329	-358229339.231621	703892212901.892	77854483	-152963927851.594	300561974905310	33243864245.6936	-65315597192634.6	1.28339963286787e+17	
