# <P(U)> as a function of N_tot.
# number_of_species: 1
# species_total_upper_bound: 496
# species_total_lower_bound: 473
# volume: 729
# Bin widths for each
10	10	10	10	10	10	10	10	10	10	10	10	10	10	10	10	10	10	10	10	10	10	10	10	
# Bin lower bound for each
-2530	-2530	-2550	-2560	-2570	-2580	-2590	-2600	-2600	-2610	-2630	-2630	-2640	-2650	-2660	-2670	-2680	-2690	-2700	-2710	-2730	-2740	-2750	-2760	
# Bin upper bound for each
-2360	-2370	-2380	-2410	-2410	-2420	-2420	-2430	-2430	-2440	-2460	-2480	-2500	-2510	-2510	-2520	-2530	-2540	-2550	-2560	-2570	-2590	-2600	-2610	
# Normalized histogram for each
7.59847789651469e-06	0.000144666166554032	0.000795258172081829	0.00432568805471471	0.0177001894986616	0.0522537882174667	0.116701967867085	0.190238620534256	0.226807129030653	0.195058711299329	0.119680261361672	0.0542243464910642	0.0168913425923221	0.00416696101547062	0.000825578312037824	0.000135474221448151	4.02202927104836e-05	2.19839457588483e-06	
0.000124477428279004	0.000692709472883539	0.00385363146046957	0.0167374784693843	0.050208940583577	0.116050862913303	0.187960990121981	0.225930658568855	0.19660668686225	0.122723217235652	0.0561094673035666	0.0179431635798164	0.00416317306576878	0.000734691420205666	0.000138133675571617	2.05431074864135e-05	1.17473094990213e-06	
4.23904798466377e-07	9.07740964991793e-05	0.000800229937656614	0.00377646552768904	0.0145449775927578	0.0485895028279347	0.112623392291718	0.184900154413901	0.229166383758938	0.200087581654845	0.125291874898327	0.0562735081704799	0.0187646721307605	0.00415005721179952	0.000818370139549606	0.000118240203958432	2.70422026607861e-06	6.87018121652404e-07	
1.02158310296878e-06	5.05099874196419e-05	0.00060489394931214	0.00385602379833296	0.0146981728344065	0.0466204994776646	0.109608847213228	0.183904324831203	0.227758479424338	0.201246340142049	0.128543058166227	0.0582135412825089	0.0193300452173113	0.00451962958797715	0.000903152433246039	0.000141460071672519	
4.61388843603068e-06	5.41323726061688e-05	0.000460992107973218	0.00346701389360829	0.0137647720654623	0.0456280651960069	0.107864894473098	0.179359388039699	0.228722263679463	0.202985626635478	0.132015852674134	0.0600771033655745	0.0200374268638071	0.00459868023688644	0.000786080221854564	0.000171404486007318	1.68979990491569e-06	
1.53094602629969e-05	0.0001295799762241	0.000505476397964356	0.00306253789751938	0.013817176862136	0.0447399967795824	0.106532530548098	0.18100059285628	0.22787203933313	0.203211214333765	0.131916041334662	0.0612106274955851	0.0202073132836649	0.00470004833562095	0.000919991410262564	0.000151905660845402	7.61803439740687e-06	
3.45454790789183e-06	0.000139776323042393	0.000594521789738085	0.00287942473332883	0.0133860778825759	0.0438857646554692	0.105658336885563	0.179399692285407	0.225713472651215	0.20458492617764	0.133661138435338	0.0627401261417834	0.0209883124967503	0.00521462530393747	0.00104529600264223	9.33908977150587e-05	8.14918993656535e-06	3.51360000888144e-06	
1.4041174873285e-06	8.41583681352474e-05	0.000678957315951679	0.00287379987122321	0.012783898514763	0.0441894987501581	0.104881294725207	0.177522130517421	0.224524180055986	0.207220693392826	0.135044960433152	0.0633724188403834	0.0205844510453403	0.00513700077785153	0.000944025137191147	0.000127863372451357	1.07008532718509e-05	1.85639112008905e-05	
3.97419074695812e-05	0.000540513457507883	0.00316480212108909	0.013197767180883	0.043735998565176	0.105731581128702	0.178729793080907	0.223914445902644	0.205524877647762	0.135905389215766	0.0626875532534579	0.0206707155302629	0.00512142967867154	0.00083901868705936	0.000170343456942473	7.59858216041918e-06	1.83865111850762e-05	4.40923529618134e-08	
6.52458274114229e-05	0.000423340898472019	0.00281105868153235	0.0128738664520105	0.04337317550423	0.105252044543947	0.179295839429931	0.224271002343609	0.20591257047481	0.135122012317574	0.0629257282959944	0.0215885370447233	0.00503299790980435	0.000865198685044736	0.000143826143423663	2.38885325261368e-05	1.18350864983237e-05	7.8318284576853e-06	
1.47079683143643e-06	0.000118644277735872	0.000409342945596249	0.00279344693104759	0.0123716940650882	0.0411420229827001	0.103765696989061	0.178469775190002	0.225747775098957	0.206747199714585	0.135791995182477	0.0643638717907556	0.0223663208981931	0.00485573480194992	0.0009212667603968	0.000121081186211487	1.09012000447641e-05	1.7591883670122e-06	
4.24220385824417e-05	0.000316052809804756	0.00271032565065233	0.0117459755683547	0.0411299052493996	0.102710495223842	0.180779390568903	0.228706119775694	0.204441159195425	0.136005386219321	0.0640884624816157	0.0215416007870035	0.00486314351444631	0.00083319355520711	7.23703883134067e-05	1.39969734347216e-05	
2.41249243014595e-05	0.000357085929161413	0.00246802393044293	0.0116087910255168	0.0414237775082918	0.102865528013939	0.182256464446602	0.229416573261553	0.203123611979676	0.134702248702291	0.0638148849671455	0.0214706411356093	0.00554066719822249	0.000838458680388585	8.91182968584333e-05	
2.60641507593542e-05	0.000359940255866952	0.0024162884283854	0.0121616743973079	0.0420549038785992	0.101743608110535	0.181358865548772	0.227356609668194	0.207786752864213	0.134248408836716	0.063044052848522	0.0206174515156155	0.00575356212303217	0.000973354377868624	9.8462995613191e-05	
4.42964649066469e-05	0.000368130147354183	0.00242341236250082	0.011710635009611	0.0424455308086665	0.101288781746509	0.180221763166674	0.226219649191288	0.20758520580339	0.134677962005179	0.0637662576394736	0.0222554347209394	0.00580032634424098	0.00106488815107151	0.000127414391372529	3.12046822909456e-07	
3.56804657706896e-05	0.000336540092614909	0.00249028830343991	0.0110664205275452	0.039959183942969	0.101491701589291	0.177345291489797	0.230108571721366	0.208708164208235	0.136244460989165	0.0634256073625999	0.021820587066875	0.00561355548525626	0.00118899233958083	0.00016064766063422	4.30675486121033e-06	
2.60946825944289e-05	0.00036403219242435	0.00244278065733642	0.0113539868482231	0.0398630955837706	0.101931799585674	0.178457256213484	0.227393953327642	0.210154421680008	0.135354241427719	0.0647033431125857	0.0210711861519897	0.00560778424279698	0.00112831076640737	0.000143847648441293	3.86587890287835e-06	
2.42811825691326e-06	0.00022342947820193	0.00227947766092865	0.0118284999911821	0.0400834755817778	0.102314769152834	0.180806006329636	0.229185027240221	0.205976164171238	0.135660344367375	0.0648318366232537	0.0208691936344225	0.00500017706803897	0.000797942137118365	0.000138587334429669	2.64111108646705e-06	
4.2148649081742e-05	0.00021000354586357	0.00241302794116879	0.0118111809370096	0.0421257041708514	0.102482214031125	0.181994651886939	0.227262770425441	0.206778825696531	0.132744190147279	0.0643176862744468	0.0220873572929318	0.00490480543391252	0.000724165854692312	8.21635494755793e-05	1.91041632523724e-05	
3.06454909872519e-05	0.000328796736094814	0.002198015549031	0.0123103036655882	0.042262758016688	0.103132765479057	0.182161141883641	0.229581228017201	0.205270354478907	0.132192171330409	0.0633744637269735	0.0213330374105931	0.00485755872170744	0.000820898879233785	0.000130701102830299	1.51595110580755e-05	
4.61828104875981e-06	3.60028800051184e-05	0.00023480016697902	0.00192724528997286	0.0120956159897055	0.0434429026144202	0.104972162466171	0.183009735449092	0.228036933745239	0.205473392393263	0.133521221339342	0.0606682320386602	0.0205634032541084	0.00495786550709514	0.00094655049324368	0.000108515524520707	8.02567133473504e-07	
8.76551998424955e-06	4.51599589588537e-05	0.000319738119361474	0.00203466652357598	0.0121536809672175	0.0425995575838704	0.105249449728705	0.184563759424652	0.226795768236959	0.205933928848269	0.133724739279075	0.0599164243432823	0.0207563165529117	0.00498923580121102	0.000853901894785654	5.49072171813392e-05	
1.33944027577251e-05	3.01975183608691e-05	0.000186772004662893	0.00224422015962564	0.0126250803133764	0.0439292281058869	0.105637001162102	0.186622219314208	0.229543614084824	0.20568846565405	0.129833586638887	0.0580817087987818	0.0194590828152302	0.0050451637479174	0.000927339622394389	0.000132925656934636	
1.9158049072573e-05	9.02594990532232e-05	0.000323035497085304	0.00244424776084243	0.0135503427131227	0.0464443280992089	0.108902590029966	0.184238496272184	0.228968692141427	0.204351383080714	0.128490483574104	0.056287645334792	0.0194750406613199	0.00530009423222843	0.000959470448716433	0.000154732606162782	
