# <N_i^j*N_k^m*U^p> as a function of N_tot.
# number_of_species: 1
# max_order: 2
# species_total_upper_bound: 496
# species_total_lower_bound: 473
# volume: 729
#	N_tot	N_1^0*N_1^0*U^0	N_1^0*N_1^0*U^1	N_1^0*N_1^0*U^2	N_1^0*N_1^1*U^0	N_1^0*N_1^1*U^1	N_1^0*N_1^1*U^2	N_1^0*N_1^2*U^0	N_1^0*N_1^2*U^1	N_1^0*N_1^2*U^2	N_1^1*N_1^0*U^0	N_1^1*N_1^0*U^1	N_1^1*N_1^0*U^2	N_1^1*N_1^1*U^0	N_1^1*N_1^1*U^1	N_1^1*N_1^1*U^2	N_1^1*N_1^2*U^0	N_1^1*N_1^2*U^1	N_1^1*N_1^2*U^2	N_1^2*N_1^0*U^0	N_1^2*N_1^0*U^1	N_1^2*N_1^0*U^2	N_1^2*N_1^1*U^0	N_1^2*N_1^1*U^1	N_1^2*N_1^1*U^2	N_1^2*N_1^2*U^0	N_1^2*N_1^2*U^1	N_1^2*N_1^2*U^2	
473	1	-2450.14166806708	6003497.33733917	473	-1158917.00899573	2839654240.88376	223729	-548167745.259343	1343156456086.32	473	-1158917.00899573	2839654240.88376	223729	-548167745.259343	1343156456086.32	105823816.544626	-259283343494.876	635313003580505	223729	-548167745.259343	1343156456086.32	105823816.544626	-259283343494.876	635313003580505	50054665290.2822	-122641021484395	3.00503050614099e+17	
474	1	-2459.79134275004	6050875.36265408	474	-1165941.09646352	2868114921.35111	224676	-552656079.723825	1359486472432.92	474	-1165941.09646352	2868114921.35111	224676	-552656079.723825	1359486472432.92	106496424	-261958981802.797	644396588024765	224676	-552656079.723825	1359486472432.92	106496424	-261958981802.797	644396588024765	50479304927.8262	-124168557355535	3.05443982831273e+17	
475	1	-2469.46618676229	6098562.55093248	475	-1172996.43871209	2896817213.03511	225625	-557173308.39188	1375988175956.86	475	-1172996.43871209	2896817213.03511	225625	-557173308.39188	1375988175956.86	107171875.463703	-264657321344.198	653594383400770	225625	-557173308.39188	1375988175956.86	107171875.463703	-264657321344.198	653594383400770	50906640457.7053	-125712227707581	3.10457332098839e+17	
476	1	-2479.20923753016	6146778.68367033	476	-1180103.59706436	2925866655.00847	226576	-561729312.202634	1392712527080	476	-1180103.59706436	2925866655.00847	226576	-561729312.202634	1392712527080	107850176	-267383152607.328	662931163103165	226576	-561729312.202634	1392712527080	107850176	-267383152607.328	662931163103165	51336683593.1727	-127274380638191	3.15555233562991e+17	
477	1	-2488.97092940248	6195275.6008745	477	-1187239.13332498	2955146460.23664	227529	-566313066.594077	1409604862397.3	477	-1187239.13332498	2955146460.23664	227529	-566313066.594077	1409604862397.3	108531332.528926	-270131332784.62	672381519389632	227529	-566313066.594077	1409604862397.3	108531332.528926	-270131332784.62	672381519389632	51769445662.9915	-128852645732355	3.20725984715151e+17	
478	1	-2498.90168490153	6244809.07027508	478	-1194475.00538293	2985018736.99185	228484	-570959052.572719	1426838955912.36	478	-1194475.00538293	2985018736.99185	228484	-570959052.572719	1426838955912.36	109215352	-272918427140.876	682029020422793	228484	-570959052.572719	1426838955912.36	109215352	-272918427140.876	682029020422793	52204938240.2816	-130455008162360	3.26009871977453e+17	
479	1	-2508.71539553813	6293953.29919765	479	-1201674.67446276	3014803629.86065	229441	-575602169.061396	1444090938644.68	479	-1201674.67446276	3014803629.86065	229441	-575602169.061396	1444090938644.68	109902239.477764	-275713438934.623	691719559663809	229441	-575602169.061396	1444090938644.68	109902239.477764	-275713438934.623	691719559663809	52643172405.5897	-132066737272226	3.31333669179554e+17	
480	1	-2518.57258245436	6343507.29158834	480	-1208914.83957809	3044883506.30189	230400	-580279122.997485	1461544079301.24	480	-1208914.83957809	3044883506.30189	230400	-580279122.997485	1461544079301.24	110592000	-278533979038.793	701541158304386	230400	-580279122.997485	1461544079301.24	110592000	-278533979038.793	701541158304386	53084160000	-133696309938310	3.36739756058877e+17	
481	1	-2528.53328103815	6393779.829385	481	-1216224.50817935	3075408098.43041	231361	-585003988.429484	1479271295264.97	481	-1216224.50817935	3075408098.43041	231361	-585003988.429484	1479271295264.97	111284640.515314	-281386918428.001	711529492792021	231361	-585003988.429484	1479271295264.97	111284640.515314	-281386918428.001	711529492792021	53527912430.4482	-135347107779209	3.42245686257382e+17	
482	1	-2538.46663400709	6444111.23778122	482	-1223540.91759142	3106061615.16078	232324	-589746722.275503	1497121699212.61	482	-1223540.91759142	3106061615.16078	232324	-589746722.275503	1497121699212.61	111980168	-284257920144.896	721612658735989	232324	-589746722.275503	1497121699212.61	111980168	-284257920144.896	721612658735989	53974440960.2702	-137012317493482	3.47817301527865e+17	
483	1	-2548.35151298847	6494391.86357445	483	-1230853.78077343	3136791271.66884	233289	-594502376.10943	1515070183667.69	483	-1230853.78077343	3136791271.66884	233289	-594502376.10943	1515070183667.69	112678587.497548	-287144647677.525	731778898650959	233289	-594502376.10943	1515070183667.69	112678587.497548	-287144647677.525	731778898650959	54423757616.0129	-138690864817288	3.53449207969331e+17	
484	1	-2558.35409815307	6545469.35569678	484	-1238243.38350609	3168007166.8692	234256	-599309797.616947	1533315470213.92	484	-1238243.38350609	3168007166.8692	234256	-599309797.616947	1533315470213.92	113379904	-290065942047.749	742124687344696	234256	-599309797.616947	1533315470213.92	113379904	-290065942047.749	742124687344696	54875873347.5575	-140391915922714	3.59188348631653e+17	
485	1	-2568.3650645251	6596790.48984282	485	-1245657.05629467	3199443386.01341	235225	-604143672.298611	1551730043421.49	485	-1245657.05629467	3199443386.01341	235225	-604143672.298611	1551730043421.49	114084124.494705	-293009681034.707	752589071064228	235225	-604143672.298611	1551730043421.49	114084124.494705	-293009681034.707	752589071064228	55330800639.7399	-142109695323431	3.65005699273868e+17	
486	1	-2578.3241061816	6648046.34130267	486	-1253065.51560426	3230950522.21167	236196	-608989840.586616	1570241953332.15	486	-1253065.51560426	3230950522.21167	236196	-608989840.586616	1570241953332.15	114791256	-295969062546.042	763137589250965	236196	-608989840.586616	1570241953332.15	114791256	-295969062546.042	763137589250965	55788550341.4193	-143840964391879	3.708848683137e+17	
487	1	-2588.31298144064	6699655.11304654	487	-1260508.42196159	3262732039.38914	237169	-613867601.495547	1588950503404.85	487	-1260508.42196159	3262732039.38914	237169	-613867601.495547	1588950503404.85	115501303.515723	-298953521958.532	773818895270491	237169	-613867601.495547	1588950503404.85	115501303.515723	-298953521958.532	773818895270491	56249134339.6611	-145590365170836	3.76849801951641e+17	
488	1	-2598.22835727291	6751079.53835532	488	-1267935.43834918	3294526814.93464	238144	-618752493.9144	1607729085361.38	488	-1267935.43834918	3294526814.93464	238144	-618752493.9144	1607729085361.38	116214272	-301951217028.373	784571793643964	238144	-618752493.9144	1607729085361.38	116214272	-301951217028.373	784571793643964	56712564736	-147352193908037	3.82871035395233e+17	
489	1	-2608.32959651638	6803672.86618554	489	-1275473.17269651	3326996032.27344	239121	-623706381.454572	1626901059505.51	489	-1275473.17269651	3326996032.27344	239121	-623706381.454572	1626901059505.51	116930168.478512	-304992420508.329	795554617894751	239121	-623706381.454572	1626901059505.51	116930168.478512	-304992420508.329	795554617894751	57178852547.3982	-149141293571850	3.89026208272413e+17	
490	1	-2618.42163441312	6856422.57070722	490	-1283026.60086243	3359647059.39563	240100	-628683034.420427	1646227058820.71	490	-1283026.60086243	3359647059.39563	240100	-628683034.420427	1646227058820.71	117649000	-308054686919.934	806651259350244	240100	-628683034.420427	1646227058820.71	117649000	-308054686919.934	806651259350244	57648010169.1449	-150946796553577	3.95259116751163e+17	
491	1	-2628.43173458188	6908945.02771128	491	-1290559.9816797	3392292010.2962	241081	-633664951.000907	1665615376014.79	491	-1290559.9816797	3392292010.2962	241081	-633664951.000907	1665615376014.79	118370771.525652	-311129490908.472	817817149858519	241081	-633664951.000907	1665615376014.79	118370771.525652	-311129490908.472	817817149858519	58120048627.8824	-152764580052565	4.01548220284171e+17	
492	1	-2638.57495403321	6962368.52010204	492	-1298178.87738434	3425485314.61236	242064	-638704007.673094	1685338773279.92	492	-1298178.87738434	3425485314.61236	242064	-638704007.673094	1685338773279.92	119095488	-314242371816.1	829186676774202	242064	-638704007.673094	1685338773279.92	119095488	-314242371816.1	829186676774202	58594979902.6686	-154607246915045	4.07959844821213e+17	
493	1	-2648.76993784924	7016272.50992706	493	-1305843.57935967	3459022345.66472	243049	-643780884.623855	1705298016291.93	493	-1305843.57935967	3459022345.66472	243049	-643780884.623855	1705298016291.93	119823156.46359	-317383976101.824	840711922648664	243049	-643780884.623855	1705298016291.93	119823156.46359	-317383976101.824	840711922648664	59072816351.5803	-156470300222263	4.14470977818652e+17	
494	1	-2658.92203591382	7070156.70599	494	-1313507.48574143	3492657414.43236	244036	-648872697.952846	1725372762413.53	494	-1313507.48574143	3492657414.43236	244036	-648872697.952846	1725372762413.53	120553784	-320543112766.328	852334144078246	244036	-648872697.952846	1725372762413.53	120553784	-320543112766.328	852334144078246	59553569501.2771	-158348297708998	4.21053067285146e+17	
495	1	-2669.19251098187	7124877.6324054	495	-1321250.29293603	3526814427.19418	245025	-654018894.999018	1745773141858.91	495	-1321250.29293603	3526814427.19418	245025	-654018894.999018	1745773141858.91	121287375.540058	-323739353057.909	864157705522617	245025	-654018894.999018	1745773141858.91	121287375.540058	-323739353057.909	864157705522617	60037250839.8406	-160250979509315	4.27758063992772e+17	
496	1	-2679.39231524275	7179436.42992077	496	-1328978.58836041	3561000475.23116	246016	-659173379.826761	1766256232905.26	496	-1328978.58836041	3561000475.23116	246016	-659173379.826761	1766256232905.26	122023936	-326949996395.28	876063091543999	246016	-659173379.826761	1766256232905.26	122023936	-326949996395.28	876063091543999	60523872256	-162167198286894	4.34527293503949e+17	
