# <N_i^j*N_k^m*U^p> as a function of N_tot.
# number_of_species: 1
# max_order: 2
# species_total_upper_bound: 496
# species_total_lower_bound: 473
# volume: 729
#	N_tot	N_1^0*N_1^0*U^0	N_1^0*N_1^0*U^1	N_1^0*N_1^0*U^2	N_1^0*N_1^1*U^0	N_1^0*N_1^1*U^1	N_1^0*N_1^1*U^2	N_1^0*N_1^2*U^0	N_1^0*N_1^2*U^1	N_1^0*N_1^2*U^2	N_1^1*N_1^0*U^0	N_1^1*N_1^0*U^1	N_1^1*N_1^0*U^2	N_1^1*N_1^1*U^0	N_1^1*N_1^1*U^1	N_1^1*N_1^1*U^2	N_1^1*N_1^2*U^0	N_1^1*N_1^2*U^1	N_1^1*N_1^2*U^2	N_1^2*N_1^0*U^0	N_1^2*N_1^0*U^1	N_1^2*N_1^0*U^2	N_1^2*N_1^1*U^0	N_1^2*N_1^1*U^1	N_1^2*N_1^1*U^2	N_1^2*N_1^2*U^0	N_1^2*N_1^2*U^1	N_1^2*N_1^2*U^2	
473	1	-2450.13357818555	6003460.09572836	473	-1158913.18248177	2839636625.87972	223729	-548165935.317487	1343148124170.31	473	-1158913.18248177	2839636625.87972	223729	-548165935.317487	1343148124170.31	105823816.475448	-259282487391.123	635309062517319	223729	-548165935.317487	1343148124170.31	105823816.475448	-259282487391.123	635309062517319	50054665280.8469	-122640616543731	3.00501186553946e+17	
474	1	-2459.78205332172	6050831.55234776	474	-1165936.6932745	2868094155.47021	224676	-552653992.611795	1359476629114.11	474	-1165936.6932745	2868094155.47021	224676	-552653992.611795	1359476629114.11	106496424	-261957992503.763	644391922344227	224676	-552653992.611795	1359476629114.11	106496424	-261957992503.763	644391922344227	50479304899.0282	-124168088427944	3.05441771379343e+17	
475	1	-2469.45114601	6098490.20411588	475	-1172989.29435475	2896782848.57972	225625	-557169914.820294	1375971852923.85	475	-1172989.29435475	2896782848.57972	225625	-557169914.820294	1375971852923.85	107171875.532927	-264655709500.881	653586629902790	225625	-557169914.820294	1375971852923.85	107171875.532927	-264655709500.881	653586629902790	50906640448.1915	-125711462033010	3.10453649158367e+17	
476	1	-2479.19519942658	6146710.19108853	476	-1180096.91492705	2925834052.08784	226576	-561726131.505278	1392697008197.68	476	-1180096.91492705	2925834052.08784	226576	-561726131.505278	1392697008197.68	107850176	-267381638580.824	662923776213990	226576	-561726131.505278	1392697008197.68	107850176	-267381638580.824	662923776213990	51336683583.8196	-127273659969152	3.15551717458054e+17	
477	1	-2488.9391308872	6195117.69461765	477	-1187223.9654332	2955071138.67423	227529	-566305831.512229	1409568934230.34	477	-1187223.9654332	2955071138.67423	227529	-566305831.512229	1409568934230.34	108531332.461315	-270127881662.101	672364381656920	227529	-566305831.512229	1409568934230.34	108531332.461315	-270127881662.101	672364381656920	51769445636.2103	-128850999547434	3.20717810050127e+17	
478	1	-2498.86910374119	6244646.0360474	478	-1194459.43158829	2984940806.82497	228484	-570951608.299781	1426801705203.25	478	-1194459.43158829	2984940806.82497	228484	-570951608.299781	1426801705203.25	109215352	-272914868787.956	682011214564387	228484	-570951608.299781	1426801705203.25	109215352	-272914868787.956	682011214564387	52204938256.9979	-130453307264063	3.26001360808093e+17	
479	1	-2508.67525062568	6293750.74022945	479	-1201655.4450497	3014706603.86801	229441	-575592958.171272	1444044463249.64	479	-1201655.4450497	3014706603.86801	229441	-575592958.171272	1444044463249.64	109902239.544508	-275709026869.217	691697297981946	229441	-575592958.171272	1444044463249.64	109902239.544508	-275709026869.217	691697297981946	52643172398.7407	-132064623927250	3.3132300580112e+17	
480	1	-2518.5315614254	6343300.8976058	480	-1208895.14948419	3044784438.41911	230400	-580269671.752411	1461496526023.07	480	-1208895.14948419	3044784438.41911	230400	-580269671.752411	1461496526023.07	110592000	-278529442441.158	701518332788303	230400	-580269671.752411	1461496526023.07	110592000	-278529442441.158	701518332788303	53084160000	-133694132372324	3.36728799832668e+17	
481	1	-2528.48060565677	6393513.69815314	481	-1216199.17132091	3075280089.55639	231361	-584991801.40218	1479209722888.14	481	-1216199.17132091	3075280089.55639	231361	-584991801.40218	1479209722888.14	111284640.450458	-281381056461.364	711499876492390	231361	-584991801.40218	1479209722888.14	111284640.450458	-281381056461.364	711499876492390	53527912432.6573	-135344288178976	3.42231440819805e+17	
482	1	-2538.41422727252	6443846.04497655	482	-1223515.65754535	3105933792.04121	232324	-589734546.932287	1497060088598.19	482	-1223515.65754535	3105933792.04121	232324	-589734546.932287	1497060088598.19	111980168	-284252051650.243	721582962374900	232324	-589734546.932287	1497060088598.19	111980168	-284252051650.243	721582962374900	53974441015.1306	-137009488876715	3.47802987874875e+17	
483	1	-2548.3278090579	6494271.67992189	483	-1230842.33177497	3136733223.19867	233289	-594496846.245096	1515042146130.86	483	-1230842.33177497	3136733223.19867	233289	-594496846.245096	1515042146130.86	112678587.559353	-287141976744.868	731765356568080	233289	-594496846.245096	1515042146130.86	112678587.559353	-287141976744.868	731765356568080	54423757574.2254	-138689574761104	3.53442667092898e+17	
484	1	-2558.33627139166	6545379.10736826	484	-1238234.75535356	3167963487.07832	234256	-599305621.591125	1533294329182.43	484	-1238234.75535356	3167963487.07832	234256	-599305621.591125	1533294329182.43	113379904	-290063920850.439	742114455046811	234256	-599305621.591125	1533294329182.43	113379904	-290063920850.439	742114455046811	54875873339.2151	-140390937659236	3.59183396167725e+17	
485	1	-2568.38276304858	6596882.43135852	485	-1245665.64007856	3199487977.46974	235225	-604147835.43467	1551751670435.4	485	-1245665.64007856	3199487977.46974	235225	-604147835.43467	1551751670435.4	114084124.43374	-293011700120.975	752599560169972	235225	-604147835.43467	1551751670435.4	114084124.43374	-293011700120.975	752599560169972	55330800553.5242	-142110674600087	3.65010786439184e+17	
486	1	-2578.34765250611	6648169.0143646	486	-1253076.95911797	3231010141.37531	236196	-608995402.133997	1570270928165.46	486	-1253076.95911797	3231010141.37531	236196	-608995402.133997	1570270928165.46	114791256	-295971765462.953	763151670992652	236196	-608995402.133997	1570270928165.46	114791256	-295971765462.953	763151670992652	55788550317.2313	-143842278007263	3.70891712026176e+17	
487	1	-2588.32404335974	6699712.74056438	487	-1260513.80911619	3262760103.99713	237169	-613870225.043608	1588964170835.43	487	-1260513.80911619	3262760103.99713	237169	-613870225.043608	1588964170835.43	115501303.575812	-298954799629.627	773825551372412	237169	-613870225.043608	1588964170835.43	115501303.575812	-298954799629.627	773825551372412	56249134418.1091	-145590987390123	3.76853043447908e+17	
488	1	-2598.24172246352	6751150.40419719	488	-1267941.9605622	3294561397.19185	238144	-618755676.754352	1607745961544.06	488	-1267941.9605622	3294561397.19185	238144	-618755676.754352	1607745961544.06	116214272	-301952770254.626	784580029225900	238144	-618755676.754352	1607745961544.06	116214272	-301952770254.626	784580029225900	56712564736	-147352951879633	3.82875054412729e+17	
489	1	-2608.34787611847	6803769.69135109	489	-1275482.11142193	3327043379.77589	239121	-623710752.493283	1626924212416.19	489	-1275482.11142193	3327043379.77589	239121	-623710752.493283	1626924212416.19	116930168.419148	-304994557940.209	795565939668265	239121	-623710752.493283	1626924212416.19	116930168.419148	-304994557940.209	795565939668265	57178852648.3668	-149142338870118	3.89031744611488e+17	
490	1	-2618.37970796834	6856204.36227661	490	-1283006.05690449	3359540136.88549	240100	-628672967.881731	1646174666911.27	490	-1283006.05690449	3359540136.88549	240100	-628672967.881731	1646174666911.27	117649000	-308049754323.271	806625587400717	240100	-628672967.881731	1646174666911.27	117649000	-308049754323.271	806625587400717	57648010050.6148	-150944379586499	3.95246537459865e+17	
491	1	-2628.43029766456	6908938.44783784	491	-1290559.2761533	3392288779.70071	241081	-633664604.587595	1665613789820.83	491	-1290559.2761533	3392288779.70071	241081	-633664604.587595	1665613789820.83	118370771.584531	-311129320806.435	817816371005999	241081	-633664604.587595	1665613789820.83	118370771.584531	-311129320806.435	817816371005999	58120048629.3865	-152764496549877	4.01547837831145e+17	
492	1	-2638.59058509502	6962452.35923606	492	-1298186.56786675	3425526563.18718	242064	-638707791.39044	1685359067676.73	492	-1298186.56786675	3425526563.18718	242064	-638707791.39044	1685359067676.73	119095488	-314244233417.606	829196661719753	242064	-638707791.39044	1685359067676.73	119095488	-314244233417.606	829196661719753	58594979894.6976	-154608162814123	4.07964757382415e+17	
493	1	-2648.72817062111	7016052.16138602	493	-1305822.98811621	3458913713.84831	243049	-643770733.139811	1705244461201.83	493	-1305822.98811621	3458913713.84831	243049	-643770733.139811	1705244461201.83	119823156.404974	-317378971416.721	840685519782737	243049	-643770733.139811	1705244461201.83	119823156.404974	-317378971416.721	840685519782737	59072816452.7835	-156467832914181	4.1445796123624e+17	
494	1	-2658.89517659851	7070015.68811881	494	-1313494.21723966	3492587750.84895	244036	-648866143.313544	1725338348972.9	494	-1313494.21723966	3492587750.84895	244036	-648866143.313544	1725338348972.9	120553784	-320539874769.128	852317143910361	244036	-648866143.313544	1725338348972.9	120553784	-320539874769.128	852317143910361	59553569407.9701	-158346698140373	4.21044669163214e+17	
495	1	-2669.14568196394	7124629.00807143	495	-1321227.11257215	3526691358.35268	245025	-654007420.723938	1745712222641.79	495	-1321227.11257215	3526691358.35268	245025	-654007420.723938	1745712222641.79	121287375.598674	-323733673295.705	864127550610886	245025	-654007420.723938	1745712222641.79	121287375.598674	-323733673295.705	864127550610886	60037250869.4277	-160248167899658	4.27743137260627e+17	
496	1	-2679.3589999123	7179259.0308833	496	-1328962.0639565	3560912487.54906	246016	-659165183.722423	1766212590064.41	496	-1328962.0639565	3560912487.54906	246016	-659165183.722423	1766212590064.41	122023936	-326945931127.627	876041444623606	246016	-659165183.722423	1766212590064.41	122023936	-326945931127.627	876041444623606	60523872256	-162165181939040	4.34516556641782e+17	
