# <P(U)> as a function of N_tot.
# number_of_species: 1
# species_total_upper_bound: 427
# species_total_lower_bound: 402
# volume: 729
# Bin widths for each
10	10	10	10	10	10	10	10	10	10	10	10	10	10	10	10	10	10	10	10	10	10	10	10	10	10	
# Bin lower bound for each
-2030	-2030	-2050	-2050	-2070	-2070	-2080	-2080	-2090	-2090	-2100	-2100	-2110	-2110	-2120	-2130	-2140	-2150	-2150	-2160	-2170	-2170	-2190	-2190	-2200	-2200	
# Bin upper bound for each
-1800	-1800	-1810	-1810	-1810	-1820	-1820	-1830	-1830	-1840	-1840	-1850	-1860	-1870	-1880	-1890	-1900	-1900	-1910	-1920	-1930	-1940	-1940	-1950	-1950	-1960	
# Normalized histogram for each
1.33063961184862e-05	0.000218098168761093	0.000744271089560663	0.00247486295045636	0.00396695350187595	0.00916455855333875	0.0178470453844421	0.0322070546203482	0.0547327556076321	0.0767751175968598	0.0993928228087344	0.115246696782209	0.121876196783603	0.124363479037104	0.108457520027393	0.0856539054526063	0.0620654669619926	0.0415520732505701	0.0222816236641962	0.0113687313884705	0.00567080584295259	0.00268637128494925	0.00118287525114239	5.7407594682612e-05	
6.23891968503172e-05	0.000456284925325373	0.00123103601736005	0.00338665947656742	0.00684056632514974	0.0145157160048873	0.0262501267280561	0.0444850315148544	0.0676144199332461	0.0892728040504908	0.110180600104809	0.121623520318103	0.123617034142872	0.11643741832992	0.0965682489871024	0.0700299557637582	0.0497948891230188	0.0292818837241799	0.0151598077543379	0.00757542924214896	0.00384230516831851	0.00142472379036872	0.000334830546211026	1.43188320640072e-05	
1.20399446525039e-05	5.96818761806913e-05	0.000267597479534683	0.00094714231266364	0.00283197622874756	0.00512163710105061	0.0115653378020084	0.0219517967222351	0.0361123251748252	0.0579107096990687	0.0788049332184403	0.103189704992874	0.117428039969509	0.124296245815796	0.122005290325788	0.103870156058397	0.0801859019239055	0.0565052727189872	0.0377329276174063	0.0199302511765486	0.010548286133298	0.00547234903721871	0.00247530905113843	0.000682392992079011	9.26946276472343e-05	
8.44964327224121e-05	0.000315770103441355	0.000627944614000905	0.00207131832798253	0.00410026002557237	0.00863943921078791	0.016925226178844	0.0306466506859685	0.0487912965078703	0.0706238649002204	0.0905813316047093	0.116185291687978	0.120578592533418	0.125190325646427	0.110337573521849	0.0921631356446404	0.0643033262701335	0.0443735969964472	0.0269799164307166	0.0139622008161739	0.00717153841679111	0.00361215829186737	0.00137557110535331	0.000329381990779616	2.97920553063824e-05	
3.25460293844151e-05	1.95017874485979e-05	0.000235571260306243	0.000601326638150146	0.00131139834273552	0.00331504556444114	0.00626201103465377	0.0134545543776993	0.0250643171533073	0.0423054470687909	0.0604237699667307	0.0831216549914244	0.106136088897155	0.120804661831257	0.122823290558552	0.116593696402372	0.0995090973901184	0.0770071342962825	0.0515681503523237	0.0335156944186143	0.0187649815055897	0.00915628293348211	0.00528498439857004	0.00205194966214122	0.000504850908189201	0.000129150910255615	2.84132002562354e-06	
3.90950427231136e-05	4.74998401815029e-05	0.000485058689681889	0.000731217378879865	0.00161002809494569	0.00472451493494305	0.00955841958226119	0.0203434302117831	0.0334099613150095	0.0549281529897265	0.0739685849046272	0.0973888077132609	0.118934760688674	0.12490764273702	0.120873212611577	0.105770937687596	0.0857933708560847	0.0600594091834892	0.0394592506129772	0.024409569345819	0.0117027890428948	0.00614861872247588	0.00343234099842372	0.00103098848822908	0.0002131762264446	2.916210027229e-05	
2.46949414881856e-05	8.87751486318876e-05	0.000127400569933921	0.000597870865465251	0.0010105929901319	0.00249672190481835	0.0070146297899005	0.0160595636923066	0.0270586906311444	0.0464447262622724	0.0654251316493663	0.0874230056048652	0.112440374380379	0.125183344110459	0.122783375719984	0.113633076733895	0.0943963505182265	0.0715351667364457	0.0470681785543049	0.0290711384013432	0.0161308624208084	0.007860843118229	0.00410835177855501	0.00150626479005374	0.000342816444146248	8.86485079063071e-05	7.94037349389351e-05	
5.54645223073897e-05	0.000119122667228371	0.000507752490577649	0.000940123653110255	0.00180385753231533	0.00467389445025771	0.011641499009391	0.0239170583533415	0.0383927944526402	0.0584420847651689	0.0772155650088951	0.100290697124757	0.123950979950962	0.124466547896955	0.116947071340864	0.102882402985302	0.0801883373488387	0.0573486773413182	0.0360961850619167	0.0211187471472012	0.0107081823658367	0.00486310410476542	0.00259863892583372	0.000694945253365089	9.18946290047433e-05	4.43716178459117e-05	
3.06180015883405e-05	3.2009728933265e-05	0.000205090002374793	0.00081985392682829	0.0013969146923011	0.00343478308727383	0.00760490429533871	0.0183723192010169	0.0341622250531925	0.0508005785031011	0.0701116810586035	0.0886956693367167	0.115666712678016	0.129169883981813	0.119672103976709	0.109738713312644	0.0895586668112376	0.0646645867512365	0.0451625645081439	0.0251377588660307	0.0140391128522604	0.0069981111729516	0.00308166390366615	0.00110363978452518	0.000287581477728504	4.13722583445757e-05	1.08807774239557e-05	
0.000102104447878802	8.66804301592829e-05	0.000512306836485527	0.00135820585786347	0.00245904732088636	0.00567221438415849	0.0137727555249851	0.0271813257720804	0.0436031882081982	0.0624035361536426	0.0849891420014103	0.102224780711259	0.121390078761918	0.124348558325987	0.114604530735096	0.0994293368386219	0.0760282975912528	0.0536124834096206	0.0321270816687716	0.0181192692125899	0.00959373902154111	0.00412866537121914	0.00158179037918609	0.000533976944025347	6.28433118654801e-05	7.40607792978579e-05	
3.67223984316476e-05	0.000158237834908592	0.000232320173411326	0.000767600133883744	0.00151492644363335	0.00473910202260085	0.00916619116686058	0.0206456384182592	0.0363308203567045	0.0554700753892989	0.0770534100508439	0.0978609840455205	0.116254570376628	0.126933265328892	0.118621507467206	0.105551648842065	0.0829770644395212	0.0601283371320189	0.0399658277681261	0.0235523182607864	0.0124304043607848	0.00635667267018377	0.00220844423901436	0.000799732232511436	0.000194067675045026	4.06751565961652e-05	9.43561626368722e-06	
5.53456586788285e-05	0.000165138090628709	0.000679172131675926	0.000898885407776797	0.00303245412923558	0.00692693936452911	0.0160963409970591	0.0289733881122662	0.0496499354985514	0.0686168028392451	0.0909266250114608	0.110211184137703	0.119909772451011	0.123379983773834	0.111303715144755	0.0933740331524348	0.0689396311128381	0.0464559388203182	0.0303372541002658	0.0161067423853491	0.00845067854291189	0.00388369861040021	0.00117612734997538	0.000333358074084081	0.000108765134340992	8.08996866999117e-06	
2.0385117721458e-05	0.000101276381036543	0.000478465979640591	0.000757755076575981	0.00201358220142911	0.00541555971365791	0.0111935070933068	0.0238866836750394	0.0399275640160863	0.0613075274189571	0.0829148433131036	0.102560383769967	0.117435287313952	0.125489745961182	0.117258573013194	0.103822832812041	0.0774701991002762	0.0543185482368366	0.036045432584533	0.0200535024943204	0.010368104587859	0.00509199466039757	0.00149953964691158	0.000473921526645361	9.36157317017276e-05	1.16857362734473e-06	
1.08945097438573e-05	0.000196870199606644	0.000369900648479671	0.00144076687094941	0.00375027476594428	0.00878071851214321	0.0183082877099036	0.0327427440962972	0.0539760154163721	0.0753648859697299	0.0953099135552695	0.113200492944523	0.125448869822785	0.123330977128579	0.107442936800949	0.0864772859084643	0.0638018378397084	0.042558312863404	0.0250995405721156	0.0130644397434279	0.00622217494147405	0.00233052789026537	0.000617398275719534	0.000136501798555388	1.74312155901716e-05	
3.46022490692956e-06	0.000102781495383611	0.000371397473343773	0.00100256812766333	0.00233103817896821	0.00616599262767044	0.0130663218744782	0.0276160549822048	0.0462119444144345	0.069966901026418	0.0888408900159824	0.105968875148806	0.121531557058916	0.123737386358845	0.11360097788519	0.0968856566116376	0.0734505785688279	0.0487188132812659	0.0314939418510486	0.0169985470900085	0.00748779854211754	0.00324043654710052	0.000845320129115089	0.00031834069143752	4.24197942293957e-05	
2.85452422889444e-05	0.000102404456641953	0.000237322328267726	0.000730655798140335	0.00195221296030803	0.00373264244459919	0.00979767439478966	0.0216558544627862	0.0383052830459182	0.0598116270020071	0.0822620120427641	0.100856741285381	0.118030224675378	0.125890022733789	0.12041061627002	0.101602373735305	0.0814708096096342	0.059102860156474	0.0370156269200836	0.0209720487035596	0.00952643059025929	0.00427474603694753	0.00161581432023922	0.000605210338753943	1.02404456641953e-05	
5.42968027390843e-06	3.76289470145282e-05	0.000106194444426907	0.000743108567719793	0.00168888310845408	0.00305943542689598	0.00692372625067319	0.0167380627532141	0.030978346308796	0.0500459944427854	0.073180851916835	0.0964542293736864	0.111894724813071	0.123224826013472	0.120716187455292	0.111119669521879	0.0913699020195254	0.068231508939716	0.0441705752998793	0.0264659031862753	0.0138735907296417	0.00530871204827112	0.00276635896373921	0.000699544853894249	0.000196604934569196	
2.27130770541139e-05	1.35257649872813e-05	0.000132705618743137	0.000413301441450983	0.000993505718782758	0.00259171521374218	0.00526662664231178	0.0137652731088014	0.024691794390508	0.0413315477622196	0.0668539006838805	0.0870703256838327	0.108531631468841	0.12029560176575	0.123428219977427	0.115301404446531	0.0980785119616889	0.0762354223196815	0.0555723918720361	0.0313658662008359	0.0171513080116551	0.00670405817610163	0.00295308282170426	0.000858630873579396	0.000375658982288266	1.27601556483786e-06	
2.79867296684754e-05	3.71016737348137e-05	0.000226461427225645	0.000670911235080056	0.0024552578206862	0.00416976596161505	0.00890478683483696	0.0206551051517921	0.0346532200273037	0.0543708981146958	0.0805845785930275	0.100106477952234	0.115744512482723	0.124048098147664	0.120468492719471	0.106362282310102	0.0869031605234083	0.0634703082622732	0.039919603625745	0.0214125441657554	0.00947864317253459	0.00379181673159674	0.00102921840253288	0.000442780874433814	6.59870598605336e-05	
3.88329607957961e-07	9.31991059099106e-06	0.000127113225004906	0.000303285423815168	0.00152238150639786	0.00332526643294402	0.00666619549340901	0.0160295990004914	0.0285373073432093	0.0482283367739337	0.0686810100090662	0.0910047847385429	0.111534865008862	0.122056008520469	0.121921517032913	0.113561686675997	0.095557172732634	0.072940985808365	0.050312890109452	0.0281142869569405	0.01289526129146	0.00471652197505474	0.00143203015094631	0.000419654862999903	0.000102130686892944	
7.54532594377067e-06	6.97292190665703e-05	0.000126709439124701	0.000448426526347888	0.00111046383200046	0.00235622316368232	0.00498173640846128	0.0114528941398576	0.0230002349458389	0.0412253193038838	0.062727546866231	0.0832963655726031	0.100488260643658	0.120063437978331	0.122161689049833	0.119898351450355	0.104732636578856	0.0808235801322722	0.0602788284138242	0.0349749274022562	0.0169749019042581	0.00645619717133536	0.0016627036359885	0.000530644560769665	0.00015064633522218	
7.74052410243094e-05	7.80557052345977e-05	0.000357885408500631	0.00073307316499493	0.0022111880364541	0.004160238996162	0.00783054834913484	0.0186856251832683	0.0330196447997078	0.0536146426258564	0.0753960871715709	0.0962282442487906	0.115999364106188	0.126456486936467	0.119859869194249	0.109558597588755	0.0904703350593184	0.0672377048604507	0.0438343928528033	0.021875111391996	0.00896860053145528	0.00246890195657033	0.00059894744483348	0.000279049146213687	
6.02159737531661e-06	3.20715512380993e-05	2.14683036859114e-05	0.000138234931050747	0.000632398628699012	0.00144583789152982	0.00298265426514324	0.00662480434717441	0.014547001120148	0.0277356084149991	0.0456931899268101	0.0663763296766965	0.0911028411598172	0.107439958456214	0.124004194697093	0.12394568047912	0.11730621485138	0.0985454046114178	0.0749192745964908	0.0510631457426848	0.0271930101297667	0.0123034324806795	0.00444524790589133	0.00114410350131016	0.000325689875430168	2.61808581535505e-05	
5.22401496531215e-05	0.000118480140900628	6.42955688038419e-05	0.000368143982667159	0.00106606201177983	0.00210697615995493	0.00535856899841374	0.0102356989997761	0.022067639197638	0.039058002510379	0.0602807253421633	0.0809588802615585	0.103644716168119	0.120797114684499	0.126533031265146	0.121225146878431	0.106253353318539	0.082005109164413	0.0593020327121854	0.0345456461594481	0.0155994531247063	0.00639987203107757	0.0015182050440133	0.000378643863862948	6.19622618714444e-05	
6.72514525343775e-06	0.000226844322587112	9.89372330553822e-05	0.000220765825915735	0.000452524677726513	0.00123160688939399	0.00395516138731987	0.00958087472153695	0.0165382961456511	0.0326367419257841	0.0511434363552299	0.0722333625402943	0.0973680756061522	0.116924151354567	0.126310643512336	0.126592194304966	0.11476731967396	0.0901940269070475	0.065242962038495	0.0444030301952555	0.0203465389751267	0.00702907008700657	0.00198508181721185	0.000398982175131836	0.00010449841086111	8.14777213397265e-06	
0.000115484127248042	0.000411025537716523	8.69997610406563e-05	0.00026486593916822	0.000905570846032076	0.00255250854466542	0.00707301612833792	0.0140420192090317	0.0274008002946907	0.0440101502298985	0.0651077856150599	0.0855047829246407	0.11421663739608	0.125783996735511	0.127249072711436	0.119531871685792	0.100472737368215	0.0743114581134173	0.0530813253144042	0.0246438745337135	0.0097930797683409	0.00278309013355688	0.000546487387870197	0.000108524146364789	2.83554776725102e-06	
