# <P(U)> as a function of N_tot.
# number_of_species: 1
# species_total_upper_bound: 427
# species_total_lower_bound: 402
# volume: 729
# Bin widths for each
10	10	10	10	10	10	10	10	10	10	10	10	10	10	10	10	10	10	10	10	10	10	10	10	10	10	
# Bin lower bound for each
-2030	-2030	-2040	-2050	-2050	-2050	-2060	-2060	-2070	-2090	-2090	-2090	-2100	-2100	-2110	-2120	-2120	-2130	-2130	-2140	-2150	-2160	-2170	-2170	-2180	-2180	
# Bin upper bound for each
-1800	-1810	-1810	-1810	-1820	-1830	-1830	-1840	-1850	-1850	-1860	-1860	-1870	-1880	-1880	-1890	-1900	-1910	-1920	-1930	-1930	-1940	-1940	-1950	-1950	-1970	
# Normalized histogram for each
1.9599883330864e-05	0.000176731151390163	0.000383028228482816	0.00198490343901546	0.00358677864954811	0.00990292410327212	0.0196424051116496	0.0359910332194768	0.0620020716080077	0.0799728392125232	0.108063126241188	0.117019608520568	0.117850444252949	0.11913207730194	0.105902820456431	0.0820846435910707	0.057496756053208	0.0382264165234325	0.0222943689867392	0.0101241702439222	0.00421663252743485	0.00293134526290752	0.000984312784904236	1.09626466087883e-05	
3.76506783509272e-05	0.000153628214342623	0.000743937064201802	0.00254276545577155	0.00685948296205955	0.0164573804406071	0.0283119654528133	0.0513921674487026	0.0750536017916344	0.0948709691082908	0.116282103086213	0.120519821401318	0.119503253085843	0.109810892744647	0.0949872828110534	0.0636736842600667	0.0461775484970992	0.0260092230715289	0.0151994443835609	0.00656836253838184	0.00339562055377425	0.0013160929084275	0.000133122041312207	
1.66846622666829e-05	6.84411656245563e-05	0.000731401113241527	0.00219250082316676	0.00518314140864177	0.0130950763561651	0.0230769309346918	0.0382051525642113	0.0640558234749112	0.0852354699575631	0.112592187015315	0.119826179869512	0.117542083655535	0.117933321960523	0.099815481255463	0.0779830899245411	0.0518024713049347	0.034188575500991	0.0190205149840185	0.00940129643230845	0.00487702893154487	0.00270700132694141	0.000440611285165054	9.53409272381879e-06	
1.25628780535009e-05	9.8805338204561e-05	0.000631199737877247	0.00148717313173875	0.00383031965733901	0.00917395681425785	0.0170094578099508	0.0319837293752345	0.0528863212327918	0.0757083171345773	0.0979011505219536	0.12100122742714	0.118649932007667	0.120628075995226	0.105780112284967	0.0911722014067028	0.0619540028894619	0.0415715820907685	0.0254724236338295	0.0118943292187078	0.00691060154115955	0.00293190410789136	0.00112522642890005	0.000168750010610539	1.66373249897714e-05	
0.000139648407751445	0.000361100662200428	0.00139374587344089	0.00322560439865102	0.00660489050093048	0.0139624448465801	0.0250285543343546	0.0456954918550408	0.064799599400744	0.0878925857306025	0.112396431709362	0.124533863540915	0.121311681897356	0.109136599759791	0.0961893440734824	0.0738883832719006	0.0494570997010908	0.033305118422192	0.0167691040219768	0.00802567613959775	0.00406589077372406	0.00157070231169456	0.000187566979038706	5.88713875814915e-05	
0.000354364007988928	0.000532053696808592	0.00144148644701513	0.00458980927634943	0.00993505357259504	0.0202870856149536	0.0355758448975475	0.0565841814208338	0.0788085923287469	0.102752700967884	0.124196631071191	0.122733483404968	0.117156057915331	0.0982928590067857	0.0856179996608665	0.0580740671545179	0.0394240958725562	0.0244159170700223	0.0102721562965272	0.00522644604714903	0.00300820181757937	0.000570637743523719	0.000150274708258915	
1.79920175415507e-05	0.000474122980770865	0.000976233544384142	0.00211905984378264	0.0071458296335859	0.0153911714502666	0.0292996673809053	0.0494417310186714	0.0701255542957441	0.0901619981268311	0.116320392519186	0.126979663356024	0.119246094482748	0.108572496668978	0.0916633320350205	0.0716655377230968	0.0454011903385531	0.028413727109739	0.0161678268741435	0.00614194169186937	0.00311261903468828	0.000865949140564636	0.000230897558449901	6.49711744555999e-05	
0.000238280810607356	0.00117709389262321	0.00166730008539505	0.0039083377650458	0.0117173590232883	0.0247469264770581	0.0405769590443209	0.0619020932103946	0.0789548125069471	0.105068525700715	0.126195314387568	0.122131894418971	0.113909209686448	0.100797774803335	0.0802770047702753	0.055199280631564	0.0361314910721239	0.0198189065839384	0.0101452381443649	0.00315123044083947	0.00176447605843604	0.000442616589536011	7.78738962040802e-05	
8.29868880716847e-05	0.000895191893014237	0.00110582527960582	0.00300452528500497	0.00795574299260717	0.0195435787812192	0.0367895205890803	0.0535248764028617	0.0723519017328595	0.0916315222194893	0.120339653001492	0.130675020013505	0.115400766678865	0.106053576868188	0.087034915150073	0.061627262892463	0.0454418201924096	0.024480132139122	0.0135881863998822	0.00558411770940191	0.00198401985819574	0.000653230122973903	0.000251626909614948	
7.40025620430384e-05	6.48789585034857e-05	0.000497067437284518	0.0011296372826935	0.00172267151276443	0.00482875165111881	0.0135972104751133	0.0281929486709444	0.0452165791420231	0.0655933028695085	0.087687291529883	0.105574623136039	0.12344573500257	0.122524926867559	0.110213130757796	0.0981054330383256	0.075074754414557	0.0515855302351153	0.0324962483404334	0.0179664028368325	0.00950916026690933	0.00319562661753888	0.00111071425312999	0.000564649685725649	2.87224555874807e-05	
4.47836478402497e-05	0.000125932964603409	0.000939109728018468	0.00134047896279725	0.00363959736470119	0.0083156162937053	0.0197906684346667	0.0369589680770036	0.0576560844814895	0.0814025295689927	0.10048945496617	0.1176197053438	0.128915959612557	0.113979434540786	0.106065860920173	0.0829339282936353	0.0569617695803873	0.0397823582058795	0.0234376736208152	0.011815138489222	0.005424545614334	0.00168763641334836	0.000610135111928815	6.26297631450108e-05	
6.40537092064362e-05	0.000664171883161924	0.00108411759164904	0.00237135737345539	0.00636392440292181	0.0158832646839703	0.0285559656439196	0.0519681101586785	0.0733452649066169	0.0954413968504072	0.115264135917175	0.120294578555709	0.120484341950898	0.106170564409087	0.0926634525634329	0.0666384647661783	0.0435787869186569	0.0308125743939303	0.0157150808806529	0.00765424698356697	0.00370552420425255	0.000790566635553234	0.000453856495714053	3.21981212053743e-05	
5.19734532329079e-05	0.000214257909245865	0.000969110444295242	0.00151606916641299	0.00500147258117493	0.0107556763319612	0.0243023624586201	0.040109363459551	0.0668201828122022	0.0872726205616174	0.106853884237795	0.118588924280336	0.124657443676864	0.113549620682182	0.100424379155887	0.0747618678905531	0.0538819750053653	0.0359914395833355	0.0197170310642148	0.00868593078620985	0.00451850838310587	0.00092137972193849	0.000324568912025915	0.000109957441873703	
0.000191560072193767	0.000313810227357425	0.00146491211572179	0.00347907920207916	0.0077344991331036	0.0190905285037905	0.0333460807854102	0.058851085379369	0.079511013310987	0.101990761928446	0.117143163638973	0.125099872455821	0.120750065652861	0.101385432100313	0.0830813447656384	0.0622782692164357	0.0406706413640192	0.0254524126468656	0.0104682355088288	0.00542741928180994	0.00187868187166032	0.000326696995850461	6.44338424651761e-05	
7.82735892159536e-05	0.000383930184208569	0.00111424756413299	0.00233049871964242	0.00615492503798571	0.0122443269356775	0.0301151436373489	0.0476254059778355	0.0744151617004849	0.0947418565361989	0.111286626549976	0.122162051122217	0.120912507127855	0.107953446694269	0.094362176501631	0.0704037287979514	0.0470725323454097	0.0310572601410341	0.0161381723648187	0.00609506876387939	0.00261455038729489	0.000423952426658355	0.000276613905781266	3.75429884927198e-05	
6.10377619110959e-05	0.000266731491357159	0.000726455212571944	0.00212644272276402	0.0034015321536698	0.00985036575026523	0.0226418342941195	0.0414584002955216	0.0636606215761079	0.0870659571232656	0.104040100045478	0.122548654681861	0.125733908523094	0.118497581952016	0.0964103798065914	0.0774061138668269	0.0554737994524948	0.0353881419505481	0.0198954878275532	0.00804004923948007	0.00370354558832817	0.00124898079286289	0.000351760974713078	2.11691659807269e-06	
4.96671433091585e-05	0.000619970984663272	0.00202176532309519	0.00317348733157889	0.00682697460758615	0.0176947012799188	0.0326076952118443	0.0528399359953764	0.0777606856427571	0.0991717396038507	0.117738915457144	0.127965484461304	0.119768669201891	0.106459264085758	0.0854215820061844	0.0646944064029631	0.0421674046694756	0.023119881549073	0.0121927626983777	0.00481458699686402	0.00230136008088451	0.000580723521768623	8.33574433160702e-06	
0.000109543360676494	0.000512150777188804	0.000980555342159398	0.00315363954259245	0.00524172094042264	0.0156501185059993	0.0253628445992278	0.044152731897604	0.0703887224398863	0.0900560236044603	0.110621366930424	0.124329224745987	0.123496624072794	0.11318603307925	0.0911098449605786	0.0733421252550084	0.0535955118520226	0.0297463573275972	0.0162824824517227	0.00590289336736291	0.00217913042488598	0.000582215848790328	1.81386733587702e-05	
0.000370384460505604	0.000859205812451952	0.00244195336170555	0.00428239087476052	0.00984820697313349	0.0231077553194315	0.0377339936130215	0.0589769062417677	0.0851037255939251	0.101731906252535	0.119759795628171	0.125187435353197	0.117145211524699	0.10373923211262	0.0820706644740289	0.0585401253421211	0.0363271069025738	0.0202649110251826	0.00861251540576838	0.00302480642746243	0.000657863097002685	0.000213904203935407	
0.000116643575626539	0.000345908534616632	0.00132403256220595	0.00400025303245873	0.00761108472309217	0.0183313240654711	0.0332510977842474	0.054114574706188	0.0744844189413078	0.0947749162926942	0.112836387822703	0.122372274370554	0.118058655995425	0.109651177204262	0.0899811944229013	0.0702216264502288	0.047301346666535	0.0235108107386683	0.0123792108239388	0.00389604168746323	0.00124322306310417	0.000193796536307415	
0.000206790397472334	0.000583835786503163	0.00118630463002239	0.00241791316337793	0.00583543503255853	0.013030352519171	0.025783401307456	0.0507546205414474	0.0704603570751362	0.0881909895651227	0.10128637510682	0.121269780725454	0.118067817751165	0.115201249803165	0.099799018732068	0.0773995267203518	0.055016840995356	0.0306740307430827	0.0153503507946999	0.00563741313250551	0.00162363343881105	0.000222135267956147	1.826770295692e-06	
3.87361965408208e-05	0.000462989777702191	0.00114769816608089	0.00279011289941169	0.00445576935066698	0.00858873706349379	0.019836252874318	0.038424093471549	0.0611522801047574	0.0868203595973354	0.102455764185841	0.114123475500094	0.121570048139869	0.11370549349361	0.107191171983917	0.0859556201240813	0.0620133304164362	0.0395301041118288	0.0191102258762958	0.00799035505597749	0.0021544703599847	0.000339033948771565	0.000143877301437334	
1.12550169237938e-06	0.000272371409555809	0.000850128944977224	0.00195199510181663	0.00359972957946004	0.00723322420969147	0.0168281261372257	0.0324819788420689	0.0540537194454428	0.0756445935775872	0.10179937707233	0.108283017154897	0.117213873083927	0.115164709669335	0.109899237585154	0.0949071798754295	0.0711789780294566	0.0477479086302719	0.0238617613801352	0.011470362914269	0.00434106002750726	0.00113413053868762	6.90307704659352e-05	1.23805186161732e-05	
9.97369484677491e-05	0.000609628089510736	0.00155358040703134	0.00200893374104702	0.00535815276712132	0.0128178788379114	0.0260231255243661	0.0447172662961582	0.0672492250775296	0.0913063747225482	0.110575030201245	0.120230089778195	0.118265981631965	0.112083785013459	0.100670815026436	0.0771276655353185	0.0562908613312753	0.0330286189010109	0.0129672974873013	0.00475487497020966	0.00170561388278555	0.000467306825966869	8.81570031400329e-05	
3.21001702415925e-05	0.000322846539786132	0.000793280069188781	0.00111575764150087	0.00429035378815216	0.00987578341018926	0.0183494904190216	0.0362588026415119	0.0614699811752795	0.079604363556935	0.104598220248492	0.117889904533356	0.118625994644068	0.11580228656523	0.109714323243549	0.0860904427831069	0.0659160392374771	0.043363271354177	0.0171042251941322	0.00634624055351025	0.00197508288854304	0.000281891150167548	0.000156073241519467	2.32449508646015e-05	
0.000107405376981685	0.000378902302129834	0.00117959447011483	0.00203921042130505	0.00717229239622142	0.0151381911890297	0.0299202291314709	0.0512987473102039	0.0754340034981335	0.0927512558597465	0.121687308637555	0.121769354411639	0.116381184666391	0.111465151057458	0.0952268006250396	0.073334750487613	0.0490917159873649	0.0228109628071589	0.0092215720716185	0.00310021145433593	0.000231592844116759	0.000259562994372406	
