# <P(U)> as a function of N_tot.
# number_of_species: 1
# species_total_upper_bound: 427
# species_total_lower_bound: 402
# volume: 729
# Bin widths for each
10	10	10	10	10	10	10	10	10	10	10	10	10	10	10	10	10	10	10	10	10	10	10	10	10	10	
# Bin lower bound for each
-2030	-2030	-2040	-2050	-2050	-2050	-2060	-2060	-2070	-2090	-2090	-2090	-2100	-2100	-2110	-2110	-2120	-2130	-2130	-2140	-2150	-2160	-2170	-2170	-2180	-2180	
# Bin upper bound for each
-1800	-1810	-1810	-1810	-1820	-1830	-1830	-1840	-1850	-1850	-1860	-1860	-1870	-1880	-1880	-1890	-1900	-1910	-1920	-1930	-1930	-1940	-1940	-1950	-1950	-1970	
# Normalized histogram for each
2.13281895042172e-05	0.000192315200275314	0.000416803432175634	0.00196761585544838	0.00327550381521546	0.00896398500230634	0.0183433274578389	0.0343908018387068	0.0584410467152419	0.0767991954573125	0.10493722282391	0.116552048735275	0.1171618903572	0.121093868615461	0.108819676303152	0.0852458814904573	0.0599629395595259	0.0396639255725715	0.0239407119711151	0.0109485911104106	0.00458845270130557	0.00318982956246123	0.00107110890679653	1.19293263328672e-05	
4.08175462969374e-05	0.000166550166586611	0.000759133472647506	0.00232805790843604	0.00642147469421462	0.0155456540610907	0.0267285684193187	0.0490794549982908	0.0710469481959738	0.0912089938547726	0.114075566398121	0.120883714455024	0.120624595924514	0.112068217782018	0.0979136402764223	0.0666882173592651	0.048301734964383	0.0274078890112605	0.0163423250986363	0.00711610186601786	0.00368123245665505	0.00142679190850455	0.000144319181549886	
1.81260075655736e-05	7.43536228710264e-05	0.000753524028797417	0.00207487298847556	0.00475530259704997	0.0127022621997279	0.0214456563797258	0.036018966462447	0.0605364262467549	0.0816768998460399	0.110033374049032	0.119591698732437	0.116735187907511	0.119901690453661	0.102154109535834	0.0817397859947368	0.0546576810991611	0.0361173647892315	0.0201169090496127	0.0101675804887216	0.00529834298697369	0.00294085224788388	0.000478674567139842	1.03577186088992e-05	
1.36583579552921e-05	0.000107421139594325	0.000682917897764607	0.00147473351436195	0.00325364235183635	0.00871255579623797	0.0165923209020127	0.0309930290694155	0.0503358479477763	0.0728267337624273	0.0941802844186929	0.118955807459974	0.11907024235095	0.120195026585809	0.106736745117322	0.0945457377801994	0.0652729235235315	0.0438691691731599	0.0273233605171571	0.0128425479260706	0.00740283001176834	0.0031875654309175	0.00122334589902265	0.000183464970372438	1.8088095670522e-05	
0.000151872215908689	0.000372980294952222	0.00104002689031588	0.00231195669855115	0.00555450295536632	0.0138948188123518	0.0243352891844276	0.0435821146642675	0.0622516023821604	0.0852959777313641	0.109721720220855	0.123330661920908	0.12161018794559	0.109624938906796	0.099211641749821	0.0774135119370445	0.0520117671188463	0.0353333688198152	0.0178970983845337	0.00867048903225758	0.00440727214793843	0.00170819019314945	0.000203985231171475	6.4024561608565e-05	
0.00036777224358757	0.000460268068377631	0.00106609729528942	0.00357638238879496	0.00933913022969919	0.0203225487869412	0.0349453648167993	0.0538366236296983	0.0771083520413202	0.100768489215208	0.122127286047208	0.12183984882276	0.116350903363605	0.0992528106201421	0.0894600454887833	0.060820611165241	0.0415427861363868	0.0260491827201585	0.0110383264372967	0.00566693543275517	0.00327531032164962	0.000621306615920484	0.000163618112377636	
1.95614114210387e-05	0.000487948540447022	0.000655307282604798	0.00153194831295505	0.00668456898060051	0.0147170641074545	0.0293497243471107	0.0474295399771856	0.0680599463075481	0.0884972742622178	0.113978186128279	0.126215660213937	0.119035897725696	0.108389780683976	0.0938458712924333	0.0745941822188944	0.0475903782488697	0.0302662126970224	0.0173629261263298	0.006640736929083	0.0033841241758397	0.000941483486727401	0.000251038113236664	7.06384301315288e-05	
0.000239167783084967	0.00108676391132093	0.00127737338693108	0.00360853452115167	0.0112314640438416	0.0247458932898579	0.0395181276496438	0.0600398105646208	0.0761068123319257	0.103062108611888	0.125388058787441	0.12089279159173	0.114084844408674	0.101571658472754	0.0833220694970845	0.0574194738381247	0.0381892969518066	0.021368916667784	0.0109469993321421	0.00341176466324995	0.0019213145241159	0.000481959320459101	8.47958503664884e-05	
9.01796857400927e-05	0.00088948316537216	0.000828276872640932	0.00254603691065402	0.00752946050817883	0.0193538643625093	0.0366839372233494	0.0523056663989042	0.0695354188864511	0.0895549469533391	0.118246573715193	0.130158259915963	0.114641197122652	0.106630778290526	0.0887599894826583	0.0645041891904617	0.047938651737643	0.0260651886856003	0.0146380824829039	0.00596055127674878	0.00215598260727218	0.000709848128717196	0.000273436396521165	
8.04448489951006e-05	7.05269908998142e-05	0.000360348844128738	0.000943665831362618	0.00141862103570355	0.00449609566986316	0.0131911185948085	0.027581930691069	0.0439581510467748	0.0630764755017885	0.085062897586728	0.103416444984172	0.122181032500454	0.122817244730862	0.11049412238343	0.0993097170765681	0.0784502575337152	0.053919721183296	0.0345262679981575	0.019222645629053	0.0100960122129239	0.00347382162989345	0.00120740739108172	0.000613805217674945	3.12228865962719e-05	
4.86103293660482e-05	0.000101241061912747	0.000810293986500217	0.00101496905751516	0.0033895653724867	0.00799767839990877	0.0196184710479802	0.0363024132652837	0.0555418699406881	0.0784424519488722	0.0983438131842909	0.115455014612338	0.128927385670698	0.113487940983405	0.107432848302147	0.0857859011039296	0.0594738242513644	0.0421404041747867	0.0248329339732841	0.012528672784502	0.00576160324907056	0.00183184188558371	0.000662270051212627	6.79813628728193e-05	
5.56156204256152e-05	0.000532056102071719	0.000937308589573035	0.00172593808720826	0.00589822193153791	0.0153128341571861	0.0280895960229641	0.0504789617231054	0.071230262016311	0.0932559015588688	0.113859635072545	0.119338885996877	0.120384459660878	0.105853210356073	0.0944631312929075	0.0696311275436731	0.0460979339167783	0.032651189210273	0.0167210216663626	0.0081691930989172	0.00393165359328816	0.000855739012948799	0.000491271313759601	3.48524554667189e-05	
4.27473247617314e-05	0.000119463505807339	0.000830519452513638	0.00124730586894052	0.00462014612714963	0.0103711879977726	0.0238865944007875	0.0388199142992473	0.0651076106649995	0.085624418187918	0.106896173999932	0.118511996158848	0.123536715181064	0.111979288921153	0.100532547698572	0.0765043527845111	0.0564337204637932	0.0382141999742753	0.0210824462309264	0.00937158760892457	0.00480334894755705	0.000994638645795285	0.000350375394029191	0.000118700160722308	
5.74758629550032e-05	0.000299776069530016	0.00147258420120008	0.00308228402317517	0.0073572861174754	0.018231493993021	0.0311598065655467	0.0566497882972381	0.0774594316200643	0.101786372360196	0.118530255782617	0.124933743102427	0.120360843234772	0.101465183714271	0.0839523258378046	0.0639980585930735	0.0426940477169874	0.0269926186716915	0.0112352164003806	0.00584037412654532	0.00201916838812511	0.000352368362430019	6.94969584750038e-05	
1.52888542341526e-06	0.000299661542989391	0.00105645982757995	0.00216528398091187	0.0054141655056693	0.0114284185400291	0.0295067242292029	0.0465346856324903	0.0715957932717575	0.0933965527455916	0.111487471739509	0.122205340779005	0.121503964591014	0.108045568430045	0.0951230466099832	0.0714815090863572	0.0485115344849663	0.0329929652159455	0.0170818546144629	0.00657038510712709	0.00280053587434091	0.000457518962957017	0.00029851487892183	4.05154637205045e-05	
0.000135276333348322	0.000709914955008235	0.00224330077301851	0.00315403439753256	0.00916754373998288	0.0216209686700012	0.0401843111462364	0.0611803412621777	0.0848902813671522	0.104969099836982	0.1230180111864	0.125355052742528	0.118913612914584	0.0963537121731171	0.0786027898171597	0.0568781728016072	0.0372067075721976	0.0210318497647716	0.0086538747333532	0.00399998780607699	0.00134895273254383	0.000379916913657118	2.28636056363361e-06	
3.07423528397311e-05	0.000494501992629333	0.00217933289094338	0.00306486261542441	0.00651325482786157	0.016606869041326	0.0311273820637117	0.052066673414988	0.0759021193478122	0.0981715798195199	0.118862682907627	0.127129751474321	0.119537515043133	0.106562367611057	0.0856204519125867	0.066404981760787	0.0440193001990755	0.0244446693884896	0.0129440301724946	0.00519695725688235	0.00248413207214705	0.000626844072536956	8.99776180675057e-06	
9.92449338143583e-05	0.000336436493779948	0.00103383332598895	0.00310341590333007	0.00477142052454205	0.0143656083733602	0.023646350832757	0.042602516376372	0.0694825660371575	0.0889165633663575	0.109991742361685	0.123929716193976	0.124073410596217	0.114357753079371	0.091074661695479	0.0746206946762182	0.0557258387442259	0.0314246246223232	0.0170892878697017	0.00635972265064442	0.00234777494007943	0.000627273963915462	1.95424387047578e-05	
0.000203585189370995	0.000854593342454672	0.00263112569837267	0.00388011696472287	0.00910521212918758	0.0211159642139038	0.0366372061609678	0.0583228992698413	0.0833542014603173	0.101331625178766	0.118873624300176	0.12376276519777	0.11882563083348	0.10476702848838	0.0824043952726435	0.060940478425195	0.0380669470155998	0.0215030083001604	0.009217454914202	0.003262007558971	0.00070945181010843	0.00023067827540896	
0.000106812257159771	0.000352362206276146	0.0013995952958463	0.00393983513863127	0.0065451082745209	0.0173386642240425	0.0303413814332707	0.0532133935475937	0.0739495546598916	0.0935620192955751	0.112613226904707	0.121037600279367	0.117839144682129	0.111995607690798	0.0903883945920678	0.0719244573267296	0.0495372388519141	0.0250066806928371	0.0131662857949157	0.00419366205232461	0.00134007997912628	0.000208894820275568	
0.000223285083767411	0.000614231228667596	0.00124818728805669	0.00249676907272782	0.00505626310715001	0.0115311360397905	0.0242852115843142	0.0487684604690723	0.0708062248409784	0.0871289167596364	0.100517737356778	0.120600771004183	0.117464522919464	0.116591896408345	0.0995066425339938	0.0786918176668208	0.057441468537317	0.0325905488079101	0.0163700315123896	0.00607090839946412	0.00175314295452716	0.000239853941573473	1.97248307215027e-06	
4.18598031472991e-05	0.000500324313808194	0.00123027954773871	0.00295490343740743	0.00417242571180602	0.00733264151703116	0.0182755913893189	0.0368099162285673	0.0605045581338979	0.0863914577297714	0.103058038019067	0.113210435609058	0.119358644029417	0.113340001666419	0.108105532949047	0.0868331783191734	0.0640490867984945	0.0419578746861013	0.020470241068613	0.0085529544449729	0.00232820238457359	0.000366372943736837	0.000155479268832825	
1.21691610742611e-06	0.000294493697997118	0.000919177299809188	0.00196572515219564	0.00354771609184958	0.00617666052259245	0.0157095756694661	0.0303397467516453	0.052430019211049	0.0750188216357949	0.102628619919781	0.107963580134737	0.116581374368826	0.11252295915056	0.110449739742208	0.096146919092927	0.0732830936279028	0.0505060748452083	0.0251605517984398	0.0123460195485404	0.0046936454263425	0.00122624579758304	7.4637521255468e-05	1.33860771816872e-05	
0.000108200460196414	0.000661360116256734	0.00149494942945533	0.00199583245867918	0.00476406220999643	0.0115182834463022	0.0239127069485768	0.042891553961231	0.0668139867938704	0.0914034531751364	0.110440655492166	0.119371448532648	0.117026699983223	0.112029621800893	0.102020066119802	0.0794013069967199	0.0583455784915316	0.0345122995961327	0.0136766192178606	0.00515836575970096	0.00185034944290947	0.000506961706762975	9.56378599488905e-05	
3.47253820989458e-05	0.00034924953260434	0.000820636616039454	0.000947963017068922	0.00409240623747691	0.00841870987621798	0.0169843041272913	0.0344272227836824	0.0601830786007028	0.0803852681358297	0.104058000169236	0.116431811323827	0.11814333360475	0.114762997271463	0.110250693310215	0.08786958583396	0.0690125059272635	0.0456842337185855	0.0177091465858164	0.00679859118725682	0.00213660885489261	0.000304944734753961	0.000168837202619012	2.51459663475125e-05	
0.000116189750772985	0.000409891620782473	0.000822203861372717	0.00183765387073245	0.0067942763637772	0.0126517728619472	0.0274470045636752	0.0504336136948986	0.0760441746977453	0.0933766193946514	0.119851745105507	0.120404856731582	0.114496123780814	0.112804110535183	0.0964415275079235	0.0771665354152815	0.0513175433613695	0.0240399821842382	0.0096590799062736	0.00335376874366605	0.000250534150104248	0.000280791897701379	
