# <P(U)> as a function of N_tot.
# number_of_species: 1
# species_total_upper_bound: 427
# species_total_lower_bound: 402
# volume: 729
# Bin widths for each
10	10	10	10	10	10	10	10	10	10	10	10	10	10	10	10	10	10	10	10	10	10	10	10	10	10	
# Bin lower bound for each
-2030	-2030	-2050	-2050	-2070	-2070	-2080	-2080	-2090	-2090	-2100	-2100	-2110	-2110	-2120	-2120	-2140	-2150	-2150	-2160	-2170	-2170	-2190	-2190	-2200	-2200	
# Bin upper bound for each
-1800	-1800	-1810	-1810	-1810	-1820	-1820	-1830	-1840	-1840	-1850	-1860	-1870	-1880	-1880	-1890	-1900	-1910	-1910	-1920	-1930	-1940	-1940	-1950	-1950	-1970	
# Normalized histogram for each
9.49388883203283e-06	0.000115696713054773	0.000673744280334262	0.00254291398665449	0.00423202163190616	0.00971820206986086	0.0182063823391784	0.0318883634530979	0.0552148483134026	0.0759940745260619	0.10050262900264	0.114399107638815	0.119817865374725	0.123737071415285	0.109280614251389	0.0874121654369667	0.0615059174282696	0.0412219825685765	0.0226619126420624	0.0112251557802335	0.00541441307491933	0.0031141564502768	0.00107120030431937	4.00674291385792e-05	
2.14776737141097e-05	0.000415397734788804	0.00103759943390059	0.00337134393451783	0.00732632738125165	0.0152169318264467	0.0265729263834835	0.0455984029722497	0.0680171892981959	0.0891725351969446	0.110811128754261	0.119497220675125	0.122937390791317	0.115134486847121	0.0977336661071082	0.0696229708276243	0.0495221461663085	0.0293747865452788	0.0154907721663016	0.00743599368491309	0.00379894489300783	0.00150099651524744	0.00037114071016579	1.82234807271234e-05	
1.53948225721868e-05	5.85996472102595e-05	0.000174805727271283	0.000949347391951521	0.00252773054491713	0.00525807681917142	0.0124974507498106	0.0224863730989877	0.0359018849884257	0.0593511794089448	0.079148921236777	0.103847679321542	0.116798697962189	0.121282398652407	0.122368147483062	0.104005269333249	0.0800851913063285	0.0562877752528062	0.0375746235055435	0.0203516243689778	0.0104529189907883	0.00529234271457403	0.00254958126082604	0.000642113083414115	9.1872328253373e-05	
7.35115430351833e-05	0.000292897554280809	0.000599086258083603	0.00177051238694113	0.00382309250262664	0.00899006790136523	0.0174391367907059	0.0308658232201633	0.0494913181719058	0.0717779505080255	0.091010572042871	0.116314459408747	0.118449904098613	0.124214324872778	0.111283349094011	0.0920894523898717	0.0637190835145278	0.0447560590002332	0.0274349016725681	0.013796049115556	0.00677979896233863	0.00331113711363162	0.00132435639249322	0.000355087006982448	3.80684776432199e-05	
4.16486519719645e-05	2.49561366974867e-05	0.000253858450114831	0.000465407158543857	0.00121128162818463	0.0029582111970087	0.00593906471671645	0.0137797539952957	0.0257785323015045	0.0427541592459346	0.0617161955080276	0.0835366184203394	0.106542375189567	0.120258334027478	0.120960246031148	0.116603334272081	0.0995159831660115	0.0778352154557486	0.0517862974612833	0.0344756633043644	0.0183520157286465	0.00840955697733917	0.00447557736270158	0.00180180001507285	0.000380457130315327	0.000139820474477309	3.63599342612389e-06	
5.0348718174116e-05	5.95328491765607e-05	0.000463634613284124	0.000613532751431166	0.00133842309126697	0.00423454040148429	0.00951869577467653	0.0208012367088404	0.0340101491207671	0.0551646468685229	0.0759363631562841	0.0973201361744224	0.118788862404333	0.122950585767155	0.120305720040791	0.106328456669106	0.0860718717291784	0.0602013227116672	0.0398811048640798	0.0251281104273671	0.0112326842230078	0.0052995715930892	0.00322527000525136	0.00088528462769993	0.00016351033231138	2.64043766320283e-05	
3.17998364999176e-05	0.000114316335315088	0.000107956368015105	0.000625559860582994	0.000997862561758952	0.00196033761315646	0.00622624491059924	0.0160804434756275	0.0283020175610112	0.0471867173876777	0.0673222107833409	0.0877474903813648	0.112731398848715	0.125002711139907	0.121181023096955	0.113666477117898	0.0935047284726115	0.0718050092733215	0.0468025101323248	0.0297036565082768	0.0160279329763815	0.0074105034370731	0.00365763350182898	0.00139576820821946	0.000306746115160743	5.78920100383115e-05	4.30520863383499e-05	
6.56130801547622e-05	0.000116898738340246	0.000431287963597928	0.00101854945272504	0.00154084910815054	0.00385391369812252	0.0109179839754298	0.024572668358605	0.039594970293393	0.059687714300786	0.077458927514316	0.100417155915565	0.124856807186114	0.123006778824331	0.116544460269733	0.101783470974271	0.0803701619715054	0.0569274062091139	0.0369668652317102	0.0217257444886641	0.0107527301879432	0.00418849156342782	0.00240261097727997	0.000696182458416286	7.5870211791859e-05	2.58870465126729e-05	
3.95825448174182e-05	2.81330483826278e-05	0.000135104057930526	0.000818148302383164	0.00133239425654003	0.00302348487995857	0.00704045892198738	0.0185604515419691	0.0347802988841975	0.0524995395666791	0.0711108595856656	0.0884202082957817	0.1158713573836	0.129306360064418	0.118072114162602	0.109923671114196	0.088610433500834	0.0642127015479392	0.0459829768887008	0.0256859638660435	0.0143161232135923	0.00638293069816085	0.00253851692382781	0.000978768380939794	0.000279531277243668	4.98870916087295e-05	
0.00012066045898908	8.46276095923412e-05	0.000415038921262439	0.00124048869138774	0.00210544236520946	0.00501468173324617	0.0131776097163074	0.0276495921097977	0.0447542865454497	0.0640416129824042	0.0853836382764728	0.101153960266346	0.120618145184284	0.123725895800603	0.11446991628974	0.0985062069888852	0.0761585676777077	0.0542464630369907	0.032806752357631	0.0185101408504248	0.00979680282841339	0.00381667213495459	0.00144214041736949	0.000646442541241497	4.59501473958415e-05	6.82640678938221e-05	
4.74385333323231e-05	0.000194860364347702	0.000264700427309178	0.000667433809245045	0.00157996670737376	0.00406818366750596	0.00871666578268474	0.0201040551051274	0.0369458874580095	0.0572563331265584	0.0775400946201079	0.0980136102469868	0.114692207924409	0.127028367913498	0.117750346153048	0.105427363534329	0.0829731244236959	0.0603479089325111	0.0400298862759994	0.0245029907689226	0.0126522521608417	0.00619583483088657	0.00207922432727054	0.000766593521279971	0.000114807839349407	3.98615453695215e-05	
7.18862655868938e-05	0.000178798321830975	0.000766397657475121	0.00103259366646974	0.00292298562508194	0.00626394568533964	0.016075837174773	0.0291786518806681	0.0513219567341419	0.0698764523610886	0.0904909648471158	0.10935251990549	0.118844842752547	0.122438322084495	0.111050436804967	0.0930466800387352	0.06936841160708	0.0463552996189528	0.0309366129927003	0.0165051532945425	0.00846089670694188	0.00386951592022259	0.00112766366968211	0.000337581906143557	0.000125592477927914	
2.66554657117332e-05	0.000128183927467252	0.000556029619146027	0.000770461805094556	0.00183515241323646	0.00516419936658464	0.0108477558644571	0.0238474736900367	0.0400699561661902	0.0633305002704596	0.083113949229657	0.103239844522234	0.116101531178236	0.125530095718589	0.11717878550907	0.102408771244152	0.0769146009812607	0.0550437064747654	0.0361325873424908	0.0202800555656103	0.0103041201879669	0.00540987107922717	0.00126044699008858	0.000414263288768338	9.10020994999299e-05	
4.86734226496234e-06	0.000211813308220085	0.000390226578139222	0.00148302883631749	0.00372217411758861	0.00844030716622158	0.0182196369734732	0.0326111931752477	0.0557371111518028	0.0762343286265015	0.0968795804418103	0.113767244028568	0.124254184697512	0.122846683585996	0.106911508528675	0.0849104501334911	0.0635332507451649	0.0419227546068975	0.0252244138503077	0.0134949581886907	0.00634684647412244	0.00220775931563154	0.000556387572701729	8.92905546537918e-05	
4.54037070613359e-06	8.57625577825233e-05	0.00044966486178523	0.000973489111770642	0.00238571256325619	0.00627210172582854	0.0133986339538002	0.0283045028201588	0.0459376210240016	0.0721888673137199	0.0910924485058901	0.107842044202695	0.119565113204054	0.122164559514254	0.112720083959862	0.0947696442922243	0.0731600021591985	0.0481993982831681	0.0310063597140643	0.0176252145955766	0.00752810279264749	0.00315034462254469	0.000838455123732669	0.000298151009702772	3.91817175751528e-05	
3.51027233330993e-05	0.000286700233155983	0.000748914082977463	0.00203427839717942	0.00361910757120394	0.0100575180795821	0.0218691645921349	0.0385209559899186	0.0608632515467872	0.0850727096648714	0.102631965245281	0.118104372321318	0.12414825509233	0.118843544978681	0.0998407108956502	0.080432431960341	0.0594262233131126	0.0360597344218649	0.0208532010828434	0.00997975463028435	0.0045247242420751	0.00156618610086675	0.000471283452979314	9.90938122800411e-06	
7.148707920918e-06	0	6.46708693310954e-05	0.000880454817422831	0.00184154041023276	0.00303321339574765	0.00719625514104318	0.017495548266829	0.0311683665352025	0.0505197526281061	0.0743126475771782	0.0990471769835545	0.113039027124027	0.122047562847533	0.119487161668695	0.110923175828456	0.0888291796292414	0.0671426597815189	0.0435991383645718	0.0258858038796869	0.0139900214012365	0.00574024621147574	0.00281193594824202	0.000765244245581059	0.000172067737166282	
3.0040708535426e-05	1.68768025479921e-06	0.00010649262407783	0.000488245897713413	0.001029653723453	0.002576243908951	0.00521240046694737	0.0151737644028743	0.0251619624548524	0.0419710890246271	0.067944488145987	0.0876390416473919	0.110285685450492	0.119347853346662	0.122209990290775	0.11470723895004	0.0961208163039364	0.0744007089607214	0.055012975729639	0.031785263614812	0.0169053243442982	0.00716251500136786	0.00333637509571257	0.00096585940982159	0.000424282816056522	
3.69335402966949e-05	4.20161375852309e-05	0.000263956219184636	0.000702245525366057	0.00224566090198482	0.00416078356030519	0.00950886184721238	0.0221045544476623	0.0361360807821236	0.0556637584044982	0.081083013383834	0.101174689885326	0.116479745680385	0.12270677445839	0.118493470726103	0.105007476500611	0.0847821276904305	0.0627770227297139	0.040016135552192	0.0212762605095405	0.00958543964635966	0.00395595488957719	0.00118492284786736	0.00056620133794291	4.59127955064419e-05	
5.13429255609728e-07	1.23223021346335e-05	0.000120998161238693	0.000357517904989574	0.00139618528908805	0.00342200598863884	0.00699872532630141	0.0174697727082914	0.0306065447854071	0.0499089176500548	0.069563674127136	0.0913659340373475	0.113031108336311	0.120082203446685	0.119659480026233	0.111218189634753	0.0945363596907376	0.0716540157698084	0.0502272437885329	0.0279887401541383	0.0132610219569733	0.00478961038249795	0.00168935339404121	0.000529858991789239	0.000109702717615279	
9.9707324620403e-06	9.21433206836828e-05	0.000167439541690125	0.000553031833282477	0.0012501235597234	0.00230100437938637	0.00511326666122288	0.011928090389847	0.0249937038262686	0.043873801470683	0.064736011964879	0.0829690434543431	0.102562736106515	0.119794224711085	0.119162802291549	0.117040583459758	0.102087235313584	0.0798389210979839	0.0599897714037674	0.0351696958496826	0.0171914337655417	0.00650091756525028	0.00188704707303132	0.000592914763130638	0.000194085464649026	
0.000102371456291603	0.000103231720630188	0.000393140802733301	0.00091170814603228	0.00236624308971163	0.00376778575013416	0.00784320202774628	0.0193241178376327	0.0355184219586258	0.0550498635018574	0.0780199536592806	0.0979178678107494	0.118053731078271	0.122878609647658	0.116087855011737	0.106646625948635	0.0898423944115852	0.0657343465870819	0.0439152901146853	0.0224233061438186	0.00933111522776273	0.00268333652491403	0.000746021234420828	0.000339460308005603	
7.98382130680576e-06	4.25225265253785e-05	2.84640585720901e-05	0.000179462418070373	0.000658838819144232	0.00155007626284961	0.0029689401581352	0.00636605612418105	0.0152763478252418	0.0295935957256703	0.0482037096305018	0.0695187769063456	0.0941441794818569	0.108264261708274	0.120768314365394	0.118551068339428	0.113869251388317	0.0974033141883612	0.0745964872574741	0.0512757452202945	0.0278152863102457	0.012304977808448	0.00491647187299754	0.00138015971808086	0.000286202637715711	2.950542656863e-05	
6.96174563958058e-05	0.000157891700113565	8.56830232563764e-05	0.000371753762192988	0.00108330290088858	0.00204810065267661	0.00509813988375439	0.0108549680087922	0.0236058456551625	0.0413582970360929	0.0638291881291699	0.0841529939479455	0.10499107065429	0.119905962881976	0.121233013254265	0.118005043551506	0.103444975778999	0.0815819850061619	0.0594484708171569	0.0343583740817147	0.0153668010761511	0.00660899416077106	0.00179381555139962	0.000468492659417929	7.7218369749194e-05	
8.93061087095782e-06	0.000301236374378077	0.00013138302531313	0.000293164476090866	0.000580317964095509	0.00126866197122626	0.00371169927198347	0.00955644060199187	0.0176628591350703	0.0352683562695464	0.0541948968428573	0.0745644180418949	0.0999896954489951	0.118170701757098	0.121977889868394	0.121478634372204	0.111904676033504	0.0884844925094501	0.0658675487362327	0.0441720035653746	0.0205668533507824	0.00705690001322417	0.00223797673575868	0.000429356291872972	0.00011008695323623	1.08197785551989e-05	
0.000154314794948188	0.000549229778001978	0.000116252775212084	0.000353925115645677	0.00104093596056568	0.0025990676010749	0.00666843141249878	0.0142779075120477	0.029435030457366	0.0455190755303753	0.0694280518463266	0.0877084993523429	0.116475636087824	0.124327779091482	0.121159331231368	0.115033412769859	0.098336586401732	0.0746384151181654	0.0539023645470025	0.0248160924152728	0.00969289805768308	0.00292199197666402	0.000699755593609921	0.000145014572931222	
