# <P(U)> as a function of N_tot.
# number_of_species: 1
# species_total_upper_bound: 427
# species_total_lower_bound: 402
# volume: 729
# Bin widths for each
10	10	10	10	10	10	10	10	10	10	10	10	10	10	10	10	10	10	10	10	10	10	10	10	10	10	
# Bin lower bound for each
-2030	-2030	-2050	-2050	-2070	-2070	-2080	-2080	-2090	-2090	-2100	-2100	-2110	-2110	-2120	-2130	-2140	-2150	-2150	-2160	-2170	-2170	-2190	-2190	-2200	-2200	
# Bin upper bound for each
-1800	-1800	-1810	-1810	-1810	-1820	-1820	-1830	-1830	-1840	-1840	-1850	-1860	-1870	-1880	-1890	-1900	-1900	-1910	-1920	-1930	-1940	-1940	-1950	-1950	-1960	
# Normalized histogram for each
1.0622033354601e-05	0.000174100184793032	0.000629532510149353	0.00219208419772237	0.0038849328277785	0.00999937987557654	0.018281632187715	0.0328831850480617	0.0557673948694365	0.0798933709710754	0.101368188709628	0.116103478028021	0.122141041786776	0.121409234269755	0.103725673141015	0.0824692646406773	0.0615425438232218	0.0423687619959428	0.0235051435426181	0.0120818042241905	0.00573033408925118	0.00270851734320083	0.0010830427532796	4.67369467602444e-05	
4.98212560347017e-05	0.000382031024757897	0.00116406139612227	0.00328503802341926	0.00677630337714609	0.015136677673625	0.0274769331668269	0.0460299401246511	0.0697063690350276	0.0922614113136722	0.111342033540323	0.121887396610684	0.122260239289043	0.111383074820909	0.0930041359809928	0.0682123439104132	0.0497662280490404	0.0306433394289504	0.0158254973753999	0.00778099800959998	0.00384777319404072	0.00144553107417078	0.000321387938518937	1.14343866309152e-05	
9.62507038979569e-06	4.77113704268367e-05	0.000213924951566749	0.000815440103238712	0.00272906968933895	0.00503266986929672	0.0116733474659725	0.0229383021603522	0.0377441443089908	0.0596420074088203	0.082870717606955	0.104825296175318	0.117851328264889	0.124075022973387	0.117713679408776	0.0997857956109058	0.0775995943809046	0.0560034203153359	0.0382167042165156	0.020665543603794	0.011187126168217	0.0052726756567584	0.00229614851255922	0.000715463565641479	7.52411416492631e-05	
6.76823128013174e-05	0.000252934357414042	0.000556990461731207	0.00184460017548028	0.00407081339122331	0.00851902253574151	0.0173955887178316	0.0316350010131775	0.0510456300163857	0.0732294852132662	0.0936685150726865	0.116093475651339	0.121350889590399	0.122697747043013	0.106926842414387	0.0885633349071014	0.0632160001810348	0.044577340414261	0.0273287395763581	0.0146417003278169	0.00720703484610503	0.0034746330188883	0.0013184679110749	0.000293667177884136	2.38636725986408e-05	
2.60445976528237e-05	1.56060882760967e-05	0.000188513278249009	0.000502081965862767	0.0011831688647997	0.00320627600390297	0.00635157457679337	0.0137074164368903	0.0254073318229534	0.0437863429364519	0.0633215481528954	0.0852051079243686	0.10705487172984	0.121933261545327	0.122601326145438	0.114644081453032	0.0961525204711054	0.0739250066480902	0.0510689085277557	0.0336931311817809	0.0189792770784493	0.00936406637196998	0.00503539223112389	0.00203943668842527	0.000492573620687927	0.000112859923162236	2.2737347157227e-06	
3.13937195790256e-05	3.81428579901516e-05	0.000389507094060288	0.000719908097186775	0.00161805480423101	0.00491899704530901	0.00948530047880024	0.0206055286078593	0.0342138368381473	0.0569879863291088	0.0759086845663362	0.0990790902897691	0.119212485987868	0.125689715928764	0.119917055134121	0.103268055530275	0.0830382289606347	0.0587210832653477	0.0397407676388221	0.0242712311021568	0.0116606705003136	0.00590600740809974	0.00329644281547058	0.0010492865035843	0.000209121031072011	2.34174650931494e-05	
1.98018213410626e-05	7.11850090260764e-05	0.000102157088559533	0.000506825078529454	0.000967039716056099	0.00281632673370785	0.00771803912413396	0.0160005824781908	0.0274840140911792	0.0481698090464672	0.0674397230019683	0.089925858934465	0.114077581911249	0.125262869178303	0.122280004049726	0.110635619170966	0.0912734998114765	0.06958278781008	0.0463285443051536	0.029637538322871	0.0159740785019343	0.00771235244723602	0.00391314454039922	0.00159968252095261	0.000366181373107035	7.10834612243273e-05	6.36704716966475e-05	
4.45373069788543e-05	9.56539888523121e-05	0.000409743224205459	0.000852180880579487	0.0019038686521938	0.00515701526354243	0.0120203154901361	0.0238950749633731	0.0392164146698601	0.0609311860143139	0.0791737681740048	0.103388195872647	0.124151285943884	0.124771872828174	0.115611358551841	0.0996056626351631	0.0773154490403121	0.0558476573072866	0.0360149920672983	0.0208664368676588	0.010695229386363	0.00472338384741195	0.00250765282521395	0.000674234094968519	9.12002581544266e-05	3.56298455830834e-05	
2.4485582696666e-05	2.55985637283327e-05	0.000186677273038631	0.000723842390958466	0.00134994481131784	0.00355739091748794	0.00833127010258751	0.0187452312557047	0.0333895321300929	0.0532815385687894	0.0724034633136663	0.0913809028846141	0.117197610895153	0.12858279976854	0.119476793687819	0.107050259289167	0.0869847289896247	0.0625045088379294	0.044298162761739	0.0253352931242966	0.0141394122063868	0.00673829070599119	0.0029343238999422	0.00103173341635497	0.000270757930976357	4.67452033299988e-05	8.70148806575735e-06	
8.16164083828305e-05	7.27517048506129e-05	0.000441604886306101	0.00123270325669848	0.00245440205383973	0.00585804063763507	0.0143902668408224	0.0271087728672415	0.0442223377690476	0.0652144651990589	0.0865634224195281	0.105335094454435	0.121796950806907	0.124543174825302	0.11374117694529	0.0964094588220765	0.073729267674614	0.0520847184432602	0.0316966135711682	0.017485372984439	0.00941431515121503	0.00391320619718178	0.00158871790200386	0.000502333200158994	6.00150618445532e-05	5.91999166921654e-05	
2.93159221185884e-05	0.000126323122740167	0.000186583629317266	0.000742262861419259	0.00148707050774465	0.00466672835225279	0.0095562780708861	0.0209850088757008	0.037168822964709	0.0571721556150221	0.0785867241828772	0.100289057027917	0.116630444198313	0.126097858380277	0.118550026348703	0.10435531793372	0.0814670135310285	0.0589067827984348	0.0388371839491662	0.0228870829059367	0.0121861605842745	0.00604813939069502	0.00204203720007292	0.000767507127688044	0.000172434625239197	4.81473304239316e-05	7.5325633221373e-06	
5.10134100733456e-05	0.000133577282601692	0.000603556249301511	0.00101780972387302	0.00300979119432739	0.00690238071799633	0.0161810849036261	0.0295586858576793	0.0503820935145464	0.0708709433455107	0.092482702817487	0.111860525649143	0.119951887593487	0.124071271675193	0.110335757358095	0.0911179404431754	0.0677275748685816	0.0455081616846472	0.0292605954494194	0.0157181740600088	0.00815743352968033	0.00349155036616463	0.00110631491725328	0.000389771135198956	0.000102231693279516	7.17055964886384e-06	
1.62482820287791e-05	0.000101732874103757	0.000398755609279528	0.000800926462552367	0.00209871918001027	0.00528628024043318	0.0112733064529483	0.0241181426040304	0.040638091768641	0.0628301402526867	0.084357251080459	0.104224035866271	0.118721436141147	0.126069074862148	0.117704107400109	0.101112231127155	0.0757925435909324	0.0535369508701628	0.0349974540908414	0.0192290655892434	0.010141204815287	0.00469565001407495	0.00130141494593565	0.000427526452617112	0.000126777996721366	9.31430179993708e-07	
1.34117494091408e-05	0.000181621705739051	0.000465827937493057	0.00154859634780659	0.003769008723268	0.00864074991131353	0.0185017642593259	0.033307209429586	0.0548137174553919	0.076315823151239	0.0973995027414742	0.115416396426741	0.126800002661874	0.12400053032719	0.106337256355352	0.0843314422084135	0.0622677834934126	0.0406641170692154	0.0238897042299736	0.0125931207963508	0.0058735272030718	0.0021170088113146	0.000538415191928789	0.00017128134932437	4.21804637905801e-05	
2.75406870299787e-06	0.000106388653971362	0.000341708524260846	0.00113712436670445	0.00254455547648092	0.00616676783619044	0.0131002887998044	0.0277176614447824	0.0460233440983419	0.0704427532649229	0.0905571450385401	0.107506193849512	0.123207547535481	0.125608687434317	0.113721616899455	0.095224271464676	0.0714650227664579	0.0473000079459982	0.0297508781654067	0.0165503208643043	0.00744995984669834	0.00297725027048525	0.000752676776274861	0.000290707251983108	5.4367356248069e-05	
2.2731713890698e-05	9.09268555627919e-05	0.000210089965599679	0.00070641604153604	0.00201537540508067	0.0041243280000791	0.0101954285198199	0.0216582265409987	0.0393221953371852	0.0603499481095114	0.0841440383328051	0.10207049216607	0.118558120252397	0.126144192663813	0.120735573796878	0.101629721175652	0.0792011647607875	0.0572485472345137	0.035591849732566	0.0206318335940685	0.0093945178649355	0.00403442050388361	0.00139264876759962	0.000503461591507432	2.37510732579938e-05	
4.33567829670357e-06	3.00472588934341e-05	0.000127448775977519	0.000655998209264034	0.00160974660481099	0.00326537073578477	0.00714469368432834	0.0164835430759722	0.0313796229169839	0.0505523956639184	0.0742652285658685	0.0969462708629311	0.114040842089555	0.124822161567539	0.12233307890632	0.110891223881319	0.0901762604472202	0.0660687799905422	0.0421678996461885	0.0253284276309753	0.0135317527937397	0.00505610670205118	0.00237655668496054	0.000570192110880435	0.000172015515678519	
1.81429729462792e-05	1.08042423163235e-05	0.000109877105820724	0.000336256560391994	0.000985326513885847	0.00262369812702344	0.00553911079658761	0.0135375117687248	0.0247446707819958	0.0416838880513336	0.0673422307967589	0.0880967725791592	0.109410484864836	0.122189966915575	0.125209446862545	0.116455870123222	0.0973902556538549	0.0748299784292283	0.0526011672047213	0.0297244072216779	0.0163948261541352	0.00673053332899805	0.00289329455086	0.000840386583944223	0.000300072541313741	1.01926814304939e-06	
2.24013922568046e-05	4.54193365940718e-05	0.0002143546066408	0.000618504495383977	0.00238934482915239	0.00396268297981265	0.0088890368613882	0.0200319826115872	0.0354192728836901	0.0547742813109295	0.0814771519157609	0.100989792158239	0.117563842426552	0.12662643869859	0.122030865008183	0.105780093547392	0.0856740219274692	0.0616399997615999	0.0372476580783017	0.0201581702707219	0.00924725362013692	0.00373548353816221	0.00103960956633987	0.000369520213557199	5.28179615596219e-05	
3.11463152144143e-07	7.47511565145944e-06	0.000151890197195627	0.00029464414192836	0.00161846635959168	0.00334854034870169	0.0064884003854668	0.0153672804636399	0.028807538404964	0.0480735069650428	0.0692652521948289	0.092981510093794	0.112534336216998	0.124678803624351	0.124644750319717	0.114874670342209	0.0945506614542962	0.0704928322984797	0.0471477346558197	0.0261985154005032	0.0119064057380649	0.00472697243904095	0.00139296703743932	0.000364619530110077	8.19148090139097e-05	
6.03148664810841e-06	5.57392559204501e-05	0.00010638294553474	0.000547617391188601	0.000987187978456778	0.00242684144667079	0.00494997869741311	0.011020462026436	0.0225164755777306	0.0416390960132601	0.0626560192208921	0.0851885094355849	0.102397068780682	0.121749717638032	0.125138061249331	0.12089106271987	0.104354390189142	0.0796148958169872	0.0573248089708589	0.0321278575337896	0.0155164153668553	0.00628844877754765	0.00181162980856373	0.000564879921940084	0.000120421750663957	
6.17395144514045e-05	7.78229173757199e-05	0.000383926392386885	0.000753740895756306	0.00210868976921251	0.00430059817807212	0.00791158154430552	0.0180315699559543	0.0329868518699913	0.0536154244607183	0.0759614969559825	0.0972590353444712	0.118096588409324	0.129783307793581	0.121882102638259	0.110348227463728	0.0886647911689459	0.0649236131748596	0.0409054893588056	0.0197882926108489	0.00856788814750743	0.00261132205156982	0.000743883326222048	0.00023201605766948	
4.80430649679057e-06	2.55881541676889e-05	1.71283970755142e-05	0.000165330808356945	0.000782684193194533	0.00134687688223068	0.00300645145253507	0.00663704498387059	0.0140782890987257	0.0271145658948757	0.0454939626055759	0.0665171900697491	0.0905289050578172	0.110347504888643	0.127430992142557	0.127234642224862	0.118235445066254	0.0980485846983047	0.0720939454980671	0.0483900194501304	0.0251139900047448	0.0116853266975416	0.00430507638690668	0.00107177811456663	0.000302984633634553	2.08882891164807e-05	
4.16601368106488e-05	9.44847767864342e-05	7.46367711595246e-05	0.000461259380767034	0.0012033887161607	0.00212890535354467	0.00532908613579592	0.0102082841440486	0.0212451191479913	0.0383172984879541	0.0596906026722859	0.0803472077784334	0.105253043464238	0.124761462119875	0.128646709221342	0.124203753836764	0.105944312285213	0.0800705762000083	0.0564658186330596	0.0324984214633025	0.0148540613361264	0.00618895962957005	0.00155724144147795	0.000364293603277237	4.94132640086603e-05	
5.35860119898702e-06	0.000180749740442754	7.88332676389436e-05	0.000262674508773421	0.000748246217420091	0.00139890406300478	0.00405975870837101	0.00938198324921875	0.016312509499924	0.0317251861985104	0.0509749305056407	0.0721633548965507	0.0981121751025992	0.119245467731173	0.12934024798988	0.128759767209998	0.116141807136729	0.0887818199149322	0.0627146982824137	0.041074605640443	0.0191934789945409	0.00672865125553572	0.00211386512297732	0.000399524939393705	9.49090712359047e-05	6.49215145261889e-06	
9.18660977803879e-05	0.000326965385961671	8.53042336532174e-05	0.000453588857790665	0.00144637839440617	0.0025434400531675	0.00701237711115162	0.0135432774419721	0.0262390491202693	0.0433556716959938	0.0648775607418434	0.0860472622364924	0.114103127486972	0.129692886303606	0.130336359104576	0.122013762279657	0.0999303212052996	0.0715051460394126	0.0493324020954493	0.0238089037524225	0.00960492861614592	0.00299620867794227	0.000561244441127058	8.97129861136601e-05	2.25564079371488e-06	
