# <P(U)> as a function of N_tot.
# number_of_species: 1
# species_total_upper_bound: 427
# species_total_lower_bound: 402
# volume: 729
# Bin widths for each
10	10	10	10	10	10	10	10	10	10	10	10	10	10	10	10	10	10	10	10	10	10	10	10	10	10	
# Bin lower bound for each
-2030	-2030	-2040	-2050	-2050	-2050	-2060	-2060	-2070	-2090	-2090	-2090	-2100	-2100	-2110	-2110	-2120	-2130	-2130	-2140	-2150	-2160	-2170	-2170	-2180	-2180	
# Bin upper bound for each
-1800	-1810	-1810	-1810	-1820	-1830	-1830	-1840	-1850	-1850	-1860	-1860	-1870	-1880	-1880	-1890	-1900	-1910	-1920	-1930	-1930	-1940	-1940	-1950	-1950	-1970	
# Normalized histogram for each
2.25055720363309e-05	0.000202931598700475	0.000439812280642195	0.00201062491870339	0.00335561893565428	0.00889465980920615	0.0182573592266933	0.0352925514567018	0.0597603042143019	0.0784296298443721	0.107078841596248	0.118327431660305	0.118105427542929	0.121155504729412	0.105643443840778	0.0834880432473175	0.0574647358665961	0.0388942058832617	0.0236087265164846	0.011181073347948	0.00435845196757824	0.0030069732942779	0.00100855478752642	1.25878623254054e-05	
4.3010191111176e-05	0.000175496940516138	0.000799912750755174	0.00240972276091633	0.00641005455381919	0.0155504882040711	0.0271332862781362	0.0503676219281315	0.0727740113992367	0.0926009414623619	0.116276131571247	0.122304086659391	0.119906268504943	0.110847631021715	0.096741824415503	0.064252617285335	0.0463331123940778	0.0270656988349614	0.016308926841969	0.00700912507286771	0.00324726942889379	0.00135750915694649	8.52523430953667e-05	
1.91477754974123e-05	7.85449566322423e-05	0.000796000381392426	0.00219183413806093	0.00489088894133903	0.0128079079531262	0.0217764915335571	0.0368539970395194	0.0617957330940773	0.0833193958368828	0.112125074832633	0.121816584630823	0.116479044518187	0.119709547784251	0.101052971343986	0.0793890218378426	0.0517865265310014	0.0350818508786875	0.0197999721771099	0.0100013911445055	0.00508588363466982	0.00269045784285069	0.000440789607369002	1.09415859985213e-05	
1.44302339140917e-05	0.000113491839702722	0.000721511695704587	0.00155807525639991	0.00339968510889562	0.00889682421752057	0.0167527215616165	0.0313370079728992	0.0512877813749361	0.0737790559584971	0.0955180083469153	0.120998291382303	0.120309150211325	0.120260789427397	0.106066119331794	0.0929037959705327	0.0629645706556903	0.0428199641116183	0.0264681690490203	0.0125110128035175	0.00700607356845254	0.00292699744662861	0.00118951928210756	0.000177842882833131	1.91103097781215e-05	
0.000160394570643784	0.000393910195551645	0.00109838830975179	0.0024306853683591	0.00563975615307775	0.0140860241684741	0.0248312810297646	0.044329835709571	0.0626899034369647	0.0854183644707156	0.110410826319019	0.124779113481911	0.122042970806223	0.110550385320437	0.0984637895497433	0.0758253539000058	0.0502648279473387	0.034631861044837	0.0175427630402162	0.00828548032080487	0.00421075060334698	0.00163264375461675	0.000213073179629732	6.76173189968892e-05	
0.000389212647773084	0.000487100798665913	0.00108417951984887	0.00370999991810155	0.00948930074710889	0.0205374020484753	0.0355337887667302	0.0544897706882317	0.0781670034253053	0.101781837341093	0.123093764758784	0.122858989193694	0.115650365364598	0.0994960905188501	0.088889850870717	0.0584942150442778	0.0409219269847993	0.0249045395532478	0.0107372771728342	0.00536941857168318	0.00308328175680761	0.000657527579304027	0.000173156729069388	
2.07474060939742e-05	0.000517532518677468	0.000678132810293787	0.00153876595196975	0.00689044409054322	0.0150956589894861	0.0297083644704513	0.0481113136758064	0.069233709924368	0.089369451749794	0.114253660092172	0.127875100615314	0.119227658597591	0.108081690990439	0.093137795434418	0.0731860907852701	0.0464023421516213	0.0291232107763564	0.0168722516890886	0.00626763769650003	0.00310980564675236	0.000957454370114514	0.000266258378206003	7.49211886726847e-05	
0.000253600161689315	0.00112314132214829	0.00134215964360724	0.00365837445370299	0.0115157527967103	0.0250153504946356	0.0398336690333453	0.0614092791530677	0.0771309522071283	0.103879237139974	0.126956467611033	0.122116546949459	0.113285881925302	0.0999457449351053	0.0819662619566713	0.0562127812944521	0.0374306153800045	0.0207252810927247	0.0106819462044893	0.00313964685024757	0.00177635385983289	0.000511042750070893	8.9912784598939e-05	
9.56353412914228e-05	0.000943294771934676	0.00076124195357269	0.00261364858428969	0.00771688866356332	0.0193037439891844	0.0367781260082039	0.0527112043139605	0.0710466884822787	0.0908750825767003	0.119834923414911	0.131810081270836	0.114923722173572	0.1050264245441	0.0873020079580894	0.0629480266089014	0.0476194865649629	0.0250318784470971	0.0142704060469189	0.00553609561997818	0.00184472507719961	0.000716688943171867	0.000289978645281222	
8.51469504172589e-05	7.46493811877339e-05	0.000381411682006078	0.000969275558859482	0.00100387865743088	0.00452872912538919	0.0135834657841451	0.0276467093619655	0.0440730724130101	0.0631988659514841	0.0868977116854275	0.10458922622806	0.123814163475924	0.123828937832617	0.109311188387045	0.0986557668202163	0.0773810819805725	0.0526278137373524	0.0340191226831476	0.0188225304273988	0.00955667598747134	0.0031247764406553	0.00117533895484646	0.000617412590240215	3.30479031299863e-05	
5.15882989980234e-05	0.000107443299416936	0.000845582645230759	0.000814939971389828	0.00317558950298359	0.00823977620763166	0.0200302237613378	0.0368130998594316	0.0555512888541347	0.0793912891023791	0.0997306547757577	0.11776251074433	0.130391946950162	0.113121891126192	0.106215265171614	0.0842580438958242	0.0578130284891533	0.0411135470097405	0.024488926746167	0.0124351073502077	0.00525618826858808	0.0017656386243534	0.000556222712505004	7.02066324709942e-05	
5.91275143975498e-05	0.000565653221069893	0.000890066183397782	0.00153297935661381	0.00602745881768622	0.0157480221846434	0.0286855165182566	0.0510810480549019	0.0724804780656631	0.0950230400214436	0.114848889782371	0.121598492642566	0.120300052426396	0.10468605260772	0.093186933607685	0.0679422442439365	0.0441237105274568	0.031868153526562	0.0165024892683561	0.00782887708966491	0.00374868441280465	0.000789943592351265	0.000445033091698891	3.70532423557978e-05	
4.55066084127904e-05	0.000127174718153602	0.000884128392019929	0.00111247405209125	0.00454659775124219	0.0106526094586298	0.0243830096201783	0.0396529145966916	0.0656652233216492	0.0877200823507089	0.10838495827816	0.119666940383499	0.124411410619536	0.111092601478721	0.0994120302407665	0.0758416386279595	0.0538517890394896	0.0365637472416698	0.0205576103504781	0.00950112974218475	0.00456447534740436	0.000977173153863938	0.00025841252634406	0.000126362100146231	
6.12334579614301e-05	0.000319374506230204	0.00138595728706165	0.00289398127136667	0.00761896300138396	0.0189279422276332	0.0319138377209307	0.0578384029033464	0.0788899054443348	0.103863150825611	0.119059053867033	0.124669319316074	0.12054986844812	0.101264931158385	0.0827680244485587	0.0619134294978776	0.0402740057167236	0.026492475488607	0.0107794899132886	0.00597126269793815	0.00213316556166289	0.000338184784166068	7.40404557049972e-05	
1.62694679436572e-06	0.000318881571695681	0.00110551034677151	0.002021888128698	0.00556009066974485	0.0119214526357148	0.0305003715539742	0.0476166653040987	0.0722897201773535	0.0947318242588342	0.112262582704823	0.121713516633294	0.121335251503604	0.10864262608736	0.0945024247608287	0.0708742764662553	0.0461906464388372	0.0319072737944019	0.0161303639927389	0.00664038334120369	0.00288498340310901	0.000486863828213942	0.000317661361599907	4.31140900506916e-05	
0.000144180645758713	0.000756643783235162	0.00205711259371234	0.00317806634665332	0.00972305537877068	0.0224064846362322	0.0411337228783006	0.0617710500696738	0.0867906566067836	0.105156021735131	0.122657521416918	0.124805609967391	0.118896640347268	0.0965697596732014	0.0776991530707025	0.0556955619572665	0.0356426740595462	0.0207486102813391	0.00823332408681868	0.00411178833144003	0.00141500104175593	0.000404924236116724	2.43685598465431e-06	
3.27294222738088e-05	0.000526464731453095	0.00219446784952927	0.00305301647527272	0.00676221795320571	0.0174348035895395	0.0320309285057702	0.0528975317625073	0.0774214483886946	0.09948626781209	0.118907188538635	0.126482453237838	0.11834480127054	0.106092023161255	0.0841038384826959	0.0656983281252308	0.0425837723532973	0.0244804104429209	0.0128878087292562	0.00526145420016277	0.00264110472177796	0.000667360902948881	9.57934310452939e-06	
0.000105599936069228	0.000357979706057074	0.00110003331086786	0.00321325519753508	0.00493954913312238	0.0150098689052222	0.0243691219263385	0.0437383518989437	0.07047429864722	0.0908481550386459	0.110160303964727	0.123724391505851	0.12381123624092	0.113272851887324	0.089609904050838	0.0730119588869685	0.0553017487594046	0.0303279754616735	0.0172254289538716	0.00627606106530357	0.00243369119072286	0.000667440522568826	2.07938098051375e-05	
0.000216327814780619	0.000908083298546779	0.00277977129296996	0.00388361892580491	0.00951389988463887	0.0218219654985924	0.0376036142373314	0.0595123576236019	0.0847992695851729	0.102754478211964	0.119544148764443	0.124936715888784	0.117688089015194	0.102539384206013	0.0797143321289988	0.0599894303710269	0.0371088568966829	0.0215661558012663	0.00894758163187668	0.00317829154491373	0.000748510689925334	0.000245116687470054	
0.000113324256241616	0.00037384459439116	0.00148492411038368	0.00405458298346386	0.00682496378641848	0.017878469562192	0.0314685987267539	0.0543672073892433	0.0757014395107738	0.0942920537533328	0.11379302558201	0.121545910123411	0.117967205382024	0.110048725248477	0.0885501520468619	0.0697437617296878	0.0483564219308781	0.0245441103167727	0.0135186219770441	0.00380995313142937	0.00134107339397366	0.00022163046423637	
0.000236529617394539	0.000650665396260241	0.0013222256350465	0.00264486916694352	0.00527176876931467	0.0121361424359625	0.0253508766431182	0.0503034975876904	0.0717700230052216	0.089520191731075	0.102561080848414	0.120791413055516	0.116479971248697	0.114512094979596	0.0975693029689482	0.0766615056405627	0.0560433108295879	0.0316243441631302	0.0166544431837889	0.00605365377663831	0.00158591854772486	0.000254081285116395	2.08948425260193e-06	
4.44092741790523e-05	0.000530796562806768	0.00130520971539576	0.00313487181157272	0.00442654727198058	0.00768026676016581	0.0190422738225092	0.0382769878331277	0.0618574665312677	0.0879405135657644	0.105488521048516	0.114375874175415	0.119351404665342	0.111790408527257	0.105700839673638	0.0844702459977728	0.0616214629599162	0.0408315784620941	0.0203961222667678	0.00884632741646721	0.00238921895083301	0.00033370397454545	0.000164948732665051	
1.29401985975413e-06	0.000313152806060499	0.000977416334067618	0.00209027341345617	0.00377249923113653	0.00647182465858364	0.0157594365319923	0.0315149910044053	0.053917494156422	0.0768742691483667	0.1059254463398	0.10983769971579	0.117360699840447	0.110815978729764	0.10754253982454	0.0942063711499135	0.0710468663799406	0.0479969219580936	0.0248412992477	0.0124872916466273	0.00492935298575672	0.0012232801074209	7.93665513982532e-05	1.42342184572954e-05	
0.000114819894030269	0.000701820475870406	0.0015864067006654	0.00211793250224372	0.00504476470737483	0.0116789463748091	0.0242678511607345	0.0443037076504882	0.0686433749996237	0.0951155961109169	0.112929021093748	0.11914692689069	0.116786023451641	0.110162592710614	0.0994907931216433	0.0779386259714	0.0553277075885629	0.0334921460182224	0.0134532792690746	0.00531912834928986	0.00183109778569619	0.000445948427375987	0.000101488745285181	
3.67331635444885e-05	0.000369442736798017	0.000868084876407682	0.00100277314273747	0.0043290244347315	0.00864538226134421	0.0169280773102204	0.035828767724807	0.0621550460388983	0.0831913265823127	0.107411992406791	0.116550527944226	0.118610962864883	0.112282303228465	0.107716413221912	0.086012180210367	0.0669151573699393	0.0433911549919947	0.0178793395799415	0.00708738946273315	0.00226014510866261	0.000322576286758497	0.000178599174474927	2.65998770494572e-05	
0.000122620189073519	0.000432576778120471	0.000867708143513307	0.00193935750427042	0.00697232019537483	0.0122854359573486	0.0269896402970815	0.0526687773234397	0.078311298598894	0.0962530165418041	0.121829118548177	0.119936169379355	0.114209636243803	0.109407012171757	0.0942306349511818	0.0762540043155494	0.0491592001757556	0.0241527711311202	0.00988156933405316	0.00353640031404393	0.000264399782689776	0.000296332123594338	
