# <N_i^j*N_k^m*U^p> as a function of N_tot.
# number_of_species: 1
# max_order: 2
# species_total_upper_bound: 427
# species_total_lower_bound: 402
# volume: 729
#	N_tot	N_1^0*N_1^0*U^0	N_1^0*N_1^0*U^1	N_1^0*N_1^0*U^2	N_1^0*N_1^1*U^0	N_1^0*N_1^1*U^1	N_1^0*N_1^1*U^2	N_1^0*N_1^2*U^0	N_1^0*N_1^2*U^1	N_1^0*N_1^2*U^2	N_1^1*N_1^0*U^0	N_1^1*N_1^0*U^1	N_1^1*N_1^0*U^2	N_1^1*N_1^1*U^0	N_1^1*N_1^1*U^1	N_1^1*N_1^1*U^2	N_1^1*N_1^2*U^0	N_1^1*N_1^2*U^1	N_1^1*N_1^2*U^2	N_1^2*N_1^0*U^0	N_1^2*N_1^0*U^1	N_1^2*N_1^0*U^2	N_1^2*N_1^1*U^0	N_1^2*N_1^1*U^1	N_1^2*N_1^1*U^2	N_1^2*N_1^2*U^0	N_1^2*N_1^2*U^1	N_1^2*N_1^2*U^2	
402	1	-1909.09470063585	3645646.38803001	402	-767456.069655612	1465549847.98806	161604	-308517340.001556	589151038893.107	402	-767456.069655612	1465549847.98806	161604	-308517340.001556	589151038893.107	64964808	-124023970680.621	236838717633150	161604	-308517340.001556	589151038893.107	64964808	-124023970680.621	236838717633150	26115852816	-49857636213623.3	9.52091644890846e+16	
403	1	-1915.26989162915	3669257.86400618	403	-771853.766326547	1478710919.19449	162409	-311057067.829599	595920500440.121	403	-771853.766326547	1478710919.19449	162409	-311057067.829599	595920500440.121	65450827	-125355998335.321	240155961674013	162409	-311057067.829599	595920500440.121	65450827	-125355998335.321	240155961674013	26376683280.0724	-50518467329280.7	9.67828525546529e+16	
404	1	-1921.20750465401	3692051.61512179	404	-776167.831880219	1491588852.5092	163216	-313571804.079608	602601896407.032	404	-776167.831880219	1491588852.5092	163216	-313571804.079608	602601896407.032	65939264	-126683008848.188	243451166154436	163216	-313571804.079608	602601896407.032	65939264	-126683008848.188	243451166154436	26639462656	-51179935574673.3	9.83542711255739e+16	
405	1	-1927.18246715758	3715047.13073852	405	-780508.89919882	1504594087.9491	164025	-316106104.175522	609360605624.839	405	-780508.89919882	1504594087.9491	164025	-316106104.175522	609360605624.839	66430125	-128022972191.121	246791045280133	164025	-316106104.175522	609360605624.839	66430125	-128022972191.121	246791045280133	26904200624.0718	-51849303737410.8	9.99503733364064e+16	
406	1	-1933.32306813511	3738756.52055684	406	-784929.165662855	1517935147.34608	164836	-318681241.259119	616281669824.413	406	-784929.165662855	1517935147.34608	164836	-318681241.259119	616281669824.413	66923416	-129384583951.232	250210357946021	164836	-318681241.259119	616281669824.413	66923416	-129384583951.232	250210357946021	27170906896	-52530141084135.6	1.01585405326841e+17	
407	1	-1939.20946573182	3761536.66383692	407	-789258.252552849	1530945422.18163	165649	-321228108.789009	623094786832.252	407	-789258.252552849	1530945422.18163	165649	-321228108.789009	623094786832.252	67419143	-130739840277.122	253599578239528	165649	-321228108.789009	623094786832.252	67419143	-130739840277.122	253599578239528	27439591200.0697	-53211114992803	1.03215028343475e+17	
408	1	-1945.20278441022	3784801.52539045	408	-793642.736039371	1544199022.35931	166464	-323806236.304064	630033201082.572	408	-793642.736039371	1544199022.35931	166464	-323806236.304064	630033201082.572	67917312	-132112944412.058	257053546060073	166464	-323806236.304064	630033201082.572	67917312	-132112944412.058	257053546060073	27710263296	-53902081320133.2	1.04877846792214e+17	
409	1	-1951.1623725871	3808030.51089166	409	-798025.410388123	1557484478.95469	167281	-326392392.848743	637011151897.684	409	-798025.410388123	1557484478.95469	167281	-326392392.848743	637011151897.684	68417929	-133494488675.092	260537561120155	167281	-326392392.848743	637011151897.684	68417929	-133494488675.092	260537561120155	27982932960.0679	-54599245868015.2	1.06559862498856e+17	
410	1	-1957.38994168787	3832368.80886884	410	-802529.876092028	1571271211.63623	168100	-329037249.197731	644221196771.756	410	-802529.876092028	1571271211.63623	168100	-329037249.197731	644221196771.756	68921000	-134905272171.034	264130690676812	168100	-329037249.197731	644221196771.756	68921000	-134905272171.034	264130690676812	28257610000	-55311161590114.5	1.0829358317747e+17	
411	1	-1963.16254643544	3855014.69833019	411	-806859.806584964	1584411041.01371	168921	-331619380.50642	651192937857.964	411	-806859.806584964	1584411041.01371	168921	-331619380.50642	651192937857.964	69426531	-136295565388.203	267640297459113	168921	-331619380.50642	651192937857.964	69426531	-136295565388.203	267640297459113	28534304240.0677	-56017477374545.8	1.10000162255817e+17	
412	1	-1969.22501372898	3878842.87552914	412	-811320.705656341	1598083264.71801	169744	-334264130.730413	658410305055.488	412	-811320.705656341	1598083264.71801	169744	-334264130.730413	658410305055.488	69934528	-137716821860.885	271265045685044	169744	-334264130.730413	658410305055.488	69934528	-137716821860.885	271265045685044	28813025536	-56739330606737.1	1.117611988226e+17	
413	1	-1975.28528982463	3902760.98705783	413	-815792.824697571	1611840287.65489	170569	-336922436.600097	665690038804.605	413	-815792.824697571	1611840287.65489	170569	-336922436.600097	665690038804.605	70444997	-139148966315.774	274929986029375	170569	-336922436.600097	665690038804.605	70444997	-139148966315.774	274929986029375	29093783760.067	-57468523088316.5	1.13546084227781e+17	
414	1	-1981.60851174273	3927755.83749653	414	-820385.923861489	1626090916.72356	171396	-339639772.478656	673201639524.371	414	-820385.923861489	1626090916.72356	171396	-339639772.478656	673201639524.371	70957944	-140610865806.107	278705478761565	171396	-339639772.478656	673201639524.371	70957944	-140610865806.107	278705478761565	29376588816	-58212898443700.3	1.1538406820747e+17	
415	1	-1988.20810485999	3953945.55307521	415	-825106.363516897	1640887404.52621	172225	-342419140.859512	680968272879.185	415	-825106.363516897	1640887404.52621	172225	-342419140.859512	680968272879.185	71473375	-142103943456.467	282601833241594	172225	-342419140.859512	680968272879.185	71473375	-142103943456.467	282601833241594	29661450624.0666	-58973136534372.8	1.17279760796766e+17	
416	1	-1994.63971884842	3979563.96472831	416	-829770.123040944	1655498609.32698	173056	-345184371.185033	688687421480.023	416	-829770.123040944	1655498609.32698	173056	-345184371.185033	688687421480.023	71991296	-143596698412.974	286493967326059	173056	-345184371.185033	688687421480.023	71991296	-143596698412.974	286493967326059	29948379136	-59736226539797	1.19181490412343e+17	
417	1	-2001.15804707581	4005597.41878853	417	-834482.905630611	1670334123.63482	173889	-347979371.647965	696529329557.744	417	-834482.905630611	1670334123.63482	173889	-347979371.647965	696529329557.744	72511713	-145107397977.442	290452730427358	173889	-347979371.647965	696529329557.744	72511713	-145107397977.442	290452730427358	30237384320.0657	-60509784956521.4	1.21118788587235e+17	
418	1	-2007.34379806744	4030391.65851756	418	-839069.707592191	1684703713.26034	174724	-350731137.773536	704206152143.472	418	-839069.707592191	1684703713.26034	174724	-350731137.773536	704206152143.472	73034632	-146605615589.322	294358171598606	174724	-350731137.773536	704206152143.472	73034632	-146605615589.322	294358171598606	30528476176	-61281147316302.6	1.23041715727148e+17	
419	1	-2013.95847258305	4056983.03783256	419	-843848.600012297	1699875892.85184	175561	-353572563.405152	712247999108.262	419	-843848.600012297	1699875892.85184	175561	-353572563.405152	712247999108.262	73560059	-148146904066.432	298431911624435	175561	-353572563.405152	712247999108.262	73560059	-148146904066.432	298431911624435	30821664720.0651	-62073552803946.1	1.2504297097035e+17	
420	1	-2020.35190236556	4082774.56377024	420	-848547.798993535	1714765316.7835	176400	-356390075.577285	720201433039.282	420	-848547.798993535	1714765316.7835	176400	-356390075.577285	720201433039.282	74088000	-149683831742.462	302484601881313	176400	-356390075.577285	720201433039.282	74088000	-149683831742.462	302484601881313	31116960000	-62867209331889.7	1.27043532790289e+17	
421	1	-2026.63153365016	4108185.24837795	421	-853211.875666719	1729545989.56712	177241	-359202199.655689	728138861606.356	421	-853211.875666719	1729545989.56712	177241	-359202199.655689	728138861606.356	74618461	-151224126055.151	306546460737709	177241	-359202199.655689	728138861606.356	74618461	-151224126055.151	306546460737709	31414372080.0649	-63665357069132.7	1.29056059969453e+17	
422	1	-2033.19918505838	4134845.74683071	422	-858010.056094636	1744904905.16256	178084	-362080243.671936	736349869979.348	422	-858010.056094636	1744904905.16256	178084	-362080243.671936	736349869979.348	75151448	-152797862829.584	310739645131402	178084	-362080243.671936	736349869979.348	75151448	-152797862829.584	310739645131402	31713911056	-64480698114119.5	1.31132130245153e+17	
423	1	-2039.64410717395	4161079.92067894	423	-862769.45733458	1760136806.44719	178929	-364951480.452528	744537869127.335	423	-862769.45733458	1760136806.44719	178929	-364951480.452528	744537869127.335	75686967	-154374476231.635	314939518643564	178929	-364951480.452528	744537869127.335	75686967	-154374476231.635	314939518643564	32015587040.0637	-65300403445761.2	1.33219416386155e+17	
424	1	-2046.18321966279	4187795.82637996	424	-867581.685137023	1775625430.3851	179776	-367854634.498098	752865182438.089	424	-867581.685137023	1775625430.3851	179776	-367854634.498098	752865182438.089	76225024	-155970365027.193	319214837372463	179776	-367854634.498098	752865182438.089	76225024	-155970365027.193	319214837372463	32319410176	-66131434771557	1.35347091046501e+17	
425	1	-2052.78877617117	4214848.09663211	425	-872435.229872749	1791310441.06865	180625	-370784972.695918	761306937452.589	425	-872435.229872749	1791310441.06865	180625	-370784972.695918	761306937452.589	76765625	-157583613395.831	323555448418002	180625	-370784972.695918	761306937452.589	76765625	-157583613395.831	323555448418002	32625390624.0627	-66973035693180.8	1.37511065577502e+17	
426	1	-2059.27240708442	4241476.17120204	426	-877250.045417962	1806868848.93207	181476	-373708519.348052	769726129645.517	426	-877250.045417962	1806868848.93207	181476	-373708519.348052	769726129645.517	77308776	-159199829242.054	327903331224082	181476	-373708519.348052	769726129645.517	77308776	-159199829242.054	327903331224082	32933538575.7712	-67819127257188.5	1.39686819104054e+17	
427	1	-2065.95537167197	4269029.79101175	427	-882162.943703932	1822875720.76202	182329	-376683576.961579	778367932759.33	427	-882162.943703932	1822875720.76202	182329	-376683576.961579	778367932759.33	77854483	-160843887362.71	332363107287955	182329	-376683576.961579	778367932759.33	77854483	-160843887362.71	332363107287955	33243864240.3436	-68680339903832.5	1.41919046813188e+17	
