# <P(U)> as a function of N_tot.
# number_of_species: 1
# species_total_upper_bound: 542
# species_total_lower_bound: 521
# volume: 729
# Bin widths for each
10	10	10	10	10	10	10	10	10	10	10	10	10	10	10	10	10	10	10	10	10	10	
# Bin lower bound for each
-2960	-2970	-2980	-2980	-3000	-3010	-3020	-3030	-3040	-3050	-3060	-3070	-3080	-3110	-3120	-3120	-3120	-3140	-3150	-3170	-3170	-3180	
# Bin upper bound for each
-2800	-2810	-2830	-2830	-2840	-2850	-2870	-2870	-2880	-2890	-2900	-2920	-2920	-2930	-2950	-2950	-2970	-2980	-2990	-3000	-3020	-3010	
# Normalized histogram for each
1.97254325514737e-05	6.29018770541379e-05	0.00046581322	0.0032000360797192	0.013614263970783	0.0449821220772383	0.1026940656449	0.177468468093053	0.222080836484003	0.203973120991821	0.135535687443382	0.0655269857485462	0.0231036016721669	0.0057965031238505	0.00129436194023	0.000175948039001762	5.55816169903699e-06	
1.11891168001396e-05	6.05773107920602e-05	0.000550628194415566	0.00325114281777535	0.0144694587533327	0.0459180981987904	0.105412836602763	0.181232476148001	0.226884194313405	0.202137486171331	0.131793616943323	0.0613088955860302	0.0204046061661459	0.00522539355868694	0.00117027114503634	0.00016276414968464	6.36482368703594e-06	
1.23637233602226e-06	7.56290496997516e-05	0.000474356562979096	0.0032680911964036	0.0154032447099078	0.0480773181497781	0.110782952584264	0.184785880242133	0.227739317449314	0.199636143316772	0.126589957509782	0.0576573671510614	0.0191450871085616	0.00505994356324529	0.00118172570480521	0.00012174932895635	
7.31267392292495e-05	0.000645871307930889	0.00347728796643902	0.0161192565100324	0.0493220360101571	0.114786260152735	0.192898927468139	0.22791221830579	0.197624407541164	0.122148274149977	0.0529750146118268	0.0170461998688375	0.00410883988752359	0.000781462509133309	7.81385246254642e-05	2.67844646046417e-06	
5.41506343991569e-06	0.000103538868371872	0.000658756234576183	0.00375085943736389	0.0165883584926597	0.0514806613960525	0.11973261049001	0.196622192543278	0.228616457511796	0.192436873693992	0.11659209804777	0.0521530215753158	0.0164845952713769	0.00388377833920167	0.000778076290656661	0.000111992893968275	7.13850170987002e-07	
1.94699420984417e-07	0.000161042039498979	0.000768488861963439	0.00446161921056148	0.0181485376228963	0.0543161684957482	0.123806887071876	0.200688001146062	0.229639466884293	0.187265448681741	0.110851915514388	0.0495223664546424	0.0158605427482049	0.00374693399648639	0.000668720779715845	9.32046622928296e-05	4.61130207594671e-07	
8.80521768194409e-08	9.3185100774033e-05	0.000948192455850056	0.00477818763188565	0.018624164536991	0.05656800739659	0.126525715677087	0.200334458424339	0.228839817525848	0.186421520428532	0.11047941328452	0.0476700863110745	0.0145635451712458	0.00357201783657407	0.000548565061585117	3.30351049267291e-05	
4.99811085408574e-06	0.000166664184029654	0.000877977277810343	0.00525137093799603	0.0207874282040689	0.0611342684774546	0.131465195730247	0.202528055876474	0.226005188402	0.183437123374006	0.106255668208976	0.0443858012111428	0.0139344790078385	0.00315116372015675	0.000550409180662747	6.41925419963024e-05	1.55542868903083e-08	
1.64240420693155e-06	8.0592879045864e-05	0.00091871593031235	0.0058202620624337	0.0223069822515315	0.0624408342191506	0.135541813246883	0.206423014991322	0.226985957506798	0.176814693454356	0.101413344264283	0.0434084188928288	0.0138926368948091	0.00316193147236871	0.000632325619668646	0.000131816014072872	2.50178959291516e-05	
3.70618101457769e-06	6.55055699549687e-05	0.000867995981011017	0.00634643920717208	0.0232933896136054	0.0669763996054485	0.141082967270637	0.20566899544839	0.224221220235828	0.173825634950585	0.0992693245782329	0.0423040642746356	0.0130620392055869	0.00249643006176416	0.00042694995603012	7.32219751225194e-05	1.57158849811937e-05	
2.89450887684482e-05	0.000141992902068613	0.00116886433646407	0.00614969759357272	0.0246724279340567	0.0688035052774185	0.140391104889995	0.210787055052007	0.225102036793273	0.174175587836482	0.0962725721600149	0.038650930855507	0.0109873049087302	0.00223746058654631	0.00035958264337742	6.74096634098409e-05	3.52147830865236e-06	
2.46760951350954e-05	0.000153654914704763	0.000972040863510253	0.00642977543033641	0.0253853185424881	0.0721835691178638	0.144677154275654	0.214355190781102	0.226981387794436	0.169765781249846	0.091134768865426	0.03549338150512	0.00997294352415986	0.0021044866744464	0.000334077556719112	3.17928090522494e-05	
5.44488195031439e-06	0.000190452164673461	0.0012523331706234	0.00746233199700619	0.0276420450997249	0.0758782233314069	0.151948003286954	0.213674193953611	0.223246797041741	0.164127306191362	0.0877282476449982	0.0346086812372052	0.0100047873672958	0.00192428321354765	0.000285415034707381	1.36973617972838e-05	7.75702139461852e-06	
9.70918200750993e-07	2.77331422235789e-06	2.20780601500558e-05	0.000251550445330741	0.0014476287084027	0.00773009953120041	0.0292520611173176	0.0768584890130948	0.152657773407131	0.218257427826357	0.21911495517596	0.16240447520575	0.0870971932810271	0.0332593452348693	0.00943139094846634	0.0018196917931724	0.000328691962163814	6.23866588567659e-05	1.01739832738269e-06	
2.34747910075113e-06	1.90285723133734e-05	6.18428600184635e-05	0.000325978306474061	0.00161546982301624	0.00874446847383243	0.0329759509731114	0.0826164539816054	0.155475359750395	0.217245105899912	0.218120751879004	0.157752777223238	0.082776564493252	0.0317937853719239	0.00857646566490008	0.00152059124717595	0.000332357438423343	4.47005623026032e-05	
1.74630811938187e-06	1.31517210889946e-05	0.000268066069209922	0.00203796230301146	0.00949951197942756	0.0336641930842623	0.0865137158122941	0.162618911858829	0.219375723866091	0.215152487547256	0.152869911004874	0.0783426623928582	0.0300649225021362	0.00798081465481046	0.00136470093087291	0.00019731208979734	2.66558129557874e-05	7.55006210664507e-06	
2.49389983831615e-05	0.000248906387741199	0.00220034661151785	0.0105916955724963	0.0364505301193343	0.0921773772012118	0.167791354307575	0.224144421926835	0.210728057190094	0.146468869487072	0.0728094681791355	0.0279013832340574	0.00697371562169343	0.00121371698782638	0.000245646014099364	2.95721609268222e-05	
6.9411973582529e-08	2.02255812254323e-05	0.000276980471507207	0.00243215817865373	0.0108498816995716	0.0377122781003323	0.0978187970742661	0.172911596077502	0.225079590438601	0.208912495272244	0.141939199254503	0.0683447110948718	0.0259731115527516	0.00623660175379923	0.00131999682285379	0.000167192086829979	5.11512851477406e-06	
4.16055159863173e-06	6.33467442648817e-06	0.000237344348902898	0.00209152701529312	0.0113125241555083	0.0408050425426568	0.101393341097646	0.1779708636363	0.226117845976495	0.205127878802569	0.135266127832135	0.0673205819865081	0.0245951737674448	0.00635731762898548	0.00124039703111588	0.000151177135531235	2.36181688493756e-06	
2.57551391147677e-06	2.65580321155115e-05	1.21320260566932e-05	0.000327825383076413	0.00275699901119035	0.0129641308073277	0.0433803505389133	0.103848459055429	0.180718811334639	0.224667949001488	0.204521877739416	0.135040638377097	0.0633133684082876	0.0221359007974604	0.00519779894704232	0.00101824558703417	6.27455666490343e-05	3.63387286700265e-06	
3.80309643957467e-06	1.97345550540955e-05	0.000475248566841191	0.00312778049827008	0.013780972698375	0.0458453901211268	0.10845705581052	0.185769191302169	0.223950447251332	0.200331774889395	0.130375557637671	0.060563517156852	0.0206287461199028	0.00547089804289941	0.00107504055238005	0.00012484170077136	
1.45662874401847e-05	8.90964813740039e-05	0.000494818052895181	0.00341019898684825	0.0152002215355274	0.0502286074296074	0.114602784235811	0.18689985213536	0.227960164684096	0.195316265152276	0.123743689422087	0.0578469688013619	0.0182888315326843	0.00462435226902165	0.00101197365373915	0.000224373774840649	2.703670618394e-05	1.61988588458245e-05	
