# <N_i^j*N_k^m*U^p> as a function of N_tot.
# number_of_species: 1
# max_order: 2
# species_total_upper_bound: 542
# species_total_lower_bound: 521
# volume: 729
#	N_tot	N_1^0*N_1^0*U^0	N_1^0*N_1^0*U^1	N_1^0*N_1^0*U^2	N_1^0*N_1^1*U^0	N_1^0*N_1^1*U^1	N_1^0*N_1^1*U^2	N_1^0*N_1^2*U^0	N_1^0*N_1^2*U^1	N_1^0*N_1^2*U^2	N_1^1*N_1^0*U^0	N_1^1*N_1^0*U^1	N_1^1*N_1^0*U^2	N_1^1*N_1^1*U^0	N_1^1*N_1^1*U^1	N_1^1*N_1^1*U^2	N_1^1*N_1^2*U^0	N_1^1*N_1^2*U^1	N_1^1*N_1^2*U^2	N_1^2*N_1^0*U^0	N_1^2*N_1^0*U^1	N_1^2*N_1^0*U^2	N_1^2*N_1^1*U^0	N_1^2*N_1^1*U^1	N_1^2*N_1^1*U^2	N_1^2*N_1^2*U^0	N_1^2*N_1^2*U^1	N_1^2*N_1^2*U^2	
521	1	-2878.39139977847	8285442.07455883	521	-1499641.91928458	4316715320.60404	271441	-781313439.961097	2249008682973.89	521	-1499641.91928458	4316715320.60404	271441	-781313439.961097	2249008682973.89	141420760.210634	-407064302266.032	1.17173352368208e+15	271441	-781313439.961097	2249008682973.89	141420760.210634	-407064302266.032	1.17173352368208e+15	73680216164.6	-212080501455452	6.10473165221398e+17	
522	1	-2888.97306185651	8346467.91466567	522	-1508043.9382891	4356856248.47437	272484	-787198935.7895	2274278963014.63	522	-1508043.9382891	4356856248.47437	272484	-787198935.7895	2274278963014.63	142236648	-410917844518.337	1.18717361930634e+15	272484	-787198935.7895	2274278963014.63	142236648	-410917844518.337	1.18717361930634e+15	74247530107.5786	-214499114987853	6.19704628734728e+17	
523	1	-2899.43794206473	8407042.40169773	523	-1516406.04369985	4396883178.75568	273529	-793080360.767516	2299569901046.03	523	-1516406.04369985	4396883178.75568	273529	-793080360.767516	2299569901046.03	143055667.158125	-414781028704.027	1.20267505805275e+15	273529	-793080360.767516	2299569901046.03	143055667.158125	-414781028704.027	1.20267505805275e+15	74818113616.6938	-216930477731498	6.28999055124811e+17	
524	1	-2910.0374351847	8468616.96847047	524	-1524859.61603678	4437555293.69005	274576	-799026438.803056	2325278972201.03	524	-1524859.61603678	4437555293.69005	274576	-799026438.803056	2325278972201.03	143877824	-418689853920.187	1.21844618139515e+15	274576	-799026438.803056	2325278972201.03	143877824	-418689853920.187	1.21844618139515e+15	75391979546.1283	-219393483457608	6.38465798840683e+17	
525	1	-2920.43955426481	8529264.51083472	525	-1533230.76598903	4477863865.85998	275625	-804946152.206941	2350878531321.66	525	-1533230.76598903	4477863865.85998	275625	-804946152.206941	2350878531321.66	144703124.896356	-422596729800.743	1.23421122955651e+15	275625	-804946152.206941	2350878531321.66	144703124.896356	-422596729800.743	1.23421122955651e+15	75969140334.8777	-221863283212100	6.47960895268058e+17	
526	1	-2931.03099516423	8591242.86713376	526	-1541722.30345638	4518993746.96042	276676	-810945931.625108	2376990711558.6	526	-1541722.30345638	4518993746.96042	276676	-810945931.625108	2376990711558.6	145531576	-426557560097.279	1.25029711433095e+15	276676	-810945931.625108	2376990711558.6	145531576	-426557560097.279	1.25029711433095e+15	76549608958.5244	-224369276574419	6.57656282184854e+17	
527	1	-2941.41445065945	8652217.71523095	527	-1550125.41549753	4559718734.98568	277729	-816916093.979248	2402971775491.19	527	-1550125.41549753	4559718734.98568	277729	-816916093.979248	2402971775491.19	146363183.797062	-430514781445.629	1.26636612499151e+15	277729	-816916093.979248	2402971775491.19	146363183.797062	-430514781445.629	1.26636612499151e+15	77133397711.582	-226881289851966	6.6737494754931e+17	
528	1	-2951.96322984449	8714387.33375112	528	-1558636.58535789	4601196501.31864	278784	-822960117.068966	2429431760116.36	528	-1558636.58535789	4601196501.31864	278784	-822960117.068966	2429431760116.36	147197952	-434522941817.141	1.28273996861781e+15	278784	-822960117.068966	2429431760116.36	147197952	-434522941817.141	1.28273996861781e+15	77720518656	-229428112978382	6.77286703100457e+17	
529	1	-2962.29765957185	8775509.50507737	529	-1567055.46191351	4642244528.44397	279841	-828972339.232768	2455747354488.64	529	-1567055.46191351	4642244528.44397	279841	-828972339.232768	2455747354488.64	148035888.201792	-438526367479.875	1.29909035240845e+15	279841	-828972339.232768	2455747354488.64	148035888.201792	-438526367479.875	1.29909035240845e+15	78310985632.6906	-231980448329783	6.87218795242063e+17	
530	1	-2972.9139321109	8838519.06767129	530	-1575644.38401878	4684415106.18372	280900	-835091523.53261	2482740008224.75	530	-1575644.38401878	4684415106.18372	280900	-835091523.53261	2482740008224.75	148877000	-442598507460.68	1.31585220317138e+15	280900	-835091523.53261	2482740008224.75	148877000	-442598507460.68	1.31585220317138e+15	78904810228.3527	-234577208984474	6.9740166755029e+17	
531	1	-2983.41070057792	8901037.62772388	531	-1584191.08200688	4726450982.35931	281961	-841205464.617433	2509745470572.55	531	-1584191.08200688	4726450982.35931	281961	-841205464.617433	2509745470572.55	149721290.9878	-446680101598.311	1.33267484506939e+15	281961	-841205464.617433	2509745470572.55	149721290.9878	-446680101598.311	1.33267484506939e+15	79502005478.0527	-237187134013775	7.07650342362902e+17	
532	1	-2994.07993468418	8964807.84476248	532	-1592850.52525198	4769277770.20912	283024	-847396479.432155	2537255776651.4	532	-1592850.52525198	4769277770.20912	283024	-847396479.432155	2537255776651.4	150568768	-450814927636.948	1.3498200725726e+15	283024	-847396479.432155	2537255776651.4	150568768	-450814927636.948	1.3498200725726e+15	80102584344.2368	-239833541206285	7.18104278607723e+17	
533	1	-3004.55857777965	9027669.92914952	533	-1601429.72195655	4811748069.12063	284089	-853562041.847066	2564661723205.95	533	-1601429.72195655	4811748069.12063	284089	-853562041.847066	2564661723205.95	151419437.076255	-454948568403.915	1.3669646976493e+15	284089	-853562041.847066	2564661723205.95	151419437.076255	-454948568403.915	1.3669646976493e+15	80706559995.4131	-242487586918256	7.28592183993393e+17	
534	1	-3014.87965351952	9089799.77334237	534	-1609945.73497942	4853953081.17459	285156	-859711022.479893	2592010945020.32	534	-1609945.73497942	4853953081.17459	285156	-859711022.479893	2592010945020.32	152273304	-459085686062.849	1.38413384401433e+15	285156	-859711022.479893	2592010945020.32	152273304	-459085686062.849	1.38413384401433e+15	81313943914.4742	-245151756328193	7.39127472375839e+17	
535	1	-3025.56409045417	9154340.38393725	535	-1618676.78839298	4897572105.29566	286225	-865992081.69329	2620201074859.31	535	-1618676.78839298	4897572105.29566	286225	-865992081.69329	2620201074859.31	153130375.802324	-463305763833.697	1.40180757664364e+15	286225	-865992081.69329	2620201074859.31	153130375.802324	-463305763833.697	1.40180757664364e+15	81924751046.3441	-247868583644409	7.49967052711835e+17	
536	1	-3036.07635249459	9218060.24054403	536	-1627336.9249371	4940880292.50507	287296	-872252591.766285	2648311836601.11	536	-1627336.9249371	4940880292.50507	287296	-872252591.766285	2648311836601.11	153990656	-467527389204.432	1.41949514407141e+15	287296	-872252591.766285	2648311836601.11	153990656	-467527389204.432	1.41949514407141e+15	82538991616	-250594680635709	7.6084939675281e+17	
537	1	-3046.79724973417	9283272.20283514	537	-1636130.12310725	4985117173.88109	288369	-878601876.177931	2677007921017.83	537	-1636130.12310725	4985117173.88109	288369	-878601876.177931	2677007921017.83	154854152.196634	-471809207441.36	1.43755325411855e+15	288369	-878601876.177931	2677007921017.83	154854152.196634	-471809207441.36	1.43755325411855e+15	83156680415.6563	-253361544433110	7.71966096950589e+17	
538	1	-3057.39477026663	9347961.09539673	538	-1644878.38640345	5029203066.72906	289444	-884944571.878023	2705711252029.97	538	-1644878.38640345	5029203066.72906	289444	-884944571.878023	2705711252029.97	155720872	-476100179754.504	1.45567265407631e+15	289444	-884944571.878023	2705711252029.97	155720872	-476100179754.504	1.45567265407631e+15	83777829446.361	-256141896607136	7.83151887389939e+17	
539	1	-3067.90995264328	9412370.6078442	539	-1653603.46447473	5073267762.25829	290521	-891292267.401292	2734491319566.93	539	-1653603.46447473	5073267762.25829	290521	-891292267.401292	2734491319566.93	156590818.889208	-480406531933.767	1.47389082283779e+15	290521	-891292267.401292	2734491319566.93	156590818.889208	-480406531933.767	1.47389082283779e+15	84402450806.6218	-258939120916600	7.94427153541257e+17	
540	1	-3078.46841306348	9477265.80611203	540	-1662372.94305428	5117723535.32214	291600	-897681389.246842	2763570709321.62	540	-1662372.94305428	5117723535.32214	291600	-897681389.246842	2763570709321.62	157464000	-484747950210.623	1.49232818439227e+15	291600	-897681389.246842	2763570709321.62	157464000	-484747950210.623	1.49232818439227e+15	85030559767.1897	-261763893079674	8.05857219107643e+17	
541	1	-3088.98384217052	9542121.46603807	541	-1671140.25861425	5162287711.62989	292681	-904086879.802966	2792797653489.72	541	-1671140.25861425	5162287711.62989	292681	-904086879.802966	2792797653489.72	158340421.107266	-489111002700.189	1.51090352957492e+15	292681	-904086879.802966	2792797653489.72	158340421.107266	-489111002700.189	1.51090352957492e+15	85662167342.513	-264609052070983	8.17398808875384e+17	
542	1	-3099.668511394	9608245.82783817	542	-1680020.33317555	5207669238.4587	293764	-910571020.570796	2822556725083.99	542	-1680020.33317555	5207669238.4587	293764	-910571020.570796	2822556725083.99	159220088	-493529493036.526	1.52982574508455e+15	293764	-910571020.570796	2822556725083.99	159220088	-493529493036.526	1.52982574508455e+15	86297288325.1446	-267492985300734	8.29165553848248e+17	
