# <N_i^j*N_k^m*U^p> as a function of N_tot.
# number_of_species: 1
# max_order: 2
# species_total_upper_bound: 389
# species_total_lower_bound: 363
# volume: 729
#	N_tot	N_1^0*N_1^0*U^0	N_1^0*N_1^0*U^1	N_1^0*N_1^0*U^2	N_1^0*N_1^1*U^0	N_1^0*N_1^1*U^1	N_1^0*N_1^1*U^2	N_1^0*N_1^2*U^0	N_1^0*N_1^2*U^1	N_1^0*N_1^2*U^2	N_1^1*N_1^0*U^0	N_1^1*N_1^0*U^1	N_1^1*N_1^0*U^2	N_1^1*N_1^1*U^0	N_1^1*N_1^1*U^1	N_1^1*N_1^1*U^2	N_1^1*N_1^2*U^0	N_1^1*N_1^2*U^1	N_1^1*N_1^2*U^2	N_1^2*N_1^0*U^0	N_1^2*N_1^0*U^1	N_1^2*N_1^0*U^2	N_1^2*N_1^1*U^0	N_1^2*N_1^1*U^1	N_1^2*N_1^1*U^2	N_1^2*N_1^2*U^0	N_1^2*N_1^2*U^1	N_1^2*N_1^2*U^2	
363	1	-1475.70731067546	2178334.50162546	363	-535681.753775192	790735424.090043	131769	-194452476.620395	287036958945.237	363	-535681.753775192	790735424.090043	131769	-194452476.620395	287036958945.237	47832147	-70586249013.1291	104194416095838	131769	-194452476.620395	287036958945.237	47832147	-70586249013.1291	104194416095838	17363069360.0902	-25622808391802.9	3.78225730431555e+16	
364	1	-1482.14373004626	2197365.24137165	364	-539500.317736837	799840947.859282	132496	-196378115.656209	291142105013.269	364	-539500.317736837	799840947.859282	132496	-196378115.656209	291142105013.269	48228544	-71481634098.86	105975726227716	132496	-196378115.656209	291142105013.269	48228544	-71481634098.86	105975726227716	17555190016	-26019314812008.1	3.85751643463664e+16	
365	1	-1488.84212718483	2217257.22927478	365	-543427.376422463	809298888.685296	133225	-198350992.394199	295394094373.529	365	-543427.376422463	809298888.685296	133225	-198350992.394199	295394094373.529	48627125	-72398112223.9757	107818844444079	133225	-198350992.394199	295394094373.529	48627125	-72398112223.9757	107818844444079	17748900624.0877	-26425310961840.1	3.93538782226593e+16	
366	1	-1495.58096349346	2237368.61875668	366	-547382.632638608	818876914.464946	133956	-200342043.54573	299708950695.629	366	-547382.632638608	818876914.464946	133956	-200342043.54573	299708950695.629	49027896	-73325187937.7834	109693475954312	133956	-200342043.54573	299708950695.629	49027896	-73325187937.7834	109693475954312	17944209936	-26837018785153	4.01478121993397e+16	
367	1	-1502.30495656989	2257523.24215809	367	-551345.91906115	828511029.872017	134689	-202343952.295442	304063547964.869	367	-551345.91906115	828511029.872017	134689	-202343952.295442	304063547964.869	49430863	-74260230492.2869	111591322101800	134689	-202343952.295442	304063547964.869	49430863	-74260230492.2869	111591322101800	18141126720.0852	-27253504590511.9	4.09540152119243e+16	
368	1	-1509.03611043622	2277788.01602211	368	-555325.28864053	838225989.896135	135424	-204359706.219715	308467164281.778	368	-555325.28864053	838225989.896135	135424	-204359706.219715	308467164281.778	49836032	-75204371888.8552	113515916457153	135424	-204359706.219715	308467164281.778	49836032	-75204371888.8552	113515916457153	18339659776	-27675208855098.7	4.17738572559852e+16	
369	1	-1515.74326939829	2298068.27411168	369	-559309.266407967	847987193.147208	136161	-206385119.30454	312907274273.838	369	-559309.266407967	847987193.147208	136161	-206385119.30454	312907274273.838	50243409	-76156109023.5104	115462784204141	136161	-206385119.30454	312907274273.838	50243409	-76156109023.5104	115462784204141	18539817920.0828	-28101604229646.8	4.26057673718548e+16	
370	1	-1522.75168061257	2319364.81190973	370	-563418.12182665	858164980.406601	136900	-208464705.075861	317521042752.391	370	-563418.12182665	858164980.406601	136900	-208464705.075861	317521042752.391	50653000	-77131940878.124	117482785818709	136900	-208464705.075861	317521042752.391	50653000	-77131940878.124	117482785818709	18741610000	-28538818124946.5	4.34686307533589e+16	
371	1	-1529.62690623569	2340342.63262567	371	-567491.582213441	868267116.704122	137641	-210539377.001187	322127100301.594	371	-567491.582213441	868267116.704122	137641	-210539377.001187	322127100301.594	51064811	-78110108867.5671	119509154209321	137641	-210539377.001187	322127100301.594	51064811	-78110108867.5671	119509154209321	18945044880.0808	-28978850389808.4	4.43378962121711e+16	
372	1	-1536.75632833704	2362203.02836156	372	-571673.354141379	878739526.550498	138384	-212662487.740593	326891103871.039	372	-571673.354141379	878739526.550498	138384	-212662487.740593	326891103871.039	51478848	-79110445439.5006	121603490641424	138384	-212662487.740593	326891103871.039	51478848	-79110445439.5006	121603490641424	19150131456	-29429085703486.4	4.52364985182578e+16	
373	1	-1543.692708613	2383560.95445111	373	-575797.38031265	889068236.010262	139129	-214772422.856618	331622452031.71	373	-575797.38031265	889068236.010262	139129	-214772422.856618	331622452031.71	51895117	-80110113725.3931	123695174606686	139129	-214772422.856618	331622452031.71	51895117	-80110113725.3931	123695174606686	19356878640.0796	-29881072419595.3	4.61383001281508e+16	
374	1	-1550.61940633358	2404990.14863823	374	-579931.657968758	899466315.590698	139876	-216894440.080316	336400402033.101	374	-579931.657968758	899466315.590698	139876	-216894440.080316	336400402033.101	52313624	-81118520590.0372	125813750360317	139876	-216894440.080316	336400402033.101	52313624	-81118520590.0372	125813750360317	19565295376	-30338326700669.2	4.70543426345392e+16	
375	1	-1557.69336783607	2426973.56609634	375	-584135.012938526	910115087.286128	140625	-219050629.851947	341293157734.413	375	-584135.012938526	910115087.286128	140625	-219050629.851947	341293157734.413	52734375	-82143986194.6479	127984934149055	140625	-219050629.851947	341293157734.413	52734375	-82143986194.6479	127984934149055	19775390624.0782	-30803994822881.1	4.79943503068069e+16	
376	1	-1564.71152394527	2448885.04740235	376	-588331.533003422	920780777.823283	141376	-221212656.409287	346213572438.824	376	-588331.533003422	920780777.823283	141376	-221212656.409287	346213572438.824	53157376	-83175958809.8918	130176303244978	141376	-221212656.409287	346213572438.824	53157376	-83175958809.8918	130176303244978	19987173376	-31274160512513.9	4.89462900198508e+16	
377	1	-1571.88869698343	2471394.64765382	377	-592602.038762755	931715782.16549	142129	-223410968.613558	351256849879.108	377	-592602.038762755	931715782.16549	142129	-223410968.613558	351256849879.108	53582633	-84225935167.1203	132423832401452	142129	-223410968.613558	351256849879.108	53582633	-84225935167.1203	132423832401452	20200652640.0769	-31753177557218.5	4.99237848159692e+16	
378	1	-1578.96547333553	2493690.07882483	378	-596848.948920832	942614849.795785	142884	-225608902.692074	356308413225.512	378	-596848.948920832	942614849.795785	142884	-225608902.692074	356308413225.512	54010152	-85280165217.5987	134684580196866	142884	-225608902.692074	356308413225.512	54010152	-85280165217.5987	134684580196866	20415837456	-32235902452286.4	5.09107713133956e+16	
379	1	-1585.99561207417	2515929.72333782	379	-601092.33697611	953537365.145033	143641	-227813995.713946	361390661392.061	379	-601092.33697611	953537365.145033	143641	-227813995.713946	361390661392.061	54439939	-86341504375.7354	136967060667714	143641	-227813995.713946	361390661392.061	54439939	-86341504375.7354	136967060667714	20632736880.0753	-32723430158301	5.19105159927717e+16	
380	1	-1593.35165462345	2539311.93201832	380	-605473.62875691	964938534.166962	144400	-230079978.927626	366676642979.175	380	-605473.62875691	964938534.166962	144400	-230079978.927626	366676642979.175	54872000	-87430391992.4978	139337124332459	144400	-230079978.927626	366676642979.175	54872000	-87430391992.4978	139337124332459	20851360000	-33223548956607.7	5.29481072476471e+16	
381	1	-1600.54231533242	2562265.28328189	381	-609806.622141653	976223072.930399	145161	-232336323.03597	371940990785.797	381	-609806.622141653	976223072.930399	145161	-232336323.03597	371940990785.797	55306341	-88520139076.7376	141709517489332	145161	-232336323.03597	371940990785.797	55306341	-88520139076.7376	141709517489332	21071715920.0748	-33726172988104.8	5.399132616335e+16	
382	1	-1607.70454146331	2585241.07931119	382	-614143.134838985	987562092.296875	145924	-234602677.508492	377248719260.12	382	-614143.134838985	987562092.296875	145924	-234602677.508492	377248719260.12	55742968	-89618222808.286	144109010755838	145924	-234602677.508492	377248719260.12	55742968	-89618222808.286	144109010755838	21293813776	-34234161113383	5.50496421087287e+16	
383	1	-1614.90462342968	2608440.13689238	383	-618508.470773566	999032572.429783	146689	-236888744.306276	382629475247.901	383	-618508.470773566	999032572.429783	146689	-236888744.306276	382629475247.901	56181887	-90728389069.9102	146547089016628	146689	-236888744.306276	382629475247.901	56181887	-90728389069.9102	146547089016628	21517662720.0742	-34748973013640.5	5.61275350936281e+16	
384	1	-1622.2749784427	2632292.20800537	384	-622953.591721996	1010800207.87406	147456	-239214179.221246	388147279823.64	384	-622953.591721996	1010800207.87406	147456	-239214179.221246	388147279823.64	56623104	-91858244820.9586	149048555452278	147456	-239214179.221246	388147279823.64	56623104	-91858244820.9586	149048555452278	21743271936	-35273566011248.1	5.72346452936746e+16	
385	1	-1629.51218078769	2655812.27645524	385	-627362.189603261	1022487726.43527	148225	-241534442.997256	393657774682.155	385	-627362.189603261	1022487726.43527	148225	-241534442.997256	393657774682.155	57066625	-92990760553.5524	151558243249840	148225	-241534442.997256	393657774682.155	57066625	-92990760553.5524	151558243249840	21970650624.0729	-35801442813373.2	5.83499236520343e+16	
386	1	-1636.65941624108	2679150.85219884	386	-631750.534669055	1034152228.94875	148996	-243855706.382255	399182760377.466	386	-631750.534669055	1034152228.94875	148996	-243855706.382255	399182760377.466	57512456	-94128302663.5058	154084545505493	148996	-243855706.382255	399182760377.466	57512456	-94128302663.5058	154084545505493	22199808016	-36333524828383.5	5.94766345649388e+16	
387	1	-1643.90689047333	2702922.98492441	387	-636191.96661318	1046031195.16575	149769	-246206291.0793	404814072534.403	387	-636191.96661318	1046031195.16575	149769	-246206291.0793	404814072534.403	57960603	-95281834647.4642	156663046069329	149769	-246206291.0793	404814072534.403	57960603	-95281834647.4642	156663046069329	22430753360.0712	-36874070008718.5	6.06285988287715e+16	
388	1	-1651.06590016248	2726509.73008054	388	-640613.569263043	1057885775.27125	150544	-248558064.87406	410459680801.692	388	-640613.569263043	1057885775.27125	150544	-248558064.87406	410459680801.692	58411072	-96440529171.1355	159258356154577	150544	-248558064.87406	410459680801.692	58411072	-96440529171.1355	159258356154577	22663495936	-37418925319612	6.17922421876552e+16	
389	1	-1658.45497218558	2750957.06264179	389	-645138.984180191	1070122297.36766	151321	-250959064.846094	416277573680.317	389	-645138.984180191	1070122297.36766	151321	-250959064.846094	416277573680.317	58863869	-97623076225.2114	161931976159960	151321	-250959064.846094	416277573680.317	58863869	-97623076225.2114	161931976159960	22898045040.0693	-37975376651542.3	6.29915387263381e+16	
