# <P(N_1)> as a function of N_tot.
# number_of_species: 2
# species_total_upper_bound: 100
# species_total_lower_bound: 0
# volume: 512
# Bin widths for each species index 
1	1	1	1	1	1	1	1	1	1	1	1	1	1	1	1	1	1	1	1	1	1	1	1	1	1	1	1	1	1	1	1	1	1	1	1	1	1	1	1	1	1	1	1	1	1	1	1	1	1	1	1	1	1	1	1	1	1	1	1	1	1	1	1	1	1	1	1	1	1	1	1	1	1	1	1	1	1	1	1	1	1	1	1	1	1	1	1	1	1	1	1	1	1	1	1	1	1	1	1	1	
# Bin lower bound for each species index 
0	0	0	0	0	0	0	0	2	3	4	5	6	6	7	8	8	9	10	11	12	12	13	13	14	14	15	16	16	17	18	20	21	22	23	23	25	25	26	27	27	27	28	30	31	31	32	32	35	35	36	36	37	38	39	40	40	41	41	42	43	45	45	47	48	49	49	50	50	51	52	53	53	51	52	52	53	54	57	58	60	61	62	63	64	65	66	68	68	69	69	69	69	70	71	71	71	73	74	74	78	
# Bin upper bound for each species index 
0	1	2	3	4	5	6	7	8	9	10	11	12	13	14	15	16	17	18	19	20	21	22	23	24	25	26	27	28	29	30	31	32	33	34	35	36	37	38	39	40	41	42	43	44	45	46	47	48	49	50	51	52	53	54	55	56	57	58	59	60	61	62	63	64	65	66	67	68	69	70	71	72	73	74	75	76	77	78	79	80	81	82	83	84	85	86	87	88	89	90	91	92	93	94	95	96	97	98	99	100	
# Normalized histogram for each species index 
1	
0.0798013944643989	0.920198605535601	
0.00601917564663174	0.147040165320468	0.846940659032901	
0.000562053710193185	0.0177259817843502	0.202443656244544	0.779268308260912	
2.74900137238607e-05	0.00196236405659559	0.03239803848179	0.246665778527762	0.718946328920129	
6.34378224755976e-06	0.000167052932519074	0.00414671899582156	0.0499995770811835	0.284537665149798	0.66114264205843	
1.05631868712263e-05	1.26758242454716e-05	0.000441541211217259	0.00767943685538152	0.0675494674041179	0.313473133590512	0.610833181927655	
1.47890864992542e-05	4.2254532855012e-06	5.49308927115156e-05	0.00100143242866378	0.0129446761401329	0.0861126252318717	0.338294015490512	0.561573305276324	
1.68157664626354e-05	0.000111404452814959	0.00201789197551624	0.0182976558821551	0.105897289298446	0.354970320172193	0.518688622452411	
1.25719218696962e-05	0.00024305715614746	0.00323936520175839	0.0255943376063899	0.125813508110985	0.369956040179862	0.475141119822987	
3.76648622407664e-05	0.000481273239743126	0.005095218864237	0.0335761321952965	0.147677647369005	0.376866241611721	0.436265821857757	
9.67655077244118e-05	0.000891925549459796	0.00748880885867187	0.0429155026757767	0.165426946248864	0.381087812594662	0.402092238564841	
0.000105894512122804	0.0013406245234747	0.0104263736636113	0.0518840751596889	0.182339760424256	0.383524508225886	0.370378763490961	
4.24283438308127e-06	0.000176077626897873	0.00204292475545363	0.0136470767931809	0.0620790312760537	0.197457269354219	0.383794069790383	0.340799307569429	
1.27858435140612e-05	0.00030686024433747	0.0028192784948505	0.0168751824646418	0.0731094532134021	0.213122963588049	0.379019283182993	0.314734192968212	
7.04362136052883e-05	0.000454633742361406	0.00402126746764737	0.0213848613367086	0.0852534316309825	0.227421458285753	0.373583004808872	0.287810906514069	
4.27492924992091e-06	0.000111148160497944	0.000745975154111199	0.00548900915689845	0.0266862458426313	0.0969831824283308	0.239492223903694	0.366275938133224	0.264212002291362	
2.12974400477063e-05	0.000112876432252843	0.00106700174639008	0.00724964859223921	0.0325148017208332	0.107011117263705	0.248176939131916	0.359720151637773	0.244126166034843	
1.06728825534658e-05	0.000181439003408919	0.00146005033331412	0.00932383019870773	0.0381726317407258	0.118330248870275	0.257852573338712	0.350625537646459	0.224043015985844	
5.13846008915228e-05	0.000252640954383321	0.00199757635965795	0.0117028428530443	0.0457901024694583	0.129375719919669	0.264005515280496	0.340024750249429	0.206799467312971	
7.30024176683028e-05	0.000453044415529761	0.00308757284138292	0.0144480373085297	0.0521151376954425	0.139681537688572	0.269481983432745	0.329522177705062	0.191137506495068	
4.29503451060229e-06	0.000120260966296864	0.000773106211908413	0.00415544588900772	0.0170620245933676	0.0584747473445949	0.150012670351806	0.275279499370777	0.319438896691535	0.174679053546195	
1.93898655635988e-05	0.000183126508100655	0.001068597035505	0.005278352292313	0.0203809031368494	0.0658738366080662	0.161058686659772	0.280077990348156	0.304748362633575	0.161310754912099	
6.46728738253789e-06	3.88037242952274e-05	0.000260847257762362	0.00140340136201072	0.00654489483112835	0.0242717295466647	0.0730911262349824	0.170673869787636	0.280803150862413	0.293392803633753	0.149512905471972	
4.30951821741088e-06	4.52499412828143e-05	0.000344761457392871	0.00159021222222462	0.00814283467179787	0.0280291064860404	0.0806849548254753	0.177825804964134	0.281120647117256	0.283706358047702	0.138505760748477	
4.3005665996495e-06	8.60113319929901e-06	5.59073657954435e-05	0.000333293911472837	0.00205997140123211	0.00934943178763802	0.0324649772607541	0.0875487845523648	0.187685327541904	0.282366601799787	0.27177430626485	0.126348496414403	
1.28796546535266e-05	4.29321821784219e-06	5.36652277230273e-05	0.000474400613071561	0.00283137741466692	0.0109992250741117	0.0367241886354221	0.0968120708123413	0.195925306589446	0.280529611399353	0.259731115743017	0.115901865617977	
4.27028331194633e-06	8.54056662389266e-06	0.000125973357702417	0.000657623630039735	0.00359557854865881	0.0136136631984849	0.0417185328160597	0.104856806724842	0.201309695891774	0.279556232158223	0.247847243425365	0.106705839398915	
2.13793531035338e-06	6.41380593106014e-06	1.7103482482827e-05	0.000188138307311097	0.000938553601245133	0.00460725059381153	0.0159083766443395	0.0464423687468065	0.112446845583346	0.205628756085098	0.278106901041388	0.237712751287572	0.0979944028853575	
1.06360348861944e-05	6.38162093171666e-06	2.76536907041055e-05	0.000251010423314188	0.00132312273984259	0.00536694320357371	0.0178557753669432	0.0522208040842374	0.119019357583493	0.211495426504999	0.274718145075516	0.228136566687939	0.0895681769836205	
1.05417844711081e-05	0	5.0600565461319e-05	0.000364745742700341	0.00162132645165643	0.00603411743126229	0.0209929095957647	0.0567569675924462	0.126651106992787	0.216062306162938	0.271417216420727	0.216646321022637	0.083391840237148	
4.20347333001259e-06	8.40694666002518e-05	0.000426652542996278	0.00176125532527528	0.00728461928091182	0.0237517260512361	0.0623774424807218	0.133874320350906	0.219707144013098	0.266796553992564	0.207458222729441	0.076473790292919	
2.10103454941213e-06	9.03444856247216e-05	0.000527359671902445	0.00240568455907689	0.00918992511912866	0.0265717839464152	0.0687269411458202	0.139617947877535	0.225306540940759	0.264207195623125	0.193505282000857	0.0698488935952063	
3.14897815658819e-05	0.000119661169950351	0.000665484050425637	0.00316577270675666	0.0101082198826481	0.0293925621135941	0.0738015513965718	0.146379199949616	0.229898497937419	0.258071355845028	0.184429352675057	0.0639368524913665	
5.26422182167343e-05	0.000273739534727019	0.0009075518420565	0.00350386604450584	0.0115349628556508	0.033684702592524	0.0794876438185402	0.154881828748547	0.231716304768964	0.249886292808652	0.175395448343244	0.0586750164243721	
1.46877078572942e-05	6.08490754087904e-05	0.000293754157145885	0.00114354296888934	0.00421327391106383	0.013342733466362	0.0372941884936497	0.0848236111198538	0.161061207875129	0.234138849197107	0.24416635717568	0.166138958305794	0.0533079865460596	
8.15966156234504e-05	0.000399614194463565	0.00145618575574158	0.0049125347047144	0.0151351260876933	0.0404761057910583	0.0897165249884405	0.167810762802823	0.233291000730185	0.238831201708926	0.157866436801329	0.050022909819002	
8.35966628212202e-06	0.000110765578238117	0.000376184982695491	0.00166775342328334	0.00561351590844494	0.0166566350671281	0.0451714567554463	0.0976827005065958	0.171795321930749	0.234183511394225	0.231813546003244	0.148306749594556	0.0466134991891124	
4.18457315261557e-06	0.00011298347512062	0.000493779632008637	0.0019897645340687	0.00629987488126274	0.0185292899197817	0.0499721725885351	0.104051503726362	0.176450896126341	0.234513940905458	0.224079707749411	0.139624560096747	0.0438773417917505	
3.36034914027567e-05	0.000153315929525078	0.000537655862444108	0.00220522912330591	0.00688451530113979	0.0207144522315869	0.0534064489300438	0.110723504172083	0.181122818660859	0.232855393675403	0.217521700504682	0.133149634246998	0.0406917278705257	
1.05585694405436e-05	6.12397027551531e-05	0.000168937111048698	0.000684195299747228	0.00247281696297532	0.00827369501361	0.0235920675579507	0.0583508781562204	0.116169604412637	0.184565905534591	0.231245341031234	0.212147000627179	0.124622795106737	0.0376349649138737	
4.23534992461077e-06	1.48237247361377e-05	0.000108001423077575	0.000256238670438952	0.000840716960035238	0.00290756772324529	0.00971801040201942	0.0269897673945821	0.061806461449845	0.12165619123452	0.188058007352567	0.229386551916919	0.20522811594694	0.118757094211124	0.0342682162400258	
4.22711440262419e-06	5.28389300328024e-05	7.82016164485476e-05	0.000319147137398127	0.000940532954583883	0.00330983057725474	0.011180717594941	0.0297821345236888	0.0676613066856041	0.125560092658348	0.192037807311217	0.228052822021575	0.198272801055088	0.11261244124311	0.0301350985763079	
4.87664215623913e-05	0.000101773401521512	0.000341364950936739	0.00117463467589412	0.00392887735457005	0.0128806961300664	0.0334389232374119	0.0722294311714967	0.130672806995225	0.195074167366359	0.224268291648644	0.191079561356639	0.106779380708852	0.0279813245808208	
5.31202855746553e-05	0.000110490193995283	0.00042071266175127	0.00156598601874084	0.00499543165544058	0.0148736799609035	0.0359709325797335	0.0758366444978008	0.136406518921446	0.196372946900963	0.223007458088095	0.184705607377345	0.100114739816841	0.0255657310413701	
2.12313323510304e-06	5.9447730582885e-05	0.0001401267935168	0.000437365446431225	0.00182377144895351	0.0058067693980068	0.0162610774476541	0.038717457675339	0.0808467904594885	0.142487717674235	0.198396185154203	0.22160627768035	0.177627695848425	0.0925303926522605	0.0232568014573187	
6.36925095485687e-06	3.39693384259033e-05	0.000140123521006851	0.00059021725515007	0.00202329871999287	0.00630980461261154	0.0179995031984255	0.042529611709231	0.0862078116739878	0.147467267357801	0.200194049845758	0.217762567062905	0.170589771407583	0.0867619365070603	0.0213836985391061	
2.12239873505035e-06	0	2.75911835556546e-05	0.00023983105706069	0.000683412392686214	0.00236647458958114	0.00738382519924018	0.019852917767661	0.0467246081521335	0.0927488247217005	0.149807392314794	0.201918648456486	0.212938142688867	0.163717593624314	0.0817229632931139	0.0198656521600713	
4.25340059377472e-05	0.000248823934735821	0.000848553418458057	0.00265624867081231	0.00827711755548561	0.0222431584051449	0.0502156474101044	0.0961991612294029	0.154187898224631	0.202108836014394	0.209063145985215	0.157754374622511	0.076844061827431	0.0193104386957372	
4.24000101760024e-06	6.57200157728038e-05	0.000277720066652816	0.000949760227942455	0.00316728076014738	0.00943400226416054	0.0241743658018478	0.0534791328349919	0.100827224198534	0.157270117744828	0.204041568969977	0.204828089158741	0.150390716093772	0.0731463775551306	0.0179436843064842	
1.6971805587967e-05	8.48590279398349e-05	0.000350043490251819	0.00113498949869529	0.00391412266372489	0.010772853596962	0.0265820905021533	0.0569892016886947	0.104315081570741	0.162112565500562	0.204981224940068	0.198985934616119	0.143927275813056	0.068897044784352	0.0169357405010926	
4.23157729928042e-06	8.46315459856084e-06	0.000118484164379852	0.000423157729928042	0.00143238891580642	0.00450239824643437	0.0117066585984593	0.0285525678268946	0.0595848399511676	0.110080251863481	0.165467367133762	0.202684089480934	0.195270366052594	0.140223892754905	0.0646479221897566	0.0152929203595994	
1.27225923554183e-05	3.18064808885458e-05	0.000173875428857384	0.000430447708024987	0.00174511558475155	0.00534985008545341	0.013123354014614	0.030220397708237	0.0642130440498556	0.114333696634026	0.167664683355881	0.200686171814369	0.192229888762134	0.135554980682864	0.0603453759738084	0.0138845891238799	
1.27451313598205e-05	5.73530911191925e-05	0.000140196444958026	0.000652125887910818	0.00192026645821296	0.00579903476871835	0.0144083710022771	0.0337661013492846	0.0680717465928015	0.118096387180097	0.169554855045373	0.201464415593243	0.188092648608232	0.128836284539306	0.0564439384155253	0.0126835298915814	
2.53872615184121e-05	3.80808922776182e-05	0.000186173251135022	0.000727768163527814	0.00220446054184879	0.00566559052885897	0.0163218935512125	0.0362657030790517	0.0731449316447984	0.120612763868849	0.170646825111387	0.200891516000322	0.184662709074677	0.123013975687466	0.0543181616237692	0.0112740597193015	
2.53563089666248e-05	5.70516951749057e-05	0.000242997960930154	0.000824080041415305	0.00241307540332379	0.00671942187615556	0.0170669089602857	0.0394586428035626	0.0767767905251926	0.124089550031167	0.174415484252676	0.20016692903403	0.178726056777002	0.118420301951379	0.0505837233626692	0.0100136290160696	
4.22353480298266e-06	2.74529762193873e-05	6.75765568477226e-05	0.000274529762193873	0.000882718773823376	0.00279175650477154	0.00784943943134327	0.0185054177392685	0.0428562076458651	0.0804308850206003	0.128389122708468	0.177084367219457	0.199382519211804	0.172803814696634	0.112686020310979	0.046883348080509	0.00908059982641272	
1.47727944217928e-05	2.74351896404724e-05	9.707836334321e-05	0.000316559880466989	0.000966562835025873	0.00319514439351348	0.00854922717181182	0.0209140561028524	0.044645495141861	0.0828817079038671	0.133856290255865	0.180154227973764	0.196381087446501	0.167061311317649	0.107723216923713	0.0441643241235512	0.00905150218215278	
1.47230179662885e-05	2.9446035932577e-05	2.52394593707803e-05	0.000111474278887613	0.000412244503056078	0.00107478031153906	0.00353352431190924	0.00911144483285168	0.0228522271719606	0.0479255267685499	0.0886325681570567	0.138024086857393	0.180249702384708	0.192993526078671	0.163682100596072	0.10203261779466	0.0412034174227988	0.00809135001661598	
6.30277258966219e-06	3.3614787144865e-05	8.40369678621626e-06	0.000136560072776014	0.000479010716814327	0.00148115155857062	0.00407789386551144	0.0101117481580147	0.0248056119887138	0.0521722505730271	0.0920645992171956	0.141896420235262	0.180858059460357	0.189986575094384	0.157943279248541	0.0970269821694563	0.039093997449478	0.00781753893537767	
4.17809549872881e-06	1.46233342455509e-05	1.46233342455509e-05	0.000139966199207415	0.000555686701330932	0.00165452581749661	0.00429508217269322	0.0112202754618362	0.0276485469628379	0.0543465771997151	0.0963740398214282	0.143590697052563	0.181268762260099	0.186061037797141	0.154627136312455	0.0934702634498117	0.0379538195104525	0.00676015851694322	
2.07788753641498e-05	1.03894376820749e-05	0.000153763677694708	0.000610898935706004	0.0018451641323365	0.00529445744278537	0.0131218597924606	0.0300026181382959	0.0582411097581754	0.100226905318977	0.145853159843577	0.179327928055222	0.185532500238957	0.148753890844412	0.0891600763000303	0.035376035307465	0.00646846390085983	
2.08516219434129e-06	2.08516219434129e-06	3.54477573038019e-05	0.000202260732851105	0.00072980676801945	0.00214563189797718	0.00579883606246312	0.0149130800139289	0.0321657120099087	0.0618542513329399	0.1045396066133	0.146438855746394	0.179417781012096	0.182053426025743	0.145978034901445	0.0849661890950188	0.0326849173962997	0.00607199230992183	
1.45996971605675e-05	8.34268409175284e-05	0.000258623206844338	0.000800897672808273	0.00231718050648435	0.00663034818192057	0.0163558321618814	0.0342425468545995	0.0655964393424296	0.106073056884591	0.148983652510522	0.181290696655835	0.179834898281824	0.141946598479129	0.0800876816098043	0.0300878901769066	0.00539563093634115	
1.45951919267738e-05	0.000175142303121286	0.000293988865953587	0.000879881570442651	0.0028064469047768	0.00751443881487042	0.0173036425428994	0.0364191739121369	0.0672504743437376	0.109551510602364	0.15284710493943	0.181843581243093	0.176678968328434	0.135437125998207	0.0774942140489147	0.0283313525572861	0.0051583578324055	
3.32697742022012e-05	0.00013723781858408	0.000332697742022012	0.0011124580748861	0.00309408900080471	0.00846923689534785	0.0186768194927607	0.0382020182276775	0.0707336193147674	0.113491517247259	0.155407274020257	0.18141384064194	0.172859349950199	0.131783654975807	0.0731040907266742	0.0264848196258398	0.00466400647097108	
6.23381804731883e-06	1.03896967455314e-05	0.000112208724851739	0.000442601081359637	0.00126546506360572	0.00369249822336186	0.00939644173665859	0.0200645823549702	0.0410102109939615	0.0744754242113181	0.115294464785162	0.156531171168176	0.181285662634079	0.172419095431443	0.126625468055838	0.0684016074938805	0.0247877384954888	0.00417873603105273	
6.24898454001225e-06	2.4995938160049e-05	0.000118730706260233	0.000479088814734272	0.0013102037585559	0.00416182370364816	0.00973175192364574	0.0218193710188761	0.0442761384608334	0.0785539016576473	0.118809860064406	0.158772116197785	0.180995588216915	0.168343477518237	0.121530251334158	0.0643312128445794	0.0227962956019647	0.00393894325505439	
4.17077661946043e-06	6.25616492919064e-06	2.9195436336223e-05	0.000118867133654622	0.000502578582644981	0.00173087229707608	0.00460245199957458	0.0106062849432879	0.0239048061944374	0.04645619537586	0.0812717532068059	0.122458172323978	0.162299515981373	0.180327697918991	0.164349452689838	0.115822466722416	0.0604428947692205	0.0212626192060093	0.00380374827694791	
1.46064907071419e-05	4.17328305918341e-06	2.08664152959171e-05	0.000127285133305094	0.000742844384534648	0.00187380409357335	0.00492447400983643	0.0117936979252523	0.025609351492679	0.0491091083989408	0.0841584261714927	0.124835416149353	0.164022544075086	0.179465778035594	0.159507051805049	0.112467891803463	0.0580503673532413	0.0199023869092457	0.00336992607029061	
1.45771684058617e-05	2.08245262940881e-06	3.95665999587674e-05	0.000183255831387976	0.000724693515034267	0.00200123697686187	0.00546227324693932	0.0129653500706993	0.0270510596560205	0.0514969710726505	0.0873547228984409	0.128989198318211	0.164517922628555	0.177733167014783	0.155873661763879	0.107927272424371	0.0553266014581333	0.0192522745588845	0.00308411234415445	
2.07618778703296e-06	6.22856336109888e-06	9.96570137775822e-05	0.00022422828099956	0.000878227433914943	0.00217584480081054	0.00608945877936768	0.0140121913746855	0.0290936194596929	0.0552286713228638	0.0909328726964696	0.131426839294761	0.165573899828092	0.175890476941858	0.151482813317499	0.103574780131713	0.053227226296164	0.0171160921162997	0.00296479615988307	
4.15831538327193e-06	0	2.49498922996316e-05	0.00013930356533961	0.000224549030696684	0.000991758218910355	0.0026072637453115	0.00690072437853977	0.0149761728528539	0.0311291489591737	0.0584700726041866	0.0943459385733652	0.133883201237515	0.16672973444998	0.173218785605575	0.147364459710082	0.0995563077486049	0.0499642384877039	0.016837018986868	0.00263221363761113	
4.17357915714569e-06	0	2.08678957857284e-06	6.26036873571853e-06	1.66943166285828e-05	2.7128264521447e-05	0.000102252689350069	0.000369361755407394	0.00110599847664361	0.00300706378272347	0.00740184263519788	0.016057845807118	0.0341795265074446	0.060788180423827	0.0969668513475444	0.1368328794566	0.16686595507142	0.169783286902265	0.144293152199998	0.0951054350434574	0.0485908953370687	0.0162060078671967	0.00228712137811584	
4.16078089535844e-06	2.08039044767922e-06	4.16078089535844e-06	1.45627331337545e-05	1.04019522383961e-05	2.91254662675091e-05	0.000158109674023621	0.000409836918192806	0.00135849496233453	0.00336191096344962	0.00797413658595445	0.0174191092184181	0.0358763332702282	0.063420702797501	0.100152076541725	0.139371597261374	0.168343114635755	0.16799776982144	0.139987392833887	0.0916682442960895	0.0460452817784842	0.0143671764316727	0.00202421990559188	
2.07745586445016e-06	4.15491172890032e-06	6.23236759335048e-06	1.03872793222508e-05	1.66196469156013e-05	2.07745586445016e-05	6.64785876624051e-05	0.000191125939529415	0.00038432933492328	0.0013420364884348	0.00360854083654993	0.00850510430905895	0.0194325221560668	0.0373152622372538	0.0667715089392926	0.104053531882715	0.143016216620478	0.166412524565916	0.16743671030709	0.135520755861542	0.0886014151629349	0.0424445007665812	0.0128137477719286	0.00202344201197446	
4.14023814649819e-06	4.14023814649819e-06	1.03505953662455e-05	6.21035721974728e-06	2.69115479522382e-05	2.89816670254873e-05	9.93657155159565e-05	0.000171819883079675	0.000482337744067039	0.0014842753755196	0.00425616481460014	0.00991173012271666	0.0207902058526406	0.0407606445522746	0.0699017107464021	0.106449662984615	0.145015981319245	0.166021479555504	0.164019674411672	0.133046552837719	0.0851978205786397	0.0387464186940033	0.0116941026447841	0.00186931752314393	
2.05963041991745e-06	4.1192608398349e-06	2.67751954589268e-05	2.05963041991745e-05	2.05963041991745e-05	4.1192608398349e-05	9.47429993162027e-05	0.000185366737792571	0.000492251670360271	0.00174656659609	0.0047206729224508	0.0107183167052504	0.0227568565096679	0.0433943533172408	0.072330101086661	0.111141776719585	0.145123619017803	0.166539656124105	0.162638716108781	0.128922566134733	0.0805171320058329	0.0360826653265338	0.0107739267265882	0.00170537398769165	
2.06017779334357e-05	1.23610667600614e-05	1.23610667600614e-05	5.15044448335891e-05	7.00460449736812e-05	0.000216318668301074	0.000527405515095953	0.00214876543845734	0.00530907817344637	0.0120685215134066	0.0242359315608937	0.0456432390115267	0.0763378279545525	0.113682670814491	0.146962782888163	0.16568567867407	0.160675326280658	0.124344090895044	0.0758269038618033	0.0343493443484173	0.0100701490538633	0.00174909094654869	
4.13075491611469e-06	1.65230196644588e-05	1.03268872902867e-05	3.09806618708602e-05	0.000109465005277039	0.000223060765470193	0.000774516546771505	0.00239583785134652	0.00614449793772061	0.0129271975099809	0.0261786592808769	0.0483504862931225	0.0802481757553602	0.115047720546168	0.148207355635279	0.166415723305513	0.156047528466065	0.119779500302578	0.0733126382512036	0.0327341673327509	0.00956476300826358	0.001476744882511	
2.07234987897477e-06	1.03617493948738e-05	7.04598958851421e-05	0.000118123943101562	0.000304635432209291	0.000913906296627872	0.00260079909811333	0.00676207765509467	0.0143903975596008	0.0283580357438907	0.0503891873072715	0.0826038661759342	0.117717762525283	0.151242166517457	0.165640853476574	0.150415298915747	0.116488859047051	0.0706049603766703	0.031126695182201	0.00893804502801817	0.00130143572399615	
2.07965061869606e-06	6.23895185608818e-06	4.36726629926172e-05	9.15046272226266e-05	0.000328584797753977	0.00110013517729022	0.00302173234896537	0.00718727253821358	0.0148320682125403	0.030379536237912	0.0524113548923781	0.0849890818342518	0.122680669647499	0.152348965373817	0.162655713840075	0.149135905167932	0.112692107725902	0.0668982011022148	0.0295934283040449	0.00836227513777685	0.00123947176874285	
4.17249947322194e-06	1.04312486830549e-05	2.29487471027207e-05	0.000152296230772601	0.000402646199165917	0.00122462859539064	0.00320239334569784	0.00747086030680389	0.0160057079792794	0.0315879072620267	0.0556715742214638	0.0885571288196625	0.124069271836254	0.152027104556578	0.161988947048895	0.146619545239282	0.109530197421813	0.0643274243786627	0.0281560264453017	0.00780883276413486	0.0011599548535557	
2.08942749686586e-06	2.9251984956122e-05	6.68616798997075e-05	0.000213121604680318	0.000484747179272879	0.00126828249059758	0.00354575846218136	0.00823234433765148	0.0170998746343502	0.0329690764730464	0.0584120351023819	0.0907104053489344	0.125982030923527	0.15349979105725	0.16241328875888	0.142979523610531	0.106379022147931	0.0608524864187213	0.0263288758880067	0.00753447555369829	0.000996656916005015	
1.67683949292374e-05	4.82091354215575e-05	0.000100610369575424	0.000247333825206251	0.000526108390904823	0.00153221208665906	0.00426755650949091	0.00876358239989268	0.0183362398551211	0.0339476155342411	0.0601272721175129	0.0930541116104367	0.128693238983165	0.154751324703199	0.159599486887115	0.14139110604333	0.102855238446576	0.0588864108927493	0.0248717217787913	0.00711608759809511	0.000867764437588034	
2.7268131734442e-05	5.87313606587981e-05	8.80970409881971e-05	0.000302046997673819	0.000696386133525748	0.00202203684553862	0.00461460690890556	0.00987316123646295	0.0197211518897864	0.035964568209134	0.0621797305489075	0.0965627471174438	0.129150262088697	0.154740354947173	0.158629210042224	0.139833077082813	0.0982827369653086	0.0565226419883083	0.0235617633671528	0.00642688889494847	0.000742532202614804	
1.26099694418407e-05	2.52199388836814e-05	8.40664629456048e-05	0.000298435943456897	0.000912121122959812	0.00209115326577192	0.00492629472861244	0.0103380732807358	0.0206971631772079	0.0378761448801422	0.0655487228202617	0.0987591790069229	0.131479948046926	0.155958000395112	0.158444266036729	0.134886741457797	0.0957264813561602	0.0533233574463971	0.0220212099686012	0.0059035673603551	0.000687243334580319	
6.53207776965365e-05	0.000130641555393073	0.000425638615958077	0.000939776350085654	0.0021071218611786	0.00501495002960506	0.0112520307386937	0.022156386370293	0.0407938792324176	0.069054597634545	0.101919377303348	0.13413937768263	0.155528771695453	0.155315952387474	0.13145911867521	0.0910634854745555	0.0515001654090661	0.0208836847661411	0.00545533849859139	0.000794384941664331	
4.24141272975203e-06	5.51383654867763e-05	0.000167535802825205	0.000383847852042558	0.00101581834877561	0.00240912243049915	0.00541840476225821	0.0116193501731557	0.0230202675907291	0.042435334361169	0.0721909653667444	0.104300580437332	0.136278711713297	0.155751037555589	0.15428138804473	0.127613505506414	0.0891905475875905	0.0486553661293504	0.0193323592222097	0.00509393668843218	0.000782540648639249	
4.25234250917974e-06	5.74066238739266e-05	0.000138201131548342	0.000452874477227643	0.00116301567626066	0.00258329807432669	0.00567900342100955	0.0125677982858807	0.025148353599289	0.0456170042672257	0.0740864373661841	0.107018703928527	0.138041668704247	0.155031903199675	0.151383393326799	0.125733263311427	0.0857761269239192	0.0461038974845268	0.0180830865202869	0.00471797401393493	0.000612337321321883	
6.37479999065029e-06	4.24986666043353e-06	6.37479999065029e-05	0.00014449546645474	0.000441986132685087	0.00131320879807396	0.00274328892930984	0.0065022959904633	0.0139756865128357	0.0273818908931732	0.047534758596949	0.0761831097549314	0.10910257690665	0.138059043397513	0.154440154440154	0.1489089529816	0.123592497285398	0.083501380144198	0.0441837387351972	0.017007966375055	0.00435823826027458	0.000550357732526142	
2.11268647098965e-06	1.69014917679172e-05	6.33805941296894e-06	3.16902970648447e-05	0.000133099247672348	0.00053450967716038	0.00128240068789072	0.00308874762058686	0.00711341534782214	0.0153676813899787	0.0283945061701008	0.0494875678964615	0.0788412337243916	0.110440685270984	0.138438006384539	0.153955688513957	0.147431712691541	0.121629472821345	0.080184902319941	0.0427269711892946	0.0164472641766544	0.00390635728485985	0.00053873505010236	
8.43102786876262e-06	1.05387848359533e-05	1.68620557375252e-05	2.10775696719065e-05	2.31853266390972e-05	0.00016229728647368	0.000581740922944621	0.00145224455039436	0.00328388535488304	0.00754787769950974	0.0160210607076162	0.0301472479017279	0.0515810285010897	0.0810495786593823	0.112316045510688	0.139672623187856	0.153651267394264	0.147315349950889	0.116917278970066	0.0776350123725334	0.0405469207778466	0.0157660221145861	0.00379185478397599	0.000480568588519469	
4.21940928270042e-06	1.26582278481013e-05	2.32067510548523e-05	1.89873417721519e-05	2.74261603375527e-05	0.000183544303797468	0.000616033755274262	0.00155696202531646	0.00376160337552743	0.00856751054852321	0.0171518987341772	0.0315379746835443	0.0539514767932489	0.0839029535864979	0.115255274261603	0.141029535864979	0.153493670886076	0.145675105485232	0.113432489451477	0.0732848101265823	0.0380675105485232	0.0145105485232068	0.00351054852320675	0.000424050632911392	
1.04742532381154e-05	1.04742532381154e-05	2.72330584191e-05	1.88536558286077e-05	4.18970129524616e-05	0.000230433571238539	0.000766715337030046	0.00172615693364142	0.00413104547711271	0.00918382523917957	0.0182210109330255	0.0339763826537987	0.0567662628492902	0.0868001365842622	0.11764890722116	0.142774545888751	0.15284868265317	0.141215977006919	0.109634008643354	0.0705378110067643	0.0368400434890994	0.0130676783398728	0.00314856052337749	0.000372883415276908	
1.04250284082024e-05	8.34002272656193e-06	2.08500568164048e-05	2.08500568164048e-05	1.45950397714834e-05	8.96552443105407e-05	0.000291900795429668	0.000781877130615181	0.00198075539755846	0.00452654733484149	0.00991420201620049	0.0193196626460807	0.0363896041616713	0.0595748673415135	0.089392533594654	0.120181812495439	0.143538046141176	0.151444387685956	0.137898105772338	0.106262314564807	0.0685529018066574	0.0342441333152633	0.0122035382546417	0.00298364313042753	0.000354450965878882	
2.07247443084671e-06	2.07247443084671e-06	2.07247443084671e-05	0	4.14494886169342e-06	4.9739386340321e-05	6.4246707356248e-05	0.000261131778286685	0.000853859465508844	0.00219060547340497	0.0050091706993565	0.0107975917847114	0.0209029771095199	0.0381273121042869	0.0612561267525362	0.0924924613742578	0.121467726391926	0.145027615721791	0.150096888179642	0.135237246510471	0.102848616105199	0.0664974145881475	0.0316570469311835	0.0119125830285069	0.00288073945887693	0.00033988580665886	
4.1404095693146e-06	4.1404095693146e-06	6.2106143539719e-06	0	2.27722526312303e-05	0.000105580444017522	0.000368496451668999	0.000867415804771408	0.00244698205546493	0.00565579947168374	0.011483425940494	0.0224203178178385	0.0402116577371834	0.0639838192794031	0.0931240218282393	0.125166651485165	0.145493992265715	0.148611720671409	0.132890585536721	0.100202051986983	0.0622200048028751	0.0304465017679549	0.0111625441988722	0.00278856584493338	0.000312600922483252	
4.14363496233436e-06	0	2.07181748116718e-06	1.24309048870031e-05	5.38672545103467e-05	0.00016160176353104	0.000381214416534761	0.0010732014552446	0.00286946721141654	0.00608078430722567	0.0124599103317394	0.0236746583572974	0.0416725368161966	0.0671289582072978	0.0949472515269295	0.127686111364333	0.144882196458021	0.148033430846876	0.129981685133466	0.0972076043988829	0.0596372661953972	0.0286926002966843	0.0104626782798943	0.00265399819337516	0.000240330827815393	
2.07297278808621e-06	0	0	2.07297278808621e-06	1.65837823046897e-05	4.56054013378966e-05	0.000225954033901397	0.000499586441928777	0.00107794584980483	0.00313433485558635	0.00621269944589437	0.0129726637078435	0.0251679626201547	0.044148101467872	0.0691999776118939	0.0992228425017465	0.128547115562014	0.145363070818969	0.14682451663457	0.127307477834738	0.0940113889124977	0.0568243300670192	0.026619043571815	0.0100974504507679	0.00224710250228545	0.000230099979477569	
1.45348837209302e-05	8.30564784053156e-06	6.22923588039867e-05	0.00028031561461794	0.00051702657807309	0.00155523255813953	0.00349460132890365	0.00653239202657807	0.013563122923588	0.0270286544850498	0.0447134551495017	0.0716258305647841	0.102776162790698	0.129800664451827	0.145720514950166	0.145276162790698	0.124933554817276	0.090797342192691	0.0541943521594684	0.0256976744186047	0.00915074750830565	0.00212624584717608	0.000130813953488372	
