# lnPI (bias) matrix in single row (vectorized) notation.
# species_total_upper_bound: 100
# species_total_lower_bound: 0
# volume: 512
0
6.32041414608905
11.9448604684264
17.1644811717813
22.0985206066961
26.807806372668
31.3358242888318
35.7107193708359
39.952276529154
44.0770484640044
48.0947983389727
52.0170470794803
55.8522800303573
59.6080094723698
63.2892784744882
66.9002462242196
70.4465587423929
73.93593320614
77.3657370669368
80.7417481651081
84.0679946350035
87.3437674262739
90.5747891628388
93.7581373346818
96.8983438957119
100.000100793707
103.062878346651
106.089183073269
109.081646031494
112.038910051265
114.962359558904
117.851768038757
120.707546415489
123.53133157597
126.326108504873
129.092435550831
131.830895386726
134.539222551829
137.220802564467
139.878663080059
142.509826829517
145.117098997953
147.699465258805
150.259804169845
152.795665289192
155.307704640979
157.798731308735
160.271471926437
162.723887920916
165.153240928073
167.562221962607
169.951678922028
172.323027621602
174.672009637929
177.004243797473
179.317927128277
181.611606079506
183.889007057751
186.149893402325
188.39120232254
190.61659551204
192.827222127125
195.020450602056
197.201202248945
199.366411166091
201.514140276211
203.648299379156
205.766058116891
207.869566418202
209.95829952288
212.031509144039
214.090610590226
216.13601566684
218.167283572529
220.1855711956
222.189078976513
224.177628930055
226.154154551823
228.116648178889
230.068231820459
232.009746099327
233.937230726968
235.851899597802
237.754552455037
239.645931162459
241.525180981496
243.391628993356
245.24837303722
247.093835510316
248.926964169622
250.747137357343
252.555939786072
254.355788638858
256.144481679078
257.920952305938
259.685157102894
261.439088811153
263.181167049614
264.91259420785
266.63731875212
268.351879457564
