# lnPI (bias) matrix in single row (vectorized) notation.
# species_total_upper_bound: 100
# species_total_lower_bound: 0
# volume: 512
0
6.31849975242404
11.9441743427181
17.1621588820481
22.0943246601399
26.8029191358168
31.3305763856949
35.7054287584541
39.9459110490591
44.0699791406051
48.0861671689897
52.0073773123863
55.8419369943459
59.5969898854318
63.279747525974
66.8913008928578
70.4382655771541
73.9280509905538
77.3580452813676
80.7336257376694
84.0588231796688
87.3340054791128
90.5656099241041
93.7481172353647
96.8883078475573
99.9908749496064
103.053041562981
106.078819384774
109.070451578074
112.026730381025
114.949722065176
117.839259230118
120.695765152641
123.519478684294
126.313825737448
129.080081940384
131.818259656707
134.525902204454
137.2086997678
139.868690258211
142.501465494285
145.111311543769
147.694571479577
150.256532810024
152.794050479264
155.30688385175
157.798086296961
160.271316104628
162.723708042031
165.154243335235
167.563969879611
169.953070889139
172.323204285381
174.671622424836
177.004454998914
179.318159311979
181.612310697003
183.889842866063
186.149508551152
188.390909685614
190.61558827112
192.826160777384
195.019218380666
197.200149390263
199.365260051544
201.515097765589
203.651435993781
205.769018563919
207.871885212483
209.96108556409
212.035019956091
214.093036782888
216.13666694175
218.16869866736
220.187811400974
222.191567134179
224.180506024858
226.15690260796
228.120368894125
230.072687306313
232.014421374719
233.942023303636
235.856809839879
237.75872905952
239.650488213053
241.530406631111
243.396281612333
245.254460480023
247.100857381761
248.933512137989
250.754493010454
252.563375834197
254.363485263911
256.151323358178
257.927785944563
259.69144488356
261.444458574878
263.185172042192
264.915621841543
266.640984804985
268.355416365532
