# lnPI (bias) matrix in single row (vectorized) notation.
# species_total_upper_bound: 100
# species_total_lower_bound: 0
# volume: 512
0
6.31830962547399
11.94727274704
17.1669061254868
22.0973509852418
26.8061555464954
31.3320561877353
35.7070959872252
39.9463500626493
44.0687053848161
48.0845534038776
52.0075011090915
55.8446310894248
59.600599933798
63.2838060104113
66.8952751782537
70.4434521643377
73.9323208876387
77.3622480732922
80.7388563691785
84.0645260559677
87.3403533453175
90.5730772565735
93.754868788334
96.8941757141054
99.9958681781569
103.056894111013
106.081769572322
109.073674651175
112.029292740687
114.951278432041
117.839773294138
120.696193927821
123.519493461716
126.315476822291
129.081004765649
131.81921073944
134.528100732685
137.211855113285
139.873403298337
142.508013897033
145.119241640776
147.702249839913
150.265657480309
152.804494626153
155.317436990383
157.808165293924
160.281911573959
162.73438405368
165.164227465486
167.573959943075
169.962332893377
172.332982968025
174.68246149656
177.014629006702
179.327294274177
181.621032374857
183.898373967563
186.157774609493
188.399660413289
190.622884812518
192.831826145918
195.025697657917
197.206688215591
199.372250269216
201.522471359416
203.658574363023
205.777007766184
207.880638491053
209.970470338298
212.043845727581
214.100975515803
216.145059450724
218.177857808491
220.195801269165
222.199647951791
224.188020872751
226.162833533887
228.126669914422
230.080308320534
232.023606421634
233.951728880228
235.868000152615
237.770261041369
239.663501179148
241.54369590537
243.409666377322
245.267984744085
247.11577337404
248.949412139127
250.76972297426
252.577192547729
254.376492195536
256.16364598834
257.937905428529
259.699934784917
261.450773555463
263.191467088979
264.921526102672
266.646559427084
268.360770341149
