# lnPI (bias) matrix in single row (vectorized) notation.
# species_total_upper_bound: 100
# species_total_lower_bound: 0
# volume: 512
0
6.32112115484582
11.9457539609018
17.165737123883
22.1006036510508
26.810090109085
31.3380191946754
35.7126068625346
39.9539487185381
44.0788975152388
48.0968739628098
52.0196110837407
55.8551635735511
59.6103089424797
63.2918284436657
66.9035291212421
70.4499272893355
73.9399254096774
77.3701071788267
80.7463518448128
84.0722703039066
87.3480799355003
90.5785424261627
93.7614629406655
96.901400578224
100.002757545062
103.065116253121
106.091105615156
109.08295367618
112.04004934051
114.962989108187
117.852246113043
120.707353848422
123.530984281538
126.326399400885
129.092945351481
131.831499941937
134.540445232994
137.222704315205
139.881076677975
142.512581439745
145.119530286981
147.701601995279
150.26203999063
152.797814899913
155.309971269346
157.800773645164
160.273386884959
162.725281246611
165.154560824153
167.563674884372
169.95255894108
172.323063102291
174.672018449816
177.003883057728
179.317512664761
181.61166879614
183.889546608819
186.150448529343
188.391750824704
190.617249270095
192.828353645397
195.022032004965
197.202171639374
199.366895844721
201.514838705571
203.649025985693
205.766433546126
207.870204880918
209.958637255539
212.031690610336
214.09042845562
216.136181186
218.167041147145
220.18494334585
222.188233670231
224.17645819343
226.153142148884
228.115520732707
230.067058220092
232.00836560807
233.935794072078
235.850791907419
237.753622792674
239.645349812354
241.524670533582
243.390991267545
245.247748593413
247.092985326698
248.92593343484
250.746074895712
252.554860455645
254.354528675376
256.143674408518
257.92039264058
259.684995884939
261.439038042041
263.181621288308
264.913500639783
266.638207602218
268.352677614715
