# <P(U)> as a function of N_tot.
# number_of_species: 1
# species_total_upper_bound: 278
# species_total_lower_bound: 245
# volume: 729
# Bin widths for each
10	10	10	10	10	10	10	10	10	10	10	10	10	10	10	10	10	10	10	10	10	10	10	10	10	10	10	10	10	10	10	10	10	10	
# Bin lower bound for each
-1130	-1150	-1150	-1150	-1160	-1170	-1170	-1190	-1190	-1200	-1200	-1200	-1200	-1200	-1220	-1230	-1230	-1230	-1240	-1240	-1240	-1250	-1250	-1260	-1260	-1270	-1280	-1280	-1290	-1290	-1290	-1290	-1300	-1310	
# Bin upper bound for each
-920	-920	-920	-920	-920	-920	-930	-930	-930	-940	-950	-950	-960	-960	-970	-970	-970	-980	-990	-1000	-1010	-1010	-1020	-1020	-1020	-1020	-1030	-1040	-1040	-1050	-1050	-1060	-1070	-1080	
# Normalized histogram for each
5.07705513485091e-05	0.000218825012013729	0.00116260626886431	0.00280891027111868	0.007711220252491	0.0192097662075146	0.0384671544050538	0.0620179995379486	0.0893628610661894	0.116957639649518	0.133222713878819	0.126145928733102	0.111812890446202	0.100160458556471	0.0735444889747222	0.0514018378939588	0.0308031625724218	0.0192436132417469	0.00995378305546624	0.00377906072905725	0.00160340485421571	0.000360903841756456	
1.02774272911548e-05	1.6206712266821e-05	0.000186970119566008	0.000558933930372802	0.00223613100715625	0.00617950080163933	0.013750407144235	0.0281111353552986	0.0509392777972785	0.077153437246029	0.103007096168259	0.127658691383089	0.134508201386978	0.119044626170441	0.10479615908825	0.0854500880696462	0.0598482261160495	0.0402325702738855	0.0232941842410673	0.0138618777017775	0.00598976368241801	0.00234997327868904	0.000770411761171563	4.58531371451521e-05	
4.20464565745387e-05	6.82263257624589e-05	0.000326058370795007	0.00128122693146943	0.00394403695962866	0.0109832484537019	0.0208486958260165	0.0418810474010332	0.0657741446818571	0.0919786070802266	0.116922469110729	0.134361435307362	0.128890635976456	0.108894372557785	0.0921614694998574	0.0706622435909895	0.0484053881344106	0.0295205791621728	0.017625398598425	0.009634985190524	0.00413245268484475	0.00130542347723403	0.000316141753678371	3.96664684665459e-05	
5.52944650641155e-05	0.000166284079721797	0.000688376021595293	0.00255797003600952	0.00729005432881535	0.0146554373491673	0.0305277536142746	0.054335226300612	0.0796977556457452	0.105970640241789	0.127989056504132	0.134631604633356	0.122891948604997	0.100004046913747	0.0800595737758386	0.0578500309929484	0.0364474668523706	0.0218637520339748	0.0123234533877677	0.00644260654902836	0.0026769733412562	0.000630677449354477	0.000232797711610515	1.12191668246032e-05	
3.94254713235449e-05	0.000117081702718406	0.000379918178208706	0.00145117593437371	0.00430773053845238	0.0125444681484007	0.0232415144637718	0.0426002173578005	0.0687631990703554	0.094763301815523	0.11864717269591	0.131798155923358	0.12938324624552	0.109590863166933	0.090289904650095	0.0683036334753314	0.0452512816264958	0.0273676488918854	0.0164157308427055	0.0088842711086562	0.00387126269430485	0.00139701569093935	0.000475495078386996	0.000105931064364272	1.03541641859815e-05	
1.18833953712591e-05	4.00074310832388e-05	0.000288370394342553	0.00065992455628392	0.00284884598366984	0.0073486916975866	0.0180001750820251	0.0350476979684543	0.0563878993761614	0.0830661219846379	0.108616610372382	0.127819385065979	0.13101086894952	0.122236565920561	0.0983327200180945	0.0763116000556143	0.055261749608145	0.0354941175212346	0.0203134760476302	0.0114880744185752	0.00583989659861574	0.0025794890219213	0.000726075457183928	0.000254700774123986	1.2675621729343e-05	2.37667907425181e-06	
2.96343008735007e-05	0.000109054227214482	0.00062034469828528	0.00134816312773846	0.00510144611437023	0.0134041869711018	0.0271418586080334	0.0471035236764235	0.0720639026161556	0.0972147313295014	0.120473706275083	0.130002516939954	0.127936808607065	0.108249359602758	0.0861480980113013	0.0639148649999546	0.0437034815562038	0.026688256242663	0.0150194539307134	0.00794989511433111	0.00357863817348394	0.00161487183559996	0.00043977302496275	0.00013078604785505	1.26439683726936e-05	
9.88054031537104e-06	3.55699451353357e-06	2.45037399821202e-05	0.000382969742623781	0.00097145472380728	0.00253692753137467	0.00894702686637478	0.0197741229439584	0.0379460174703762	0.0614261334758239	0.0845829582021527	0.109365329421166	0.12848575581786	0.129697900503749	0.118364920762019	0.0975094714859463	0.0739479398282999	0.053034392975173	0.034510751213528	0.0191129171860537	0.0104057898385362	0.00534497708900312	0.00256261693619463	0.00071021323786887	0.000304320641713428	3.28033938470318e-05	4.34743773876326e-06	
1.95404719063844e-05	1.07671988055587e-05	0.000135188162780904	0.000848614779934408	0.00195564233120223	0.00525758329824024	0.0150334022434057	0.029031159475773	0.0503789256409275	0.0746928556844429	0.100786165026862	0.120740177124408	0.131045981521892	0.122938679606447	0.108210347995865	0.0838880434643901	0.0606659871367865	0.0424590527417276	0.0253356175746207	0.0138103282161224	0.00717454347077064	0.00373502163010604	0.00129485535265368	0.000373262891926037	0.000153931064405395	2.19331827520641e-05	2.39271084567972e-06	
1.98084522665822e-05	2.93165093545416e-05	9.70614161062525e-05	0.000413600483326235	0.00166272148325691	0.00395020155100181	0.0092810522249844	0.0216613348915982	0.0411845454455416	0.0642023631483554	0.0885794368457021	0.112306000970614	0.126241247140155	0.129603533827884	0.113414878128497	0.0961763744589817	0.0710140937137877	0.0502568165836362	0.0326716649994553	0.0186666930779364	0.010145493081898	0.00482256578882209	0.00253587805916785	0.000714688957778284	0.000260679231828221	7.56682876583438e-05	1.22812404052809e-05	
8.39957330167627e-06	0.000139192928999207	0.000113994209094178	0.00118273991681223	0.00277105923019111	0.00676805618274592	0.0153196217632144	0.0325675455686851	0.0547516186177742	0.0802611227349651	0.103083963334663	0.120143096730686	0.128044295349796	0.121259040040766	0.102493593325459	0.0813626667765278	0.0583106378195988	0.0406839332561906	0.0247151444706609	0.0135245129547419	0.00709643950087336	0.00343902529751489	0.00148592451503464	0.000373581022084078	9.35952453615356e-05	7.19963425857966e-06	
2.79074366142379e-05	0.00015668032270565	0.00039947502124952	0.00217398931224913	0.00463303315562941	0.0109823736630344	0.0224128610225604	0.0450537656700257	0.0701736480441671	0.0927822598006931	0.113891843533369	0.124401784162291	0.125798750703666	0.112375273692218	0.0915272225083842	0.0689704388484275	0.0481989337764503	0.0314293551149547	0.0169170893978851	0.00988441537109714	0.00469642290451032	0.00212854005833452	0.000720410542313255	0.000225651558909409	3.54823122666739e-05	2.39206599550611e-06	
3.88359621009054e-05	0.000273052846936263	0.000833972258311196	0.00301319021413829	0.00749453994398813	0.0164260104857098	0.0346841174927983	0.0574327827568328	0.0830569106993076	0.105052478595179	0.121568972868877	0.127663416323516	0.120265766099408	0.100656407833654	0.079434356213854	0.0580009088415873	0.0374058378058082	0.0226005280890104	0.0126605236448952	0.00689238234605244	0.00288787417148279	0.00105938098679377	0.000436404110206051	0.000132923086778357	2.84263227748895e-05	
0.000143440951547897	0.000814037444918875	0.00147780341678757	0.00518074966178874	0.0126890999743253	0.0252231069310105	0.047922938860002	0.0701699473929306	0.0970010394446545	0.112523198660896	0.124701616704081	0.1258873148778	0.110246224228342	0.088930979187401	0.0665811110365557	0.0472206005314146	0.0303773380975551	0.0168364319123572	0.00888329411140741	0.00434220269853815	0.00192419808673075	0.000610327185997913	0.000237059275667392	7.31267596126532e-05	2.81256767740974e-06	
4.43258660367558e-06	6.89065735662295e-05	0.000378381710986488	0.00128061456604373	0.00248224849805833	0.00923831640689694	0.020033276636521	0.0357073058295364	0.058277633853034	0.0826866793922198	0.104931413781556	0.121141382991198	0.125198811583235	0.118808230587991	0.100736977967224	0.0777362860807513	0.0554629413597	0.0386678707183732	0.0241418814557098	0.012496670523017	0.00594087493618083	0.00296338562576638	0.00124072128661065	0.000249836699479896	5.43999264996549e-05	7.05184232402933e-05	
1.36883445758928e-05	4.79092060156248e-05	0.000297922793710608	0.000853911142513784	0.00181048486934676	0.00556390947173055	0.0141501249061443	0.0276931314705107	0.0486536104015315	0.07102157323365	0.0947466951706313	0.114906405943962	0.127337435810722	0.122936230431203	0.109118651778579	0.0883316927449761	0.0646283111199683	0.0448055751822261	0.0299702278505474	0.0178012895225787	0.00852783867078122	0.0041403216358377	0.00186765383786961	0.000562027324351364	9.98443957300417e-05	0.000106285969648109	7.24677065782561e-06	
3.99775645907517e-06	6.55632059288327e-05	0.000373790228923528	0.00134604459977061	0.00331094189940605	0.00990684028123417	0.0213752042353831	0.037991878957529	0.0613207867744622	0.0847972118047352	0.10374577786946	0.123583045195037	0.126215168047692	0.117075497230954	0.0983967797272171	0.0756707335843125	0.0543630914330877	0.0351454763586675	0.0228503763687818	0.0120396433521508	0.00592227641847395	0.00302510231258218	0.00119972671336846	0.00017070420080251	2.4786090046266e-05	7.75564753060582e-05	1.99887822953758e-06	
6.19787041172653e-05	0.000287101351975461	0.00111361736107473	0.00222043705782693	0.00625265158891405	0.0159469206380688	0.0289256611428313	0.0494542075342912	0.0746287575589028	0.0950633362376687	0.116738288723994	0.126776039752741	0.124315685130589	0.104783196493685	0.0862791544825198	0.0633790229677083	0.0444579242572252	0.0290112317407739	0.0164979313108016	0.0079056836071126	0.00363075247345012	0.00157785784804341	0.000570603940486049	8.39711475137143e-05	7.99725214416327e-06	2.99896955406122e-05	
1.07907372311608e-05	0.000161461401532924	0.000321723832262386	0.00157225038027357	0.00389265854190763	0.0100645605811971	0.0217141605645714	0.0389845356745769	0.0626530186487919	0.084883535972721	0.109208255633364	0.122870927595752	0.126286795414816	0.116109931235028	0.094474103429616	0.0730073305074924	0.0541015592215642	0.0363260177463665	0.0227724521270941	0.0114513701438685	0.00527347325056172	0.00252822976756752	0.000926804431076364	0.00034450427752817	5.11560876143918e-05	8.39279562423616e-06	
7.80794992713908e-05	0.000326260764812597	0.000926994871451665	0.00263438637082504	0.00612007830258355	0.0157704653936521	0.0303462347754936	0.0492251406426899	0.0736584468075444	0.0991876545157438	0.117842679369723	0.124018528743215	0.123924514652255	0.105694146666762	0.085211822510957	0.0627727304958606	0.0436986258804858	0.0277819606080959	0.016547276738444	0.00794339395648741	0.00389959295085533	0.00152653388371413	0.000715064802000747	0.000147793337906561	1.59345916880389e-06	
0.00013835290467125	0.000548613252049003	0.00184417224376822	0.00431053269467073	0.011046639723838	0.0225103374811214	0.039193858410597	0.0617901666272801	0.0870767590712122	0.109973365066531	0.125539666297592	0.123711488609277	0.114455039504553	0.0948805026768888	0.0740567910683203	0.0530887285967857	0.0329923693974571	0.0215330701429233	0.0121238730336194	0.0052502128275535	0.00252314112276181	0.00101165563242272	0.000351080492200455	4.95831219053034e-05	
2.39628192895903e-06	0.000248414559968752	0.000787977374306027	0.00343986270902068	0.00701591410767054	0.0161828906269033	0.0308876746839604	0.0507081212790235	0.0760368212681204	0.101173419322579	0.120172739976652	0.126643899325806	0.119879195440355	0.104960343530977	0.0836078740226664	0.0614682259006925	0.0423946205068216	0.0244284967444513	0.016202859642978	0.0078602041073071	0.00345424040059444	0.00159472562372223	0.000652587445319842	0.000196095737853147	3.99380321493171e-07	
0.000128332137965444	0.000462155612112315	0.00206810638534343	0.00509330665943849	0.0119220955958489	0.0241496296758274	0.0422576541524842	0.0641612715196204	0.0883496806888517	0.112102320293029	0.125859445525206	0.121528535710316	0.112072336148645	0.0931371490755688	0.0715629575080697	0.052112842728765	0.0333895436093394	0.0197611503037194	0.0113120182047733	0.00475228699063935	0.00236594888622896	0.00102625731513176	0.000347416286267822	7.7558986807776e-05	
3.60957403416823e-05	0.000342107405682833	0.00101830094141701	0.00352655383138236	0.00805496498913719	0.018033832938486	0.0321484706034285	0.054041339248222	0.0775621257824253	0.0976887095331658	0.12098048864809	0.128746286650712	0.116643785977928	0.102244393028068	0.0838303516246492	0.0596301630444591	0.0414038194908174	0.0265163319187814	0.01428468870833	0.00754521292275632	0.0034090421433811	0.00144623599635674	0.000630071200853143	0.000195719125408233	4.09085057205732e-05	
0.000136372610680621	0.000745774993334025	0.0019401548134443	0.00521065497525957	0.0129146897726648	0.0253844384603329	0.0443166205645826	0.0648750969365012	0.0908591678014089	0.109519418849137	0.125609758579771	0.125227915269865	0.108616510041706	0.0914022157496117	0.0725278393489938	0.0487302081615954	0.0325792131503905	0.0195191949538063	0.0105804791767165	0.00563035695021993	0.00228536070555525	0.00086382889511725	0.000399754936383195	0.000116018489683514	8.95581323872738e-06	
2.84252185290193e-05	0.000309022732865481	0.0013303002271581	0.00334483607176474	0.00807966532959853	0.0193023476794058	0.0361495686270051	0.0553215663757278	0.0781478290036311	0.0998123123427984	0.116065040148591	0.127996728663422	0.117820094355483	0.0995824741472637	0.0822004530167684	0.0607747415132449	0.0394497364982242	0.0261471403011936	0.0144651876348675	0.00820595451477746	0.00336107905378133	0.00128116520655794	0.000577844085239921	0.000201819051556037	4.38560514447726e-05	8.12149100829123e-07	
6.1723848325576e-06	0.00015389812849177	0.000603659236624133	0.00210190278164695	0.00486671969431058	0.0123986751593195	0.0266445393528625	0.0444893153961087	0.0658741598869877	0.0914726857568928	0.108507644910107	0.123727099937906	0.123624226857363	0.109039704482674	0.0904435434591444	0.0726316868016718	0.0496946932715656	0.0333049540795143	0.0195018556246268	0.0110374585575795	0.00625056837377	0.00209531890449222	0.00105876974494471	0.000347711012234078	0.000109456957697355	1.35792466316267e-05	
2.52281493208665e-05	0.000560809352116311	0.00135735714870629	0.00383964161139221	0.00897543109117122	0.0186225099609832	0.0350166712573627	0.056388635918102	0.0789864404901044	0.101904766631347	0.116015987202297	0.127363277905849	0.116652481002376	0.0986677055701272	0.0815791498030964	0.0590715048466997	0.0396197745678749	0.0259275067061384	0.0145289325515089	0.00843075121157153	0.00408778734241712	0.00147977570934525	0.000661721949399777	0.000157158962982447	7.89930577095984e-05	
7.49354306372676e-06	0.000135716391043051	0.00100246953874745	0.00263522931074391	0.0057729423147055	0.0131007948151343	0.0269259654597622	0.046044907970965	0.0682503576085273	0.0895594962340783	0.10953187003865	0.124490647225641	0.125575129430141	0.107660565812458	0.0889346180041531	0.0697041049628903	0.0478991435712894	0.0319828581039338	0.0194936196643892	0.0113077564831637	0.00583663743074717	0.00273847368184414	0.00103244371100235	0.000258527235698573	7.41028147412979e-05	4.41286424863909e-05	
3.91401166208922e-05	0.00046426840459888	0.00153312669572473	0.00418924163109357	0.00859125559828583	0.0206963776238452	0.0375341226867775	0.0587976156174062	0.0789193830185191	0.0989953481555012	0.117680589999783	0.125957891896663	0.119229539295844	0.0975625700566449	0.0786383236704435	0.0586198195557347	0.0381412108786207	0.0252657780472246	0.014593850504741	0.00820943126912244	0.00397980036874986	0.00169593292549887	0.000497579142148576	0.000126580802688843	4.12220377177481e-05	
0.000110787781160854	0.00115969110850126	0.00294114177971514	0.0065069918463563	0.0137183075334006	0.0305108706824359	0.0479108710194329	0.0685182408079841	0.0872733905441997	0.105857935522354	0.122705260692495	0.125760981470217	0.109898108941037	0.0880387951007368	0.0689424358483985	0.0486497370580494	0.0313997004096199	0.01931793481466	0.0112304267899177	0.00575043346245937	0.0026614342257577	0.000770880758647766	0.000329835865585355	3.41209516122782e-05	1.68498526480386e-06	
0.000320843016095696	0.00221634414590004	0.00428704526713715	0.00976579316548689	0.0213212820869789	0.0389727883142891	0.0620709153021557	0.0795660694588719	0.0958395356557684	0.116778718983926	0.127385386435922	0.117629873954529	0.100225532507309	0.0784454748926418	0.0567549449019587	0.0371651013611197	0.0232913181764637	0.014321421304576	0.00806262650060506	0.00352413283500573	0.00139731631308967	0.000492187750993264	0.000152068452221592	1.32792169545615e-05	
0.000142377646103699	0.000668612350243816	0.00304142886570456	0.00772258083501676	0.0143091698128232	0.0304034696869769	0.0518267614581548	0.0696321896383694	0.0876301954858064	0.105346908111458	0.121517806293698	0.125613002844091	0.108423390440185	0.089172547858796	0.0704124537597219	0.0469391835399324	0.0298499711782637	0.0179404489266716	0.0103342802095937	0.00536188156603293	0.00234295615807121	0.00108795563010547	0.000251865623198641	2.85620809812892e-05	
2.46928448366612e-05	0.000281585072698768	0.00216690543636806	0.00541379792848692	0.0115415223182163	0.0197824343765988	0.0409208091801932	0.0611932015832879	0.0795850389085589	0.0992977268286893	0.111803136511144	0.123221627812981	0.119956973800892	0.100052374823522	0.0778279480549186	0.058610416654934	0.0384320303453403	0.0228556105392527	0.0140736219334844	0.00700930227117855	0.00337988728799352	0.00159897000512485	0.000843455594683847	0.000126929886616521	
