# <P(U)> as a function of N_tot.
# number_of_species: 1
# species_total_upper_bound: 278
# species_total_lower_bound: 245
# volume: 729
# Bin widths for each
10	10	10	10	10	10	10	10	10	10	10	10	10	10	10	10	10	10	10	10	10	10	10	10	10	10	10	10	10	10	10	10	10	10	
# Bin lower bound for each
-1130	-1150	-1150	-1150	-1160	-1170	-1170	-1190	-1190	-1200	-1200	-1200	-1200	-1200	-1220	-1230	-1230	-1230	-1240	-1240	-1240	-1250	-1250	-1260	-1260	-1270	-1280	-1280	-1290	-1290	-1290	-1290	-1300	-1310	
# Bin upper bound for each
-910	-910	-920	-920	-920	-920	-930	-930	-930	-940	-950	-950	-960	-960	-970	-970	-970	-980	-990	-1000	-1010	-1010	-1010	-1020	-1020	-1020	-1030	-1040	-1040	-1050	-1050	-1060	-1070	-1080	
# Normalized histogram for each
4.17437496824724e-05	0.000187037886174179	0.00101447019577171	0.00285669629609974	0.00758830178336418	0.0193865739804413	0.0378272798963719	0.0616118329615767	0.0893691613357094	0.116350832593649	0.131010655011208	0.127147254798347	0.112224349679301	0.100380450593036	0.0729056206179175	0.0524621855021045	0.0319200539238639	0.0196263578448964	0.0102819062202394	0.00371098698727592	0.00162023995860573	0.000466947525517889	9.06065884580797e-06	
8.43609141608231e-06	1.33030672330529e-05	0.000169370758430576	0.000472421119300609	0.00199286436452221	0.00588417376271741	0.0132196797140554	0.0277952988907189	0.0497132377848641	0.0772736239761505	0.103285338462477	0.126018333573437	0.133568310925777	0.120702298121088	0.105713634930091	0.0855160097547174	0.059817079580895	0.0408819479324438	0.0237440282206726	0.0144568649667294	0.00633680251369567	0.00237086615297359	0.00087118867123773	0.000171966478866293	2.92018549018234e-06	
3.46620337261588e-05	5.62440547254652e-05	0.000322422313716911	0.00106373203501127	0.00344069734779852	0.0105284292441617	0.0203999148491171	0.0406376375404213	0.0648023070526448	0.0908557304026257	0.116626952478025	0.133424958822485	0.12877664929968	0.110290667312819	0.0928958853876965	0.0717615278239666	0.049146512819557	0.0306131157865617	0.0181831796922338	0.00998528171567911	0.00426244914736302	0.00141394937577274	0.000410385399304994	6.67080649069472e-05	
4.53777052757501e-05	0.000136461939778524	0.0007036832557254	0.00219128281128695	0.0065383354471233	0.0141917129130152	0.0303346671528877	0.0535687099019743	0.0798815313068352	0.104641646013782	0.126087544115843	0.133268730387706	0.123592099149628	0.100587246694579	0.0814378550682129	0.0585365821578151	0.0377013101332691	0.0231074455278463	0.0130753555984415	0.0066452032312872	0.00266939283643869	0.000721439749094172	0.00030646392258695	2.99229795658932e-05	
3.23074678875191e-05	9.59433894841476e-05	0.000347876371394903	0.00136050336992997	0.00384981008756629	0.011580106040289	0.0226149011832039	0.0419080072590638	0.0686383577102425	0.0945215345590373	0.118201603168351	0.131267852731466	0.127907223395045	0.111528316190251	0.0899720556719676	0.068475515018567	0.0461458332993398	0.0285010607618623	0.0172991805324989	0.00949611119251433	0.00397022883151068	0.00154977944442251	0.000542700192898427	0.000184707341659958	8.48478954621714e-06	
9.74282197590925e-06	3.28008339855611e-05	0.000236425813282064	0.000633932949899162	0.00272831491398712	0.00693331687878955	0.0177316112354223	0.0343109713918271	0.055199906468909	0.0829643510143901	0.107850765948188	0.12726626158178	0.131712885531585	0.122126273468022	0.0989367333616958	0.0761034557789549	0.0553379297802344	0.0361637313709125	0.0210782705841471	0.0123730591486722	0.00625196886194096	0.00277215761287871	0.000887246321272802	0.000308522695903793	4.7415066949425e-05	1.94856439518185e-06	
2.43862390079028e-05	8.97413595490822e-05	0.000513086468726274	0.00147227853637045	0.00460119557601109	0.0128801611442674	0.026512068749685	0.0468547441802241	0.0714103862617684	0.0975299991383529	0.11959434304285	0.129347212896744	0.128504424476631	0.107920162704987	0.0870364379183256	0.0632478243410432	0.0444889538466041	0.0275460452836201	0.0157105906184513	0.00839211771725294	0.00372849336938161	0.00183904757104931	0.000588196084870615	0.000153145580969629	1.49568932581804e-05	
8.16020639446829e-06	2.93767430200859e-06	2.02373118582814e-05	0.000336526911707872	0.000889788905252823	0.00262236392692633	0.00844516080176313	0.0191089185180543	0.037177247516686	0.0601625904803685	0.0849846326993179	0.109070297893231	0.127594619225185	0.130835200388556	0.119492839908501	0.0971240821399847	0.0734229258713795	0.053030896499859	0.0348953274005369	0.0198769571439016	0.0112689186225049	0.00557701145823541	0.00274901033016848	0.000908720584087989	0.000351541691473694	3.94953989492265e-05	3.59049081356605e-06	
1.61332912770257e-05	8.88977274448357e-06	0.000111616035569627	0.000747399412221396	0.0018401829581081	0.00518932252688168	0.0145486069726109	0.0282131754334093	0.0495934081347347	0.0735174328443519	0.101669038370235	0.120333610123542	0.130360286026792	0.124118019305952	0.108281712288761	0.0844386832863712	0.0606552486864538	0.0420203095089619	0.0259897444947613	0.0147191589089681	0.00761195022517465	0.00384466208656795	0.00145034996072037	0.000548861154261263	0.000140590109699796	2.96325758149452e-05	1.97550505432968e-06	
1.64197519106844e-05	2.4301232827813e-05	8.04567843623537e-05	0.000368787627913972	0.00141177026928065	0.0036609478860062	0.00900524873789577	0.0210212231861346	0.0405656538854223	0.062782563405693	0.0901956676156189	0.113180693130271	0.126201884790482	0.12900210928133	0.11430052021058	0.0962302548378336	0.0711868492236577	0.0496661371844001	0.0319137582086445	0.0192984628156656	0.0107197992324094	0.00515777247018419	0.00260351586295812	0.00100882955739245	0.000317229606914423	6.89629580248746e-05	1.01802461846243e-05	
6.96243534052608e-06	0.000115377499928718	9.44901939071397e-05	0.00104867538009924	0.00241596506316255	0.00642964326470582	0.0148240194736001	0.031921108313612	0.0536319709726124	0.0794158583058207	0.104469684561894	0.121179860923696	0.128018630150793	0.121040943761426	0.102931980985258	0.0809267067747148	0.0587798630455814	0.0399789668143808	0.0248718083035993	0.0141102040789262	0.00762519287603616	0.00371462502644068	0.00166369050184571	0.000610041953646095	0.000165109180932476	8.62015804065134e-06	
2.31724853880928e-05	0.000130096953678864	0.000332690683071904	0.00186108161216939	0.00428690979679716	0.0105947913549416	0.022222413487181	0.0439035839227972	0.0686521293527859	0.0932103293670866	0.115130838473211	0.12559586390998	0.125654788229966	0.112697396471956	0.0913883099445714	0.068357176717346	0.0485145774795221	0.0308687298564895	0.0174651022370055	0.0102680593109695	0.00510589163751347	0.00234108309520846	0.00102256867662598	0.00033633207363289	3.40966570710508e-05	1.9862130332651e-06	
3.23579793275878e-05	0.00022750661754036	0.000759912133074692	0.00269571990666224	0.00703902805970548	0.0158390640871464	0.0336226092206898	0.0564373197585494	0.0819337395316099	0.107130264217913	0.122823217016961	0.128555249581765	0.119842279869834	0.101018942761403	0.0797367328114914	0.0571828876327469	0.0371683098626787	0.0224594399400877	0.0132020555656558	0.00713076459903627	0.00317942165949732	0.0012769726274846	0.000551419998231987	0.000131099854389093	2.36847065181313e-05	
0.000119896063211085	0.000680418554805767	0.00133430548778051	0.00505544941041027	0.0120587900438578	0.0241565379121763	0.0471863215048199	0.0694010133736166	0.0962406035238696	0.114672020456888	0.125258809254095	0.124862849986516	0.110874640101908	0.0898824178972246	0.0667119159558823	0.0470728064645808	0.0301540278192451	0.0171155828275253	0.00919371072942145	0.00475218289758223	0.00212588817962512	0.000740870351382784	0.000285466817169251	6.11234832056513e-05	2.35090320021736e-06	
3.70226268832737e-06	5.75533563367255e-05	0.000316038605849037	0.00108408982900931	0.00236843841252361	0.0088736505252501	0.0191666139374708	0.0345411011740885	0.0583523719387336	0.0825661796284005	0.104932558236592	0.122890551690992	0.124557579608745	0.117879370857673	0.101828042687762	0.0784681114017574	0.0554925422966684	0.0383157262695059	0.0239903256510261	0.0126270717525435	0.00649174933931439	0.00332025649275905	0.00140820609890561	0.000352724663397008	5.6543648330818e-05	5.88996336779355e-05	
1.14338905897735e-05	4.00186170642074e-05	0.000248855265777424	0.000713272998262049	0.0016824633711952	0.00559083620749956	0.0136281887103109	0.0269553970653911	0.0482015835265885	0.070508767776337	0.094888176550032	0.11488100682805	0.127447188877111	0.122887420568089	0.109008358846603	0.0893531646318825	0.0652259740329619	0.0448396834022954	0.0294920393218223	0.0178960565183938	0.00877181182775449	0.004620973252767	0.00216369564866479	0.00068233423548972	0.000159401886457431	9.58429064142781e-05	6.05323619458599e-06	
3.34654549494739e-06	5.48833461171371e-05	0.000312902003777581	0.00112678186814878	0.00321569556609494	0.00965578771657169	0.0209400044709848	0.0372701425226795	0.0610881761193191	0.08430918599966	0.103255653319305	0.122709122281434	0.126188525632531	0.117120056650322	0.099698610112725	0.0763065917575923	0.054703301969509	0.0356276579937594	0.0229141316584542	0.0120977619642348	0.00627577676667483	0.00335491185868475	0.00140655307152639	0.000254672112165496	4.31704368848213e-05	6.49229826019793e-05	1.67327274747369e-06	
5.19517606116499e-05	0.000240653962059126	0.00093345582776416	0.00195003447250696	0.00602472836770585	0.0159622622410917	0.0287876436591871	0.0484029526029005	0.0750542057966769	0.0952064613242604	0.116178213978912	0.126035306416512	0.123023780164282	0.105420847805809	0.087585305628856	0.0641607595280367	0.0450478743853353	0.0288077540181335	0.0164258060148073	0.00778840684730908	0.00408977666440872	0.0018883627050712	0.000702857045178257	0.000195740827078732	9.72000682411514e-06	2.51379486830564e-05	
9.06930764905407e-06	0.000135703714452513	0.000284507539953659	0.00136073204764141	0.0037718242811566	0.0101619912706234	0.0220333790829519	0.0394971707119138	0.0625348916419276	0.0857089880869605	0.108998634229448	0.122147786719443	0.1243207256521	0.114379756767887	0.0951403962414102	0.0745974067154528	0.0546449298875339	0.0363393721486265	0.0225963479577599	0.011316816444603	0.00539355084892079	0.00291326315704615	0.00112896085216558	0.000476978402283585	9.00212759239441e-05	1.67950141649149e-05	
6.57275672818901e-05	0.000274647334713612	0.000839367861768219	0.00231790278087972	0.00590609140290127	0.0159848772940095	0.0307688851062003	0.0499884976757257	0.0739314407818093	0.0993888006932246	0.117981318615724	0.122960852526789	0.121719741677247	0.104559481100977	0.0870313473547672	0.0638378997225358	0.0441145993670033	0.0276391127314969	0.0159536902340237	0.00797047356712227	0.00393962990014105	0.00175653570113541	0.000820923901561566	0.000230381830217645	1.77732707445927e-05	
0.000116145656051759	0.000505871397890177	0.0016901542723139	0.0038986001427316	0.0108666681436634	0.0224318886290717	0.0399024107944296	0.0619412168707943	0.0866144481167955	0.11082410378185	0.126419847077124	0.121995570352378	0.11347632004909	0.0950366865859824	0.0755410004236295	0.0527522827992312	0.0332414909879699	0.0213650941350472	0.0118461855551057	0.00521648408972353	0.00251626542706355	0.00119401762594251	0.000510570933106144	9.66761530141812e-05	
2.01825715421705e-06	0.000214271634539377	0.000730609089826571	0.00314141726053883	0.0066377114040275	0.0162335150437525	0.0310582865938614	0.0513252885603166	0.0763338493344124	0.101344428365662	0.12098005221904	0.125090232913603	0.118508696333701	0.104403433459071	0.0845777570570043	0.0626736121622867	0.0424970953915789	0.0245245154332761	0.0156875764835367	0.00779989114866415	0.00356155112480835	0.00165059797595718	0.000742045880367134	0.000251273015700022	3.02738573132557e-05	
0.000108319365984142	0.000422816715196667	0.00185492696203997	0.00472758354342004	0.0115999580220276	0.0238825642602108	0.0421770640322677	0.0650864412161599	0.0887712635808358	0.112068025911612	0.125729763765924	0.120991044586748	0.111040847874055	0.0944274916575529	0.0728719378267086	0.0515056898037057	0.0334797950638089	0.0190955906594287	0.011139685077472	0.00500901142887416	0.00244612798759828	0.00108589320790333	0.000380973720237061	8.87476425352941e-05	8.43608769346902e-06	
3.04443350703518e-05	0.000288544642389001	0.000926860867697377	0.00322642297667795	0.00760262700784618	0.0173468438526968	0.0323443998491314	0.0547466946754549	0.0778722115948941	0.0987255663069161	0.121187734992211	0.128244393591129	0.115550458948351	0.102124845452716	0.0848669667125023	0.0602134824429211	0.0408928308664965	0.0262876685220798	0.0138298466112918	0.00752245692549426	0.00376325808508515	0.00146403424649425	0.000685335809472586	0.000220552294065215	3.55183909154104e-05	
0.000114799782325905	0.000628828658412048	0.00169423917557993	0.00487881940589228	0.0121228570136156	0.0249293724324258	0.0444381390235645	0.0653697375437096	0.0908439805847867	0.110157416203013	0.126121782350579	0.124457014163894	0.107631135620008	0.0924011453934103	0.0740986332314871	0.0486254182481622	0.032332073619901	0.0192233092219522	0.0104327300690444	0.00578282485596911	0.00231004576913113	0.000887556526042074	0.000412936530455868	9.76654864563672e-05	7.53909018259676e-06	
2.38579213070324e-05	0.000259369687352166	0.00116767483425561	0.00308448839755204	0.00779915447526888	0.0183586704457614	0.0353284690440063	0.0560194217112537	0.079116616156039	0.100795968420292	0.117274293839612	0.128565566339336	0.116464487824962	0.0983812059565731	0.083376277591686	0.0609583522492567	0.0388280852723007	0.0258435820146719	0.0143369065682902	0.00827665372885677	0.00363117562293033	0.00130264250336397	0.000553503774323151	0.000216084601552265	3.68093643022785e-05	6.81654894486639e-07	
5.18513166950524e-06	0.000129282616292997	0.000509871280834682	0.00193128870916838	0.00471916117013903	0.0120180981835792	0.0255976123505688	0.044390257898079	0.0666894351559532	0.0919825074397998	0.110834609163787	0.123423071831012	0.123642921413799	0.108634039283249	0.0909610365009072	0.0727570762356082	0.0490157410227223	0.0324765536987791	0.0195596993591523	0.0107971725131331	0.00631445334712348	0.00215044694106614	0.00101110067555352	0.000338416260296375	9.95545280545006e-05	1.14072896729115e-05	
2.11922186342136e-05	0.000481167587022719	0.00118676424351596	0.00350401175647014	0.00848209865498894	0.0181492244863927	0.0344592423260718	0.0566968279417666	0.079917940950141	0.103272460711885	0.117762379642963	0.127144973883196	0.11553580703269	0.099062157472081	0.0809195338406727	0.0592378096973508	0.039133689895307	0.0253955736056128	0.0146181144831444	0.00855019168535461	0.0040855818219402	0.00155293798844156	0.000602762284104273	0.000161199826988117	6.63559632645049e-05	
6.29124259031428e-06	0.000113941393580136	0.000844075047533833	0.00229490549155575	0.00526157588636618	0.0125877278827872	0.0267552566826977	0.0455818001342132	0.0681551280617381	0.0916260065988145	0.111093907281065	0.125067456101107	0.125070601722402	0.107537957163628	0.0880529303209932	0.0698020355664914	0.0478312688737278	0.031613144502852	0.0190061933788167	0.0116901772732357	0.00605147634492786	0.00262799183536517	0.000977589195839392	0.000251300190135332	6.22133989486635e-05	3.70484285874063e-05	
3.29080953914663e-05	0.000396647575303525	0.00135098234165605	0.00375677416644495	0.00795290641497808	0.0198624861715982	0.0367895002170534	0.0587864614695215	0.0798409908837574	0.101043256641134	0.118418030835586	0.126324375796446	0.117722059626668	0.0984218117656944	0.0788975087871616	0.058789262158491	0.0376118525157189	0.0246642674097828	0.0144708098192155	0.00849378947221016	0.0040886558093291	0.00159254176527426	0.000524429009536346	0.000133032726050608	3.46585259973954e-05	
0.000107039729164592	0.0010280792591855	0.00264541044935349	0.00589607544700644	0.0131278360194023	0.0295109600147935	0.0468670431430563	0.0694972333252728	0.0890271831126157	0.106885748424631	0.123534871481202	0.12491323025277	0.110078803999943	0.0888113255856958	0.0691074806901751	0.0485839461743076	0.0308427333892832	0.0192113198958763	0.0109208972845336	0.00591456736035049	0.00245444588270437	0.000706960071691726	0.000294803772350322	3.05827797613121e-05	1.42245487261917e-06	
0.000299913937739605	0.0020171747817293	0.00383766687240473	0.00913650865403841	0.0207639691798585	0.0382038922164364	0.0613805748495359	0.0806627228708284	0.0990277427636707	0.117653195170082	0.12570595684137	0.11806901787603	0.100914520181165	0.0777295066053509	0.0566960495394075	0.0373084969820255	0.022850689222513	0.0143107485098479	0.00808463658254588	0.0033946780489077	0.0013130290148624	0.000491525620184353	0.00013655501754569	1.12286619202026e-05	
0.000120561795982324	0.00062039854285129	0.00289788049431069	0.00692698975517894	0.0138188003844785	0.0294929332098644	0.050733796256428	0.0706440821564511	0.0887257864092043	0.108559117971366	0.122498480151827	0.124442126856661	0.107916366025613	0.0893007452477948	0.0698987244268826	0.0465324558584421	0.0300371103133104	0.0172769817482633	0.0105548371114859	0.00550883124316801	0.00219283217981224	0.00100736892752404	0.000267874385602063	2.49185474978663e-05	
2.0900779599079e-05	0.00023834222349827	0.00200647484151159	0.00511959096074284	0.0106535307100288	0.0193328544488043	0.0399424898548716	0.0608440028146383	0.081569875889704	0.100905297100915	0.114142824194009	0.121673705095867	0.1192803824916	0.0995485798286943	0.0789418778653777	0.0584664474651571	0.0384156329031073	0.0225149064726781	0.01356533932049	0.00723643658575132	0.00323448731304344	0.00143555354614727	0.000742527696283071	0.000167939597480319	
