# <P(U)> as a function of N_tot.
# number_of_species: 1
# species_total_upper_bound: 278
# species_total_lower_bound: 245
# volume: 729
# Bin widths for each
10	10	10	10	10	10	10	10	10	10	10	10	10	10	10	10	10	10	10	10	10	10	10	10	10	10	10	10	10	10	10	10	10	10	
# Bin lower bound for each
-1130	-1150	-1150	-1150	-1160	-1170	-1170	-1190	-1190	-1200	-1200	-1200	-1200	-1200	-1220	-1230	-1230	-1230	-1240	-1240	-1240	-1250	-1250	-1260	-1260	-1270	-1280	-1280	-1290	-1290	-1290	-1290	-1300	-1310	
# Bin upper bound for each
-910	-910	-920	-920	-920	-920	-930	-930	-930	-940	-950	-950	-960	-960	-970	-970	-970	-980	-990	-1000	-1010	-1010	-1010	-1020	-1020	-1020	-1030	-1040	-1040	-1050	-1050	-1060	-1070	-1080	
# Normalized histogram for each
4.08608526424618e-05	0.000183081959901883	0.000993013744450526	0.00279627602424537	0.00752568215451357	0.0190148670153459	0.0370373537878327	0.0605852414401265	0.0878172575969511	0.1144978106185	0.129142783656673	0.127062047679864	0.113332801191997	0.102003258732186	0.07480798566766	0.0540234319568611	0.0332464802651584	0.0198118120172718	0.0102408699750654	0.00377756998925581	0.00159357325305601	0.000457071398163352	8.86902227898396e-06	
8.26000461289488e-06	1.3025391889565e-05	0.00016583547722812	0.000462560258322113	0.00195126724355386	0.00576294167991974	0.013068280375055	0.0272665929196511	0.0487178248993391	0.076103552500907	0.101816311475879	0.124123089317971	0.13225093385706	0.121227004623696	0.106940055875754	0.0872466164161873	0.0616383782688174	0.0421390489176535	0.024712663031841	0.0146020996931726	0.00631731506643903	0.00242335827642931	0.000871748179145522	0.000168377017109011	2.85923236600208e-06	
3.3967271572502e-05	5.5116704815758e-05	0.000315959714815915	0.00104241070212593	0.00337173237250817	0.0104266705889252	0.0200740166074322	0.0399490362748029	0.0637027338206035	0.0896322594227935	0.115088806790634	0.131522557312561	0.127927794553124	0.111324207673335	0.0946039784647498	0.0735378611706339	0.0505958532370329	0.031790802624196	0.018794155450257	0.0100613621965417	0.00425039518997799	0.00142822763583624	0.000404723245245944	6.53709754791548e-05	
4.45219743366306e-05	0.000133888546012331	0.000690413225220214	0.00214995968825585	0.00642471447057727	0.0140734606124094	0.0298855365849645	0.0526778838382975	0.0787274329242581	0.103302594889071	0.124618619283241	0.131843116176866	0.123685916183189	0.101689157253872	0.0834003044915897	0.0600875663353221	0.0389457583624689	0.0239047513657438	0.0133194906557087	0.00665958401635311	0.00267486731322467	0.000730418477522694	0.000300684638273477	2.93586932219811e-05	
3.17337290112635e-05	9.42395588819342e-05	0.000341698536626333	0.00133634258836321	0.00378144243581693	0.0114113207353635	0.0223649064704432	0.0413878345704679	0.0676277819501755	0.0933664005200485	0.116930777838574	0.129889678812992	0.127093264147393	0.112215915010022	0.0912934507673632	0.0699328046301754	0.0475454601695222	0.0296014788558805	0.017792685151083	0.00969705828332066	0.00398114054868579	0.00155014458079263	0.000542678820364335	0.000181427177983588	8.33411064942275e-06	
9.58382863092133e-06	3.22655563907685e-05	0.000232567574777024	0.000623587782918614	0.00268379147761234	0.00682017191471798	0.0175594908175741	0.0339110997666977	0.0545115394088631	0.0819727225069507	0.106647567161075	0.126331792786124	0.130630139927093	0.122320321582175	0.0995028229167232	0.077534451467971	0.056397317422474	0.0373635143005099	0.021837392457463	0.0127289217266353	0.00636462059379485	0.00274991989516569	0.00088235115595349	0.000303487906645842	4.66412993371505e-05	1.91676572618427e-06	
2.40166848713138e-05	8.83814003264348e-05	0.000505311049692442	0.00144996732129745	0.00453146810151949	0.012684972504098	0.0261996414148837	0.0462817528593464	0.070671496902328	0.0964292313155796	0.118479109807165	0.128629841723642	0.128015014590937	0.108253766056355	0.087871926384698	0.0645036920049097	0.0456605212773418	0.0285539169772024	0.0161408133458476	0.00869147814369599	0.00375717018126833	0.00183071183212401	0.000580243106490941	0.000150824780991851	1.47302333877391e-05	
8.03511796517387e-06	2.89264246746259e-06	1.99270925536312e-05	0.00033136826488377	0.000876149262922559	0.00258216550928828	0.0083185969269852	0.0188574576501073	0.0366995977941351	0.0596202538968715	0.0842176784165804	0.107898456678822	0.126479506270927	0.130410928788928	0.119584410842652	0.0976028993276856	0.0743582672685934	0.0543900349109805	0.0357199562118211	0.0205393685425774	0.0117344862763399	0.00574510934509932	0.00271908391941484	0.000894790736601762	0.00034615288193969	3.88899709514415e-05	3.5354519046765e-06	
1.59007120598464e-05	8.76161684930311e-06	0.000110006967107917	0.000736624823996965	0.00181365468780574	0.00511678423999302	0.0143868993708835	0.027912888760241	0.0490225442891619	0.0727694464897231	0.100806944911821	0.11939942037037	0.129679068464897	0.123837341556706	0.108550267180638	0.0849737297521468	0.0617586901447711	0.0431642676602556	0.0267823156823531	0.01525494844762	0.00787020346096846	0.00388918436810733	0.00142944156374741	0.000540948714362529	0.00013856334795009	2.9205389497677e-05	1.9470259665118e-06	
1.61883128151865e-05	2.39587029664759e-05	7.93227327944136e-05	0.000363589505829088	0.00139187113584973	0.00360934622527397	0.00890260074958364	0.0208353298919139	0.0402515922824485	0.0622139525125557	0.0894750712933296	0.11245146743818	0.125279086512934	0.128463327643681	0.114244808731846	0.0964315130762716	0.0720545041066512	0.0506590585913319	0.0328603324172907	0.0197863272214898	0.0112651231218319	0.00534926608665021	0.00260696589575763	0.000994609939365056	0.000312758203589402	6.79909138237831e-05	1.00367539454156e-05	
6.87036536603017e-06	0.000113851768922786	9.32406728246951e-05	0.00103480788822635	0.00238401678201247	0.00634887191872292	0.0146809893064399	0.0317610447666464	0.0533192698044825	0.0788760474853481	0.103614924527401	0.120792473743754	0.127054975355018	0.120614498564748	0.103049591605853	0.081265298831449	0.0599494995429571	0.0407903406588877	0.0255404196680894	0.0145671375375171	0.00793723495929799	0.0037891700794934	0.00164201732248121	0.000601974870166453	0.000162925807251572	8.50616664365639e-06	
2.28794732230085e-05	0.000128451899666319	0.000328483865558908	0.00183754854942506	0.00423270254625658	0.0104794524353728	0.0221777270942971	0.0438249772594379	0.0682203790082794	0.092472293775051	0.114487576609465	0.124976507683744	0.12479347189796	0.112856270168664	0.091673146460333	0.0690244290672594	0.0495435381667201	0.0314514312908174	0.0178525261062961	0.0106481068379882	0.00523841881921653	0.00235233669694275	0.00100963846836962	0.000332079211351095	3.36655105995697e-05	1.9610977048293e-06	
3.19587027666023e-05	0.000224699332853843	0.000750535308271341	0.00266245646450426	0.0069521710008049	0.0156801915677127	0.0334970036245123	0.056309257447778	0.0812867957512717	0.106526922571312	0.122219304572038	0.12789708111613	0.119449440508545	0.101515995660206	0.0799771478801661	0.057894343210769	0.037950794799759	0.0229473369999081	0.0135778360795304	0.00741507798417682	0.00325286878778005	0.00128329017810223	0.000544615831682408	0.000129482166879121	2.33924525405027e-05	
0.000118450193684315	0.00067221314398998	0.00131821462046999	0.00499448393705882	0.0119213318181441	0.0239561369310782	0.0469839163217399	0.0690007216503397	0.0955159799928664	0.113943445838898	0.124820624269018	0.124490821768956	0.111029969226175	0.090412004280133	0.06706238542764	0.0478492331428287	0.0306762776114203	0.0175541859867117	0.00955299153097705	0.0048810106422688	0.00216130129316423	0.000739567175692826	0.000282024270676941	6.03863732508274e-05	2.32255281733952e-06	
3.65844978844183e-06	5.68722648930502e-05	0.00031229857739517	0.00107126061532465	0.00234041010556956	0.00876863897020625	0.0189454485226182	0.0343002948710529	0.0579624829300059	0.0819762147549936	0.104238546890351	0.122366498178425	0.124249934646783	0.117704302802572	0.102318193337763	0.0790870371811578	0.0561575368389264	0.0389059505683568	0.0243662733500558	0.0130174295199648	0.00661713790825805	0.00337575139569859	0.00139519971477395	0.000348550488935185	5.58745058598388e-05	5.82026102706654e-05	
1.12911570978538e-05	3.95190498424884e-05	0.00024574871330623	0.000704368947192587	0.00166146055766361	0.0055210437279947	0.0134580629820743	0.0266703772508424	0.0478120726380062	0.0700108195852426	0.0940367414251964	0.114221677294745	0.127019207586595	0.122620969804125	0.109213717028991	0.090054615991068	0.0658782560874281	0.0454924040401088	0.0303038051863605	0.018354440048273	0.00890872295020666	0.00467387485279984	0.00215495054141098	0.000673816404457217	0.000157412013658315	9.46464639084805e-05	5.97767140474614e-06	
3.30516670269298e-06	5.42047339241649e-05	0.000309033086701794	0.00111284962879673	0.00317593468461769	0.00953639748728007	0.0206860468421446	0.0369385430692968	0.0606636906945676	0.0836759138620675	0.102590391351569	0.122263404599338	0.125787373337749	0.117081564242856	0.099909240122344	0.0770678940733734	0.0553046934028212	0.0366298404992653	0.0234997352561471	0.0122896013506233	0.00628113880179775	0.00338713483691977	0.00139213621517428	0.000251523186074936	4.26366504647395e-05	6.41202340322439e-05	1.65258335134649e-06	
5.1307565019098e-05	0.000237669881830402	0.000921881087601212	0.00192585427923298	0.00595002245947282	0.015764332106255	0.0284541825099462	0.0479738973590507	0.0745346652115179	0.0947468666801059	0.115426463515191	0.125552590750669	0.122655202901559	0.10564293840742	0.0882745001070838	0.0647666978815272	0.0457229848291806	0.0295253520609256	0.0170387458180197	0.00787819385454537	0.00412479721098697	0.00190897243525896	0.000694141702226119	0.000193313664330021	9.59947990679898e-06	2.48262411382732e-05	
8.95573478818692e-06	0.00013400432794176	0.000280944717244234	0.00134369191210908	0.00372459059024263	0.0100347349832229	0.0217733814333687	0.0390679003910007	0.0620725295108046	0.0851501312844381	0.108459918774802	0.121571114504708	0.124102602204836	0.114559105859439	0.0952160454924792	0.0751794132202567	0.0549998208853042	0.0370150469612197	0.0235439633703813	0.0116570497554089	0.00539500097518001	0.00301775092973795	0.00111581821583188	0.000471005311082423	8.88939601197813e-05	1.6584694052198e-05	
6.48929481561629e-05	0.000271159819081109	0.000828709434871815	0.0022884696819153	0.00583109491288949	0.0157862028983972	0.0305414025286398	0.0495527187331042	0.0734829866250999	0.0987581277589849	0.117328105698693	0.122379823060769	0.121756056150941	0.104955073221428	0.0874247067980992	0.0643433446156566	0.0445837729885752	0.0281996279250248	0.016713576101384	0.00809605745542169	0.003944233119308	0.00181435385661108	0.000810499679011667	0.000227456405016755	1.75475829197787e-05	
0.000114646448246406	0.000499341611292874	0.00166833776566664	0.00384827702292995	0.0107264012214817	0.0222142404142647	0.0396789369292114	0.0614713711914019	0.0862466011966969	0.110229909203989	0.125841044356247	0.121700186946607	0.11380084785356	0.0953215634064442	0.0758389568631141	0.0532022476005426	0.033925739585563	0.0218358408654283	0.0122877135455773	0.00523463754160904	0.00252818612751468	0.00118556356018972	0.000503980484921341	9.54282574998989e-05	
1.99230703842231e-06	0.000211516597245835	0.000721215147908874	0.00310102590530432	0.00655236579819789	0.0160251216635498	0.0307867886135668	0.0510067127465148	0.075907894317409	0.10085954766661	0.120365229726284	0.12469285266491	0.118548245707242	0.104963036063414	0.0845385684078545	0.0628778742349541	0.0432154640215913	0.0250476161382183	0.0163316048962938	0.00807316017086025	0.00352671550918055	0.00163236356681401	0.000735161297177831	0.000248042226283577	2.98846055763346e-05	
0.000106954686864332	0.000417489790158903	0.00183155736353032	0.00466802231454607	0.0114538140674401	0.0236149951137368	0.0417716360835126	0.0648265351579381	0.0883432385812544	0.111681017808788	0.125299581410676	0.120599905839892	0.111409799381662	0.0946912158215636	0.0731773305376289	0.0518110493854104	0.0339806035509622	0.0195247280235607	0.0117420252952832	0.00508118060648305	0.00242297346690785	0.00107221240601065	0.000376173960965204	8.76295409511504e-05	8.32980427292304e-06	
3.00744141253508e-05	0.000285038613876936	0.000915598830038459	0.00318721957697329	0.007510249527414	0.017136067008468	0.0320078647934539	0.0544370286879836	0.0776170504551763	0.0982661431936421	0.120852362361938	0.127852015169534	0.115539215866459	0.102609556913657	0.0851059137325456	0.0605033721772238	0.0413025295589721	0.0266395818720788	0.0143020547173891	0.00776721868810727	0.00375763096488411	0.00144624515927243	0.000677008477977342	0.000217872422330319	3.5086816479576e-05	
0.000113387549505512	0.00062109299505258	0.00167339714852314	0.00481880161883574	0.011973725227782	0.0246328528070526	0.0440278777675447	0.0651426703072532	0.0903018444261896	0.109797733535197	0.125786731896662	0.124149889540219	0.107988271327267	0.0928149863816476	0.0743433083914571	0.0488578489061825	0.0329267289655095	0.0195446288317799	0.0108642195941132	0.0059499693515146	0.00228162827228852	0.00087663806931127	0.000407856707922811	9.64640346539429e-05	7.44634653469033e-06	
2.35513481632808e-05	0.000256036799317953	0.00115267026867714	0.00304485286968131	0.0076989357145765	0.0181274726812772	0.0349673595136848	0.0556848075972612	0.0787920446237487	0.100386612202492	0.116971808026905	0.128074586446737	0.11642642609301	0.0990226526960069	0.0837657529080027	0.0612308136418829	0.0391282098384748	0.0263028185244138	0.0146102470570067	0.0086211392190844	0.00362858985629977	0.00128590360971513	0.000546391277388115	0.000213307924793143	3.63363657376333e-05	6.72895661808024e-07	
5.11638758477854e-06	0.000127568597113812	0.000503111445836557	0.00190568382907718	0.00465659488715978	0.0118587631439997	0.0252947380341338	0.044004344154152	0.0664492543035641	0.0913155801505992	0.110238027994144	0.12299215896548	0.123402152157274	0.109112081632987	0.0915376313717785	0.0732001571754266	0.0492987820268808	0.0331477107917576	0.0198624987891216	0.0110606066807743	0.00645244692941705	0.0021338747153583	0.000997695579031816	0.000333929563033213	9.8234641627748e-05	1.12560526865128e-05	
2.08932587386911e-05	0.00047437972709979	0.0011700224893667	0.00345458045308915	0.00836244118205153	0.0178931922912781	0.0340861528386403	0.0562004684200107	0.0793974658189712	0.102427659660461	0.117196453489208	0.126913531364892	0.115295509456426	0.0999112207759825	0.0813395113443545	0.059686560017427	0.0395458011057672	0.0261998039458803	0.0151024009436903	0.00879023921753718	0.00417351406116313	0.0015395934103347	0.000594259080518509	0.000158925771389388	6.54198757227869e-05	
6.20257399929222e-06	0.00011233550687607	0.000832178678238373	0.00226256115996404	0.00518741938807472	0.0124103168102505	0.0263781688692122	0.0450227617236402	0.0676745619690554	0.0907198810759812	0.110371358442961	0.124568705739896	0.124831625959978	0.107695292349711	0.0888780611856358	0.0704057620534104	0.0484610552439145	0.0323360857829768	0.0196769768378657	0.0119068745539746	0.00629354508461517	0.00265883672102993	0.00096381108200113	0.000247758372527284	6.13365651041119e-05	3.65262691069431e-05	
3.24013688544255e-05	0.00039053990331983	0.00133017960009817	0.00369892648060468	0.00783044570495727	0.0195566389715392	0.03629504824357	0.058070836286224	0.0793447478070478	0.100086449609667	0.117963387831976	0.125858980970056	0.117752089543596	0.0992798623424397	0.0793371645079542	0.0596953857693188	0.0379582036129594	0.0253616544276815	0.014962883197891	0.00872699847506749	0.00418804927214116	0.00159766324085385	0.000516353729190738	0.000130984257071082	3.41248459211502e-05	
0.000105380681585444	0.00101214468592531	0.00260440827346882	0.00580469003550384	0.0129243629282666	0.0290535589436865	0.046233060755639	0.0688997101506103	0.0883573252352422	0.105954848754215	0.123150105153115	0.124892562469563	0.11051527652276	0.0895179131404108	0.0694882314986008	0.049293301744803	0.031621906718141	0.0198546306757212	0.0111987105045634	0.00599479538467625	0.00249797728608684	0.000703354781744705	0.000290234501775192	3.01087661672696e-05	1.40040772871021e-06	
0.000295427615417468	0.00198700047132836	0.00378026036877787	0.00899983837112345	0.020453367214742	0.0376324116919404	0.0605744354496012	0.0799656190760608	0.0982086311247265	0.11675527711146	0.125556736552424	0.118344449332558	0.101470822776613	0.0782551359983901	0.0575537951209487	0.0379285529006318	0.0237647968025313	0.0148677158628574	0.0082337959915325	0.00342167974861536	0.00132050435345417	0.000484173036378628	0.000134512332140562	1.10606957463062e-05	
0.000118856792737958	0.000611624772356728	0.00285689822787773	0.0068290272131478	0.0136233728089617	0.029075839665438	0.0500495477480973	0.069801451353432	0.0878261381621705	0.107595021309325	0.121889266653589	0.124622250352867	0.10832550287442	0.0898261114284238	0.0705662532690134	0.047483469332238	0.0306321772432955	0.0183487431707018	0.0108809961716552	0.00555122637450294	0.00220408903493703	0.000993483829876551	0.000264086065323549	2.45661456114929e-05	
2.05864167210822e-05	0.000234757383661464	0.00197629600522389	0.00504258860104825	0.0104932938844618	0.0190420743017954	0.039341725849605	0.0600863329307545	0.0805503146471271	0.099909853164674	0.113244794887056	0.121393765421754	0.119675702538558	0.10061809813292	0.0793833898677269	0.0594662122726826	0.0390574888327718	0.0232164217485019	0.0141872916076763	0.00741472167164593	0.00333355484799279	0.00141396178005328	0.000731359541406868	0.000165413664179924	
