# <N_i^j*N_k^m*U^p> as a function of N_tot.
# number_of_species: 1
# max_order: 2
# species_total_upper_bound: 278
# species_total_lower_bound: 245
# volume: 729
#	N_tot	N_1^0*N_1^0*U^0	N_1^0*N_1^0*U^1	N_1^0*N_1^0*U^2	N_1^0*N_1^1*U^0	N_1^0*N_1^1*U^1	N_1^0*N_1^1*U^2	N_1^0*N_1^2*U^0	N_1^0*N_1^2*U^1	N_1^0*N_1^2*U^2	N_1^1*N_1^0*U^0	N_1^1*N_1^0*U^1	N_1^1*N_1^0*U^2	N_1^1*N_1^1*U^0	N_1^1*N_1^1*U^1	N_1^1*N_1^1*U^2	N_1^1*N_1^2*U^0	N_1^1*N_1^2*U^1	N_1^1*N_1^2*U^2	N_1^2*N_1^0*U^0	N_1^2*N_1^0*U^1	N_1^2*N_1^0*U^2	N_1^2*N_1^1*U^0	N_1^2*N_1^1*U^1	N_1^2*N_1^1*U^2	N_1^2*N_1^2*U^0	N_1^2*N_1^2*U^1	N_1^2*N_1^2*U^2	
245	1	-1022.26732475216	1045945.1288322	245	-250455.494564279	256256556.563889	60025	-61361596.1682485	62782856357.951	245	-250455.494564279	256256556.563889	60025	-61361596.1682485	62782856357.951	14706125	-15033591061.2198	15381799807663	60025	-61361596.1682485	62782856357.951	14706125	-15033591061.2198	15381799807663	3603000625	-3683229809998.45	3.76854095290204e+15	
246	1	-1028.00982973987	1057725.68494475	246	-252890.418116007	260200518.496409	60516	-62211042.8565378	64009327548.5525	246	-252890.418116007	260200518.496409	60516	-62211042.8565378	64009327548.5525	14886936	-15303916542.7083	15746294577377.6	60516	-62211042.8565378	64009327548.5525	14886936	-15303916542.7083	15746294577377.6	3662186256	-3764763469504.53	3.87358846600925e+15	
247	1	-1033.80941050255	1069695.60769923	247	-255350.924394129	264214815.10171	61009	-63071678.3253499	65261059329.8855	247	-255350.924394129	264214815.10171	61009	-63071678.3253499	65261059329.8855	15069223	-15578704546.3634	16119481654588.8	61009	-63071678.3253499	65261059329.8855	15069223	-15578704546.3634	16119481654588.8	3722098081	-3847940022951.63	3.98151196867231e+15	
248	1	-1039.12807862138	1080716.96529268	248	-257703.763498102	268017807.392585	61504	-63910533.3475294	66468416233.3611	248	-257703.763498102	268017807.392585	61504	-63910533.3475294	66468416233.3611	15252992	-15849812270.1873	16484167226336.4	61504	-63910533.3475294	66468416233.3611	15252992	-15849812270.1873	16484167226336.4	3782742016	-3930753443006.45	4.08807347203685e+15	
249	1	-1044.81191782508	1092571.69781691	249	-260158.167538446	272050352.75641	62001	-64779383.717073	67740537836.0177	249	-260158.167538446	272050352.75641	62001	-64779383.717073	67740537836.0177	15438249	-16130066545.5487	16867393921245.7	62001	-64779383.717073	67740537836.0177	15438249	-16130066545.5487	16867393921245.7	3844124001	-4016386569844.44	4.19998108637798e+15	
250	1	-1050.43395065387	1104348.20350224	250	-262608.487663467	276087050.875559	62500	-65652121.9158668	69021762717.0004	250	-262608.487663467	276087050.875559	62500	-65652121.9158668	69021762717.0004	15625000	-16413030478.9667	17255440679687.3	62500	-65652121.9158668	69021762717.0004	15625000	-16413030478.9667	17255440679687.3	3906250000	-4103257619737.23	4.31386016992318e+15	
251	1	-1056.1555767322	1116413.65052954	251	-265095.049759781	280219826.282916	63001	-66538857.4897051	70335176396.6832	251	-265095.049759781	280219826.282916	63001	-66538857.4897051	70335176396.6832	15813251	-16701253229.9132	17654129275647.5	63001	-66538857.4897051	70335176396.6832	15813251	-16701253229.9132	17654129275647.5	3969126000.98836	-4192014560709.29	4.43118644818278e+15	
252	1	-1061.56677843835	1127872.11529702	252	-267514.828166464	284223773.05485	63504	-67413736.6979488	71624390808.8174	252	-267514.828166464	284223773.05485	63504	-67413736.6979488	71624390808.8174	16003008	-16988261647.8831	18049346484037.8	63504	-67413736.6979488	71624390808.8174	16003008	-16988261647.8831	18049346484037.8	4032758016	-4281041935266.36	4.54843531398267e+15	
253	1	-1067.31482813558	1140115.07216594	253	-270030.651518302	288449113.257982	64009	-68317754.8341305	72977625653.9226	253	-270030.651518302	288449113.257982	64009	-68317754.8341305	72977625653.9226	16194277	-17284391973.0358	18463339290510.4	64009	-68317754.8341305	72977625653.9226	16194277	-17284391973.0358	18463339290510.4	4097152080.96248	-4372951169177.43	4.67122484052217e+15	
254	1	-1072.78908900662	1151841.86294601	254	-272488.428607681	292567833.188286	64516	-69212060.866351	74312229627.6518	254	-272488.428607681	292567833.188286	64516	-69212060.866351	74312229627.6518	16387064	-17579863460.0532	18875306325910.5	64516	-69212060.866351	74312229627.6518	16387064	-17579863460.0532	18875306325910.5	4162314256	-4465285318839.13	4.79432780681971e+15	
255	1	-1078.57687963877	1164308.14731476	255	-275037.104307886	296898577.565265	65025	-70134461.598511	75709137278.7501	255	-275037.104307886	296898577.565265	65025	-70134461.598511	75709137278.7501	16581375	-17884287707.6242	19305830006254.8	65025	-70134461.598511	75709137278.7501	16581375	-17884287707.6242	19305830006254.8	4228250624.93505	-4560493365447.97	4.92298665156388e+15	
256	1	-1084.02723735068	1176095.87915641	256	-277510.972761773	301080545.06404	65536	-71042809.0270139	77076619536.3943	256	-277510.972761773	301080545.06404	65536	-71042809.0270139	77076619536.3943	16777216	-18186959110.9156	19731614601316.9	65536	-71042809.0270139	77076619536.3943	16777216	-18186959110.9156	19731614601316.9	4294967296	-4655861532394.38	5.05129333793713e+15	
257	1	-1089.5784199392	1188154.63656332	257	-280021.653924373	305355741.596772	66049	-71965565.0585639	78476425589.9361	257	-280021.653924373	305355741.596772	66049	-71965565.0585639	78476425589.9361	16974593	-18495150220.0504	20168441376704.1	66049	-71965565.0585639	78476425589.9361	16974593	-18495150220.0504	20168441376704.1	4362470400.90828	-4753253606567.48	5.18328943381778e+15	
258	1	-1094.95272377164	1199904.37337734	258	-282497.802733083	309575328.331354	66564	-72884433.1051353	79870434707.1053	258	-282497.802733083	309575328.331354	66564	-72884433.1051353	79870434707.1053	17173512	-18804183741.1249	20606572155113.8	66564	-72884433.1051353	79870434707.1053	17173512	-18804183741.1249	20606572155113.8	4430766096	-4851479405228.85	5.31649561599547e+15	
259	1	-1100.07250762495	1211153.75954594	259	-284918.779474863	313688823.722397	67081	-73793963.8839894	81245405343.6335	259	-284918.779474863	313688823.722397	67081	-73793963.8839894	81245405343.6335	17373979	-19112636645.9594	21042559984221.4	67081	-73793963.8839894	81245405343.6335	17373979	-19112636645.9594	21042559984221.4	4499860560.8844	-4950172891301.49	5.45002303588497e+15	
260	1	-1105.5575883805	1223252.00493476	260	-287444.97297893	318045521.283038	67600	-74735692.9745217	82691835531.7241	260	-287444.97297893	318045521.283038	67600	-74735692.9745217	82691835531.7241	17576000	-19431280173.3756	21499877238759.8	67600	-74735692.9745217	82691835531.7241	17576000	-19431280173.3756	21499877238759.8	4569760000	-5052132845076.76	5.58996808208549e+15	
261	1	-1110.95034819722	1235209.39855889	261	-289958.040879474	322389653.023871	68121	-75679048.6695426	84143699438.7162	261	-289958.040879474	322389653.023871	68121	-75679048.6695426	84143699438.7162	17779581	-19752231702.7517	21961505553508.6	68121	-75679048.6695426	84143699438.7162	17779581	-19752231702.7517	21961505553508.6	4640470640.84949	-5155332474417.41	5.73195294949402e+15	
262	1	-1116.48345721504	1247533.94401179	262	-292518.66579034	326853893.331089	68644	-76639890.437069	85635720050.0835	262	-292518.66579034	326853893.331089	68644	-76639890.437069	85635720050.0835	17984728	-20079651294.5121	22436558653872.4	68644	-76639890.437069	85635720050.0835	17984728	-20079651294.5121	22436558653872.4	4711998736	-5260868639161.59	5.87837836728644e+15	
263	1	-1121.58211561718	1258945.43815952	263	-294976.096407319	331102650.235954	69169	-77578713.3551249	87079997011.5119	263	-294976.096407319	331102650.235954	69169	-77578713.3551249	87079997011.5119	18191447	-20403201612.3981	22902039214096.8	69169	-77578713.3551249	87079997011.5119	18191447	-20403201612.3981	22902039214096.8	4784350560.82194	-5366042024061.22	6.02323631332448e+15	
264	1	-1126.66756586079	1270382.85976437	264	-297440.23738725	335381074.977794	69696	-78524222.6702339	88540603794.1376	264	-297440.23738725	335381074.977794	69696	-78524222.6702339	88540603794.1376	18399744	-20730394784.9418	23374719401412.2	69696	-78524222.6702339	88540603794.1376	18399744	-20730394784.9418	23374719401412.2	4857532416	-5472824223224.62	6.17092592204818e+15	
265	1	-1132.01083251808	1282451.60074901	265	-299982.870617291	339849674.198488	70225	-79495460.7135822	90060163662.052	265	-299982.870617291	339849674.198488	70225	-79495460.7135822	90060163662.052	18609625	-21066297089.0969	23865943370593.4	70225	-79495460.7135822	90060163662.052	18609625	-21066297089.0969	23865943370593.4	4931550624.79769	-5582568728606.93	6.32447499321287e+15	
266	1	-1137.62487606042	1295184.77789896	266	-302608.217032072	344519150.921124	70756	-80493785.7305311	91642094142.1542	266	-302608.217032072	344519150.921124	70756	-80493785.7305311	91642094142.1542	18821096	-21411347004.3213	24376797042477.7	70756	-80493785.7305311	91642094142.1542	18821096	-21411347004.3213	24376797042477.7	5006411536	-5695418303152.7	6.4842280133223e+15	
267	1	-1143.07460819782	1307628.98301168	267	-305200.920388818	349136938.464119	71289	-81488645.7438145	93219562569.332	267	-305200.920388818	349136938.464119	71289	-81488645.7438145	93219562569.332	19034163	-21757468413.5934	24889623206104.1	71289	-81488645.7438145	93219562569.332	19034163	-21757468413.5934	24889623206104.1	5082121520.77373	-5809244066431.93	6.64552939605525e+15	
268	1	-1148.33386907097	1319679.95787484	268	-307753.47691102	353674228.710457	71824	-82477931.8121533	94784693291.7267	268	-307753.47691102	353674228.710457	71824	-82477931.8121533	94784693291.7267	19248832	-22104085725.6571	25402297802965.6	71824	-82477931.8121533	94784693291.7267	19248832	-22104085725.6571	25402297802965.6	5158686976	-5923894974474.85	6.80781581114975e+15	
269	1	-1153.65277788853	1331932.70306634	269	-310332.597252016	358289897.124846	72361	-83479468.6607922	96379982325.9732	269	-310332.597252016	358289897.124846	72361	-83479468.6607922	96379982325.9732	19465109	-22455977069.7576	25926215245761.2	72361	-83479468.6607922	96379982325.9732	19465109	-22455977069.7576	25926215245761.2	5236114320.76209	-6040657831764.17	6.97415190112235e+15	
270	1	-1158.80584156734	1343855.84211179	270	-312877.577223182	362841077.370183	72900	-84476945.8502591	97967090886.9229	270	-312877.577223182	362841077.370183	72900	-84476945.8502591	97967090886.9229	19683000	-22808775379.57	26451114540164.5	72900	-84476945.8502591	97967090886.9229	19683000	-22808775379.57	26451114540164.5	5314410000	-6158369352484.63	7.14180092587618e+15	
271	1	-1163.52323462832	1354816.71416531	271	-315314.796584275	367155329.5388	73441	-85450309.8743386	99499094304.4183	271	-315314.796584275	367155329.5388	73441	-85450309.8743386	99499094304.4183	19902511	-23157033975.9475	26964254556842.9	73441	-85450309.8743386	99499094304.4183	19902511	-23157033975.9475	26964254556842.9	5393580480.74667	-6275556207480.27	7.3073129848562e+15	
272	1	-1168.90342728833	1367378.6681917	272	-317941.732222426	371926997.748142	73984	-86480151.1645	101164143387.495	272	-317941.732222426	371926997.748142	73984	-86480151.1645	101164143387.495	20123648	-23522601116.744	27516647000590.9	73984	-86480151.1645	101164143387.495	20123648	-23522601116.744	27516647000590.9	5473632256	-6398147503754.37	7.48452798433453e+15	
273	1	-1174.0848595483	1379521.65543843	273	-320525.166656685	376609411.93469	74529	-87503370.4972751	102814369457.549	273	-320525.166656685	376609411.93469	74529	-87503370.4972751	102814369457.549	20346417	-23888420145.7528	28068322862098.7	74529	-87503370.4972751	102814369457.549	20346417	-23888420145.7528	28068322862098.7	5554571840.73018	-6521538699790.4	7.66265214131587e+15	
274	1	-1179.38389371149	1391997.46937747	274	-323151.186876949	381407306.609426	75076	-88543425.2042841	104505602007.854	274	-323151.186876949	381407306.609426	75076	-88543425.2042841	104505602007.854	20570824	-24260898505.9738	28634534951096.8	75076	-88543425.2042841	104505602007.854	20570824	-24260898505.9738	28634534951096.8	5636405776	-6647486190639.11	7.84586257655946e+15	
275	1	-1184.39034769373	1403845.35370853	275	-325707.345615776	386057472.269845	75625	-89569520.0443383	106165804873.564	275	-325707.345615776	386057472.269845	75625	-89569520.0443383	106165804873.564	20796875	-24631618012.1873	29195596340437.3	75625	-89569520.0443383	106165804873.564	20796875	-24631618012.1873	29195596340437.3	5719140624.7158	-6773694953334.7	8.02878899361666e+15	
276	1	-1190.0090288022	1417172.42980267	276	-328442.491949407	391139590.625536	76176	-90650127.7780362	107954527009.59	276	-328442.491949407	391139590.625536	76176	-90650127.7780362	107954527009.59	21024576	-25019435266.738	29795449455459.4	76176	-90650127.7780362	107954527009.59	21024576	-25019435266.738	29795449455459.4	5802782976	-6905364133620.43	8.2235440497083e+15	
277	1	-1194.87925920918	1428796.89853245	277	-330981.554800943	395776740.893489	76729	-91681890.6798611	109630157226.82	277	-330981.554800943	395776740.893489	76729	-91681890.6798611	109630157226.82	21253933	-25395883718.3238	30367553552069.7	76729	-91681890.6798611	109630157226.82	21253933	-25395883718.3238	30367553552069.7	5887339440.71334	-7034659789959.44	8.4118123339207e+15	
278	1	-1200.10327702116	1441316.78266561	278	-333628.711011882	400686065.581039	77284	-92748781.6613032	111390726228.297	278	-333628.711011882	400686065.581039	77284	-92748781.6613032	111390726228.297	21484952	-25784161301.8423	30966621892456.7	77284	-92748781.6613032	111390726228.297	21484952	-25784161301.8423	30966621892456.7	5972816656	-7167996841915.87	8.60872088609704e+15	
