# <N_i^j*N_k^m*U^p> as a function of N_tot.
# number_of_species: 1
# max_order: 2
# species_total_upper_bound: 278
# species_total_lower_bound: 245
# volume: 729
#	N_tot	N_1^0*N_1^0*U^0	N_1^0*N_1^0*U^1	N_1^0*N_1^0*U^2	N_1^0*N_1^1*U^0	N_1^0*N_1^1*U^1	N_1^0*N_1^1*U^2	N_1^0*N_1^2*U^0	N_1^0*N_1^2*U^1	N_1^0*N_1^2*U^2	N_1^1*N_1^0*U^0	N_1^1*N_1^0*U^1	N_1^1*N_1^0*U^2	N_1^1*N_1^1*U^0	N_1^1*N_1^1*U^1	N_1^1*N_1^1*U^2	N_1^1*N_1^2*U^0	N_1^1*N_1^2*U^1	N_1^1*N_1^2*U^2	N_1^2*N_1^0*U^0	N_1^2*N_1^0*U^1	N_1^2*N_1^0*U^2	N_1^2*N_1^1*U^0	N_1^2*N_1^1*U^1	N_1^2*N_1^1*U^2	N_1^2*N_1^2*U^0	N_1^2*N_1^2*U^1	N_1^2*N_1^2*U^2	
245	1	-1021.67781680334	1044751.90024344	245	-250311.065116818	255964215.559642	60025	-61326210.9536205	62711232811.8094	245	-250311.065116818	255964215.559642	60025	-61326210.9536205	62711232811.8094	14706125	-15024921683.6355	15364252038914.5	60025	-61326210.9536205	62711232811.8094	14706125	-15024921683.6355	15364252038914.5	3603000625	-3681105812489.91	3.76424174955008e+15	
246	1	-1027.37346022602	1056421.29744775	246	-252733.8712156	259879639.172146	60516	-62172532.3190376	63930391234.9168	246	-252733.8712156	259879639.172146	60516	-62172532.3190376	63930391234.9168	14886936	-15294442950.4833	15726876244182.1	60516	-62172532.3190376	63930391234.9168	14886936	-15294442950.4833	15726876244182.1	3662186256	-3762432965817.79	3.8688115560474e+15	
247	1	-1033.14099186405	1068317.55739007	247	-255185.824990421	263874436.675347	61009	-63030898.7726339	65176985858.5257	247	-255185.824990421	263874436.675347	61009	-63030898.7726339	65176985858.5257	15069223	-15568631996.8415	16098715507166.6	61009	-63030898.7726339	65176985858.5257	15069223	-15568631996.8415	16098715507166.6	3722098081	-3845452103219.99	3.97638273026232e+15	
248	1	-1038.38144550804	1079171.07063857	248	-257518.598485994	267634425.518365	61504	-63864612.4245265	66373337528.5546	248	-257518.598485994	267634425.518365	61504	-63864612.4245265	66373337528.5546	15252992	-15838423881.2826	16460587707509.9	61504	-63864612.4245265	66373337528.5546	15252992	-15838423881.2826	16460587707509.9	3782742016	-3927929122558.08	4.08222575137283e+15	
249	1	-1043.94020924858	1090752.20947053	249	-259941.112102897	271597300.158162	62001	-64725336.9136215	67627727739.097	249	-259941.112102897	271597300.158162	62001	-64725336.9136215	67627727739.097	15438249	-16116608891.4902	16839304207106.2	62001	-64725336.9136215	67627727739.097	15438249	-16116608891.4902	16839304207106.2	3844124001	-4013035613984.01	4.19298674755989e+15	
250	1	-1049.60670574526	1102614.33215206	250	-262401.676436315	275653583.038016	62500	-65600419.1090787	68913395758.0264	250	-262401.676436315	275653583.038016	62500	-65600419.1090787	68913395758.0264	15625000	-16400104777.2697	17228348939842.5	62500	-65600419.1090787	68913395758.0264	15625000	-16400104777.2697	17228348939842.5	3906250000	-4100026194314.37	4.30708723496589e+15	
251	1	-1055.39151964025	1114808.56530555	251	-264903.271429702	279816949.891692	63001	-66490721.1288553	70234054422.5733	251	-264903.271429702	279816949.891692	63001	-66490721.1288553	70234054422.5733	15813251	-16689171003.3398	17628747660135.7	63001	-66490721.1288553	70234054422.5733	15813251	-16689171003.3398	17628747660135.7	3969126001	-4188981921839.68	4.4248156626836e+15	
252	1	-1060.86052939627	1126380.82678267	252	-267336.853407859	283847968.349233	63504	-67368887.0587805	71529688024.0068	252	-267336.853407859	283847968.349233	63504	-67368887.0587805	71529688024.0068	16003008	-16976959538.8127	18025481381994.5	63504	-67368887.0587805	71529688024.0068	16003008	-16976959538.8127	18025481381994.5	4032758016	-4278193803780.79	4.54242130826772e+15	
253	1	-1066.5969801304	1138592.01569385	253	-269849.035972992	288063779.970544	64009	-68271806.1011671	72880136332.3564	253	-269849.035972992	288063779.970544	64009	-68271806.1011671	72880136332.3564	16194277	-17272766943.5969	18438674492106.5	64009	-68271806.1011671	72880136332.3564	16194277	-17272766943.5969	18438674492106.5	4097152081	-4370010036729.47	4.66498464651936e+15	
254	1	-1072.07960137312	1150331.35436357	254	-272308.218748771	292184164.008348	64516	-69166287.5621879	74214777656.5294	254	-272308.218748771	292184164.008348	64516	-69166287.5621879	74214777656.5294	16387064	-17568237040.7957	18850553525138.8	64516	-69166287.5621879	74214777656.5294	16387064	-17568237040.7957	18850553525138.8	4162314256	-4462332208363.16	4.78804059542182e+15	
255	1	-1077.8698403888	1162796.96575277	255	-274856.809299145	296513226.266956	65025	-70088486.371282	75610872697.8426	255	-274856.809299145	296513226.266956	65025	-70088486.371282	75610872697.8426	16581375	-17872564024.6766	19280772538059.4	65025	-70088486.371282	75610872697.8426	16581375	-17872564024.6766	19280772538059.4	4228250625	-4557503826245.47	4.91659699717838e+15	
256	1	-1083.2452167419	1174416.43455913	256	-277310.775485927	300650607.247138	65536	-70991558.5243972	76966555455.2673	256	-277310.775485927	300650607.247138	65536	-70991558.5243972	76966555455.2673	16777216	-18173838982.2457	19703438196548.4	65536	-70991558.5243972	76966555455.2673	16777216	-18173838982.2457	19703438196548.4	4294967296	-4652502779454.9	5.0440801783164e+15	
257	1	-1088.90821796502	1186710.3245435	257	-279849.41201701	304984553.407678	66049	-71921298.8883716	78381030225.4889	257	-279849.41201701	304984553.407678	66049	-71921298.8883716	78381030225.4889	16974593	-18483773814.3153	20143924768019.3	66049	-71921298.8883716	78381030225.4889	16974593	-18483773814.3153	20143924768019.3	4362470401	-4750329870226.96	5.17698866537993e+15	
258	1	-1094.42089246824	1198756.12845803	258	-282360.590256807	309279081.142171	66564	-72849032.2862561	79794002932.8161	258	-282360.590256807	309279081.142171	66564	-72849032.2862561	79794002932.8161	17173512	-18795050329.8541	20586852757207.2	66564	-72849032.2862561	79794002932.8161	17173512	-18795050329.8541	20586852757207.2	4430766096	-4849122985107.12	5.31140801133742e+15	
259	1	-1099.54883670258	1210013.01632797	259	-284783.148705969	313393371.228944	67081	-73758835.5148461	81168883147.9611	259	-284783.148705969	313393371.228944	67081	-73758835.5148461	81168883147.9611	17373979	-19103538398.3533	21022740735441.5	67081	-73758835.5148461	81168883147.9611	17373979	-19103538398.3533	21022740735441.5	4499860561	-4947816445171.17	5.4448898504729e+15	
260	1	-1104.88337469737	1221769.86047353	260	-287269.677421317	317660163.723118	67600	-74690116.1295423	82591642567.0719	260	-287269.677421317	317660163.723118	67600	-74690116.1295423	82591642567.0719	17576000	-19419430193.681	21473827067731.6	67600	-74690116.1295423	82591642567.0719	17576000	-19419430193.681	21473827067731.6	4569760000	-5049051850355.98	5.58319503760626e+15	
261	1	-1110.24114089373	1233641.02152151	261	-289772.937773262	321980306.617114	68121	-75630736.7588215	84036860026.6831	261	-289772.937773262	321980306.617114	68121	-75630736.7588215	84036860026.6831	17779581	-19739622294.0531	21933620466943	68121	-75630736.7588215	84036860026.6831	17779581	-19739622294.0531	21933620466943	4640470640.97333	-5152041418747.92	5.72467494189433e+15	
262	1	-1115.68246061777	1245749.97765424	262	-292308.804681855	326386494.14541	68644	-76584906.8266461	85513261463.9096	262	-292308.804681855	326386494.14541	68644	-76584906.8266461	85513261463.9096	17984728	-20065245588.5813	22404474504160.8	68644	-76584906.8266461	85513261463.9096	17984728	-20065245588.5813	22404474504160.8	4711998736	-5257094344209.33	5.86997232007306e+15	
263	1	-1120.76394508317	1257115.38623166	263	-294760.917556874	330621346.578927	69169	-77522121.3174578	86953414149.8472	263	-294760.917556874	330621346.578927	69169	-77522121.3174578	86953414149.8472	18191447	-20388317906.4931	22868747921456.8	69169	-77522121.3174578	86953414149.8472	18191447	-20388317906.4931	22868747921456.8	4784350560.93969	-5362127609411.08	6.01448070335035e+15	
264	1	-1125.85333192311	1268562.39321465	264	-297225.279627701	334900471.808667	69696	-78467473.8217131	88413724557.488	264	-297225.279627701	334900471.808667	69696	-78467473.8217131	88413724557.488	18399744	-20715413088.9323	23341223282866.8	69696	-78467473.8217131	88413724557.488	18399744	-20715413088.9323	23341223282866.8	4857532416	-5468869055478.12	6.16208294677323e+15	
265	1	-1131.11100447296	1280431.22350561	265	-299744.416185336	339314274.228985	70225	-79432270.2891139	89918282670.2588	265	-299744.416185336	339314274.228985	70225	-79432270.2891139	89918282670.2588	18609625	-21049551626.6179	23828344907742.1	70225	-79432270.2891139	89918282670.2588	18609625	-21049551626.6179	23828344907742.1	4931550624.91393	-5578131181050.54	6.31451140055395e+15	
266	1	-1136.68760781008	1293065.18056731	266	-302358.903677481	343955338.030903	70756	-80427468.37821	91492119913.7979	266	-302358.903677481	343955338.030903	70756	-80427468.37821	91492119913.7979	18821096	-21393706588.6039	24336903897623.2	70756	-80427468.37821	91492119913.7979	18821096	-21393706588.6039	24336903897623.2	5006411536	-5690725952572.43	6.47361643679194e+15	
267	1	-1142.21612580412	1305679.7995407	267	-304971.705589699	348616506.477366	71289	-81427445.3924497	93080607228.9774	267	-304971.705589699	348616506.477366	71289	-81427445.3924497	93080607228.9774	19034163	-21741127919.78	24852522130227.5	71289	-81427445.3924497	93080607228.9774	19034163	-21741127919.78	24852522130227.5	5082121520.88636	-5804881154585.15	6.63562340878498e+15	
268	1	-1147.45417298513	1317669.9922468	268	-307517.718360014	353135557.922142	71824	-82414748.5204838	94640329521.2237	268	-307517.718360014	353135557.922142	71824	-82414748.5204838	94640329521.2237	19248832	-22087152603.4897	25363608312280.3	71824	-82414748.5204838	94640329521.2237	19248832	-22087152603.4897	25363608312280.3	5158686976	-5919356897734.48	6.79744702765309e+15	
269	1	-1152.69985905753	1329742.08348455	269	-310076.262086477	357700620.457344	72361	-83410514.5012622	96221466902.5375	269	-310076.262086477	357700620.457344	72361	-83410514.5012622	96221466902.5375	19465109	-22437428400.8439	25883574596842.4	72361	-83410514.5012622	96221466902.5375	19465109	-22437428400.8439	25883574596842.4	5236114320.87338	-6035668239827.62	6.96268156655619e+15	
270	1	-1157.87158044603	1341697.73967977	270	-312625.326720427	362258389.713539	72900	-84408838.2145153	97809765220.0524	270	-312625.326720427	362258389.713539	72900	-84408838.2145153	97809765220.0524	19683000	-22790386317.9191	26408636610021.6	72900	-84408838.2145153	97809765220.0524	19683000	-22790386317.9191	26408636610021.6	5314410000	-6153404305840.15	7.13033188472941e+15	
271	1	-1162.53113148811	1352518.86331117	271	-315045.936633279	366532611.957328	73441	-85377448.8276186	99330337839.9673	271	-315045.936633279	366532611.957328	73441	-85377448.8276186	99330337839.9673	19902511	-23137288632.2867	26918521554878.2	73441	-85377448.8276186	99330337839.9673	19902511	-23137288632.2867	26918521554878.2	5393580480.86213	-6270205219348.93	7.29491934133855e+15	
272	1	-1167.92755411152	1365110.84399771	272	-317676.294718334	371310149.567377	73984	-86407952.1633868	100996360682.327	272	-317676.294718334	371310149.567377	73984	-86407952.1633868	100996360682.327	20123648	-23502962988.4412	27471010104975.5	73984	-86407952.1633868	100996360682.327	20123648	-23502962988.4412	27471010104975.5	5473632256	-6392805932856.01	7.47211474868107e+15	
273	1	-1173.11971425974	1377271.06122167	273	-320261.681992908	375994999.713516	74529	-87431439.184064	102646634921.285	273	-320261.681992908	375994999.713516	74529	-87431439.184064	102646634921.285	20346417	-23868782897.2489	28022531333661.3	74529	-87431439.184064	102646634921.285	20346417	-23868782897.2489	28022531333661.3	5554571840.84246	-6516177730947.92	7.65015105405853e+15	
274	1	-1178.50863389645	1389944.84383632	274	-322911.365687626	380844887.211151	75076	-88477714.1984095	104351499093.133	274	-322911.365687626	380844887.211151	75076	-88477714.1984095	104351499093.133	20570824	-24242893690.3642	28592310752348.4	75076	-88477714.1984095	104351499093.133	20570824	-24242893690.3642	28592310752348.4	5636405776	-6642552871161.26	7.83429314610549e+15	
275	1	-1183.57436053955	1401922.85399063	275	-325482.949148375	385528784.847423	75625	-89507811.0158032	106020415832.509	275	-325482.949148375	385528784.847423	75625	-89507811.0158032	106020415832.509	20796875	-24614648029.339	29155614354141	75625	-89507811.0158032	106020415832.509	20796875	-24614648029.339	29155614354141	5719140624.82734	-6769028208058.84	8.01779394737845e+15	
276	1	-1189.36368726055	1415648.89943167	276	-328264.377683911	390719096.243142	76176	-90600968.2407594	107838470560.799	276	-328264.377683911	390719096.243142	76176	-90600968.2407594	107838470560.799	21024576	-25005867234.4496	29763417875371.5	76176	-90600968.2407594	107838470560.799	21024576	-25005867234.4496	29763417875371.5	5802782976	-6901619356708.41	8.21470333360913e+15	
277	1	-1194.30482239697	1427440.3666864	277	-330822.435803961	395400981.572133	76729	-91637814.7176972	109526071894.911	277	-330822.435803961	395400981.572133	76729	-91637814.7176972	109526071894.911	21253933	-25383674676.8086	30338721915071.3	76729	-91637814.7176972	109526071894.911	21253933	-25383674676.8086	30338721915071.3	5887339440.81888	-7031277885462.94	8.40382597047724e+15	
278	1	-1199.5668138002	1440041.42015924	278	-333479.574236456	400331514.804268	77284	-92707321.6377348	111292161112.746	278	-333479.574236456	400331514.804268	77284	-92707321.6377348	111292161112.746	21484952	-25772635415.2903	30939220790209.4	77284	-92707321.6377348	111292161112.746	21484952	-25772635415.2903	30939220790209.4	5972816656	-7164792645453.65	8.60110337967742e+15	
