# <N_i^j*N_k^m*U^p> as a function of N_tot.
# number_of_species: 1
# max_order: 2
# species_total_upper_bound: 278
# species_total_lower_bound: 245
# volume: 729
#	N_tot	N_1^0*N_1^0*U^0	N_1^0*N_1^0*U^1	N_1^0*N_1^0*U^2	N_1^0*N_1^1*U^0	N_1^0*N_1^1*U^1	N_1^0*N_1^1*U^2	N_1^0*N_1^2*U^0	N_1^0*N_1^2*U^1	N_1^0*N_1^2*U^2	N_1^1*N_1^0*U^0	N_1^1*N_1^0*U^1	N_1^1*N_1^0*U^2	N_1^1*N_1^1*U^0	N_1^1*N_1^1*U^1	N_1^1*N_1^1*U^2	N_1^1*N_1^2*U^0	N_1^1*N_1^2*U^1	N_1^1*N_1^2*U^2	N_1^2*N_1^0*U^0	N_1^2*N_1^0*U^1	N_1^2*N_1^0*U^2	N_1^2*N_1^1*U^0	N_1^2*N_1^1*U^1	N_1^2*N_1^1*U^2	N_1^2*N_1^2*U^0	N_1^2*N_1^2*U^1	N_1^2*N_1^2*U^2	
245	1	-1021.60074687461	1044572.99307723	245	-250292.182984279	255920383.303922	60025	-61321584.8311483	62700493908.6913	245	-250292.182984279	255920383.303922	60025	-61321584.8311483	62700493908.6913	14706125	-15023788283.6307	15361621007710.7	60025	-61321584.8311483	62700493908.6913	14706125	-15023788283.6307	15361621007710.7	3603000624.59266	-3680828129485.24	3.76359714692025e+15	
246	1	-1027.08231691565	1055813.25830132	246	-252662.24996125	259730061.542125	60516	-62154913.4904674	63893595135.8701	246	-252662.24996125	259730061.542125	60516	-62154913.4904674	63893595135.8701	14886936	-15290108718.655	15717824404146.8	60516	-62154913.4904674	63893595135.8701	14886936	-15290108718.655	15717824404146.8	3662186256	-3761366744785.89	3.86658480342964e+15	
247	1	-1032.79374251194	1067587.1247326	247	-255100.05440045	263694019.808951	61009	-63009713.4369112	65132422892.0608	247	-255100.05440045	263694019.808951	61009	-63009713.4369112	65132422892.0608	15069223	-15563399218.9208	16087708454604.4	61009	-63009713.4369112	65132422892.0608	15069223	-15563399218.9208	16087708454604.4	3722098080.58219	-3844159607067.18	3.9736639882389e+15	
248	1	-1038.35077354641	1079098.0149638	248	-257510.99183951	267616307.711021	61504	-63862725.9761986	66368844312.3333	248	-257510.99183951	267616307.711021	61504	-63862725.9761986	66368844312.3333	15252992	-15837956042.0972	16459473389590.1	61504	-63862725.9761986	66368844312.3333	15252992	-15837956042.0972	16459473389590.1	3782742016	-3927813098440.12	4.0819494005913e+15	
249	1	-1043.99821553201	1090867.5274486	249	-259955.55566747	271626014.334702	62001	-64728933.3612001	67634877568.5322	249	-259955.55566747	271626014.334702	62001	-64728933.3612001	67634877568.5322	15438249	-16117504406.9346	16841084514741.6	62001	-64728933.3612001	67634877568.5322	15438249	-16117504406.9346	16841084514741.6	3844124000.56312	-4013258597321.9	4.19343004412508e+15	
250	1	-1049.63903701623	1102683.69149504	250	-262409.759254058	275670922.87376	62500	-65602439.8135145	68917730714.7903	250	-262409.759254058	275670922.87376	62500	-65602439.8135145	68917730714.7903	15625000	-16400609953.3786	17229432679550.4	62500	-65602439.8135145	68917730714.7903	15625000	-16400609953.3786	17229432679550.4	3906250000	-4100152488337.92	4.30735816986077e+15	
251	1	-1055.39907050067	1114816.38131665	251	-264905.166695667	279818911.710478	63001	-66491196.8406124	70234546838.559	251	-264905.166695667	279818911.710478	63001	-66491196.8406124	70234546838.559	15813251	-16689290406.9944	17628871256627.4	63001	-66491196.8406124	70234546838.559	15813251	-16689290406.9944	17628871256627.4	3969126000.54919	-4189011892151.29	4.42484668543002e+15	
252	1	-1060.82318749033	1126297.34462099	252	-267327.443247562	283826930.84449	63504	-67366515.6983857	71524386568.7033	252	-267327.443247562	283826930.84449	63504	-67366515.6983857	71524386568.7033	16003008	-16976361955.9932	18024145416357.8	63504	-67366515.6983857	71524386568.7033	16003008	-16976361955.9932	18024145416357.8	4032758016	-4278043212910.84	4.54208464492389e+15	
253	1	-1066.54820549047	1138477.09831993	253	-269836.695989089	288034705.874943	64009	-68268684.0852396	72872780585.7001	253	-269836.695989089	288034705.874943	64009	-68268684.0852396	72872780585.7001	16194277	-17271977073.5671	18436813488350.8	64009	-68268684.0852396	72872780585.7001	16194277	-17271977073.5671	18436813488350.8	4097152080.53886	-4369810199607.13	4.66451381258938e+15	
254	1	-1072.08892937	1150335.02605434	254	-272310.588059979	292185096.617801	64516	-69166889.3672348	74215014537.5543	254	-272310.588059979	292185096.617801	64516	-69166889.3672348	74215014537.5543	16387064	-17568389899.2776	18850613693201.3	64516	-69166889.3672348	74215014537.5543	16387064	-17568389899.2776	18850613693201.3	4162314256	-4462371034343.83	4.7880558781198e+15	
255	1	-1077.79137893425	1162611.32508667	255	-274836.801628235	296465887.8971	65025	-70083384.4151998	75598801413.1647	255	-274836.801628235	296465887.8971	65025	-70083384.4151998	75598801413.1647	16581375	-17871263025.8782	19277694360644.1	65025	-70083384.4151998	75598801413.1647	16581375	-17871263025.8782	19277694360644.1	4228250624.52506	-4557172071777.09	4.91581206192288e+15	
256	1	-1083.28709355534	1174490.09384981	256	-277321.495950166	300669464.02555	65536	-70994302.9632425	76971382790.5409	256	-277321.495950166	300669464.02555	65536	-70994302.9632425	76971382790.5409	16777216	-18174541558.5901	19704673994378.5	65536	-70994302.9632425	76971382790.5409	16777216	-18174541558.5901	19704673994378.5	4294967296	-4652682638999.06	5.04439654256089e+15	
257	1	-1088.79926009754	1186455.97330212	257	-279821.409845068	304919185.138645	66049	-71914102.3301825	78364230580.1089	257	-279821.409845068	304919185.138645	66049	-71914102.3301825	78364230580.1089	16974593	-18481924298.8592	20139607259131	66049	-71914102.3301825	78364230580.1089	16974593	-18481924298.8592	20139607259131	4362470400.51444	-4749854544996.32	5.17587906562536e+15	
258	1	-1094.14560491233	1198135.36685962	258	-282289.566067382	309118924.649782	66564	-72830708.0453847	79752682556.5196	258	-282289.566067382	309118924.649782	66564	-72830708.0453847	79752682556.5196	17173512	-18790322675.7084	20576192100442.6	66564	-72830708.0453847	79752682556.5196	17173512	-18790322675.7084	20576192100442.6	4430766096	-4847903250314.24	5.30865756191801e+15	
259	1	-1099.45453330928	1209790.03564951	259	-284758.724127104	313335619.233223	67081	-73752509.5489199	81153925380.9605	259	-284758.724127104	313335619.233223	67081	-73752509.5489199	81153925380.9605	17373979	-19101899973.1709	21018866674022.1	67081	-73752509.5489199	81153925380.9605	17373979	-19101899973.1709	21018866674022.1	4499860560.50361	-4947392093053.35	5.44388646849156e+15	
260	1	-1105.01548146713	1222051.76317189	260	-287304.025181453	317733458.424691	67600	-74699046.5471777	82610699185.9128	260	-287304.025181453	317733458.424691	67600	-74699046.5471777	82610699185.9128	17576000	-19421752102.2662	21478781789552.1	67600	-74699046.5471777	82610699185.9128	17576000	-19421752102.2662	21478781789552.1	4569760000	-5049655546588.83	5.58448326527435e+15	
261	1	-1110.48471363557	1234172.26767071	261	-289836.510258885	322118961.862055	68121	-75647329.1775689	84073049045.6655	261	-289836.510258885	322118961.862055	68121	-75647329.1775689	84073049045.6655	17779581	-19743952915.3416	21943065800911.8	68121	-75647329.1775689	84073049045.6655	17779581	-19743952915.3416	21943065800911.8	4640470640.48627	-5153171710899.49	5.72714017404981e+15	
262	1	-1116.09531048686	1246661.97108661	262	-292416.971347557	326625436.424692	68644	-76613246.4930599	85575864340.4817	262	-292416.971347557	326625436.424692	68644	-76613246.4930599	85575864340.4817	17984728	-20072670581.1872	22420876457873.9	68644	-76613246.4930599	85575864340.4817	17984728	-20072670581.1872	22420876457873.9	4711998736	-5259039692264.7	5.87426963198983e+15	
263	1	-1121.33878702568	1258399.86629361	263	-294912.100987753	330959164.835219	69169	-77561882.5597791	87042260351.4115	263	-294912.100987753	330959164.835219	69169	-77561882.5597791	87042260351.4115	18191447	-20398775113.2258	22892114472439.2	69169	-77561882.5597791	87042260351.4115	18191447	-20398775113.2258	22892114472439.2	4784350560.47289	-5364877854786.54	6.02062610625361e+15	
264	1	-1126.72753873525	1270510.45135892	264	-297456.070226107	335414759.158754	69696	-78528402.5396923	88549496417.911	264	-297456.070226107	335414759.158754	69696	-78528402.5396923	88549496417.911	18399744	-20731498270.4788	23377067054077.4	69696	-78528402.5396923	88549496417.911	18399744	-20731498270.4788	23377067054077.4	4857532416	-5473115543406.39	6.17154570232847e+15	
265	1	-1132.14097556238	1282736.47657366	265	-300017.35852403	339925166.29202	70225	-79504600.0088678	90080169067.2283	265	-300017.35852403	339925166.29202	70225	-79504600.0088678	90080169067.2283	18609625	-21068719002.3464	23871244802824.2	70225	-79504600.0088678	90080169067.2283	18609625	-21068719002.3464	23871244802824.2	4931550624.46078	-5583210535624.42	6.32587987279529e+15	
266	1	-1137.65262113317	1295240.34522414	266	-302615.597221425	344533931.829621	70756	-80495748.8608989	91646025864.1754	266	-302615.597221425	344533931.829621	70756	-80495748.8608989	91646025864.1754	18821096	-21411869196.9937	24377842880491.8	70756	-80495748.8608989	91646025864.1754	18821096	-21411869196.9937	24377842880491.8	5006411536	-5695557206398.32	6.48450620627384e+15	
267	1	-1143.01770331878	1307477.10442245	267	-305185.726786113	349096386.880794	71289	-81484589.0518922	93208735297.1013	267	-305185.726786113	349096386.880794	71289	-81484589.0518922	93208735297.1013	19034163	-21756385276.8525	24886732324451.5	71289	-81484589.0518922	93208735297.1013	19034163	-21756385276.8525	24886732324451.5	5082121520.45021	-5808954868918.27	6.64475753059058e+15	
268	1	-1148.30286846388	1319583.80983704	268	-307745.16874832	353648461.036328	71824	-82475705.2245498	94777787552.849	268	-307745.16874832	353648461.036328	71824	-82475705.2245498	94777787552.849	19248832	-22103489000.1794	25400447065684.1	71824	-82475705.2245498	94777787552.849	19248832	-22103489000.1794	25400447065684.1	5158686976	-5923735052045.59	6.80731981350401e+15	
269	1	-1153.46447874264	1331462.53343885	269	-310281.944781769	358163421.495051	72361	-83465843.1462959	96345960382.1366	269	-310281.944781769	358163421.495051	72361	-83465843.1462959	96345960382.1366	19465109	-22452311806.3554	25917063342598.6	72361	-83465843.1462959	96345960382.1366	19465109	-22452311806.3554	25917063342598.6	5236114320.44235	-6039671875906.22	6.97169003917336e+15	
270	1	-1158.68438692052	1343534.55901834	270	-312844.784468539	362754330.934952	72900	-84468091.8065056	97943669350.1608	270	-312844.784468539	362754330.934952	72900	-84468091.8065056	97943669350.1608	19683000	-22806384787.7512	26444790725097.3	72900	-84468091.8065056	97943669350.1608	19683000	-22806384787.7512	26444790725097.3	5314410000	-6157723892687.89	7.14009349575173e+15	
271	1	-1163.59025893295	1354936.36866298	271	-315332.96017083	367187755.907668	73441	-85455232.2062949	99507881851.0403	271	-315332.96017083	367187755.907668	73441	-85455232.2062949	99507881851.0403	19902511	-23158367927.9098	26966635981551.8	73441	-85455232.2062949	99507881851.0403	19902511	-23158367927.9098	26966635981551.8	5393580480.42959	-6275917708466.33	7.30795835106937e+15	
272	1	-1168.91397882514	1367363.58317671	272	-317944.602240439	371922894.624066	73984	-86480931.8093994	101163027337.746	272	-317944.602240439	371922894.624066	73984	-86480931.8093994	101163027337.746	20123648	-23522813452.1566	27516343434538.5	73984	-86480931.8093994	101163027337.746	20123648	-23522813452.1566	27516343434538.5	5473632256	-6398205258986.61	7.48444541457613e+15	
273	1	-1174.02229961428	1379336.41872704	273	-320508.087794698	376558842.312482	74529	-87498707.9679525	102800563951.448	273	-320508.087794698	376558842.312482	74529	-87498707.9679525	102800563951.448	20346417	-23887147275.2426	28064553958744.3	74529	-87498707.9679525	102800563951.448	20346417	-23887147275.2426	28064553958744.3	5554571840.42123	-6521191206148.26	7.66162323073585e+15	
274	1	-1179.21646420519	1391561.32672648	274	-323105.311192223	381287803.523055	75076	-88530855.2666691	104472858163.276	274	-323105.311192223	381287803.523055	75076	-88530855.2666691	104472858163.276	20570824	-24257454343.0671	28625563137395.3	75076	-88530855.2666691	104472858163.276	20570824	-24257454343.0671	28625563137395.3	5636405776	-6646542489998.82	7.843404299634e+15	
275	1	-1184.29669080935	1403576.32982574	275	-325681.589972572	385983490.702079	75625	-89562437.2424573	106145459943.203	275	-325681.589972572	385983490.702079	75625	-89562437.2424573	106145459943.203	20796875	-24629670241.6668	29190001484195.1	75625	-89562437.2424573	106145459943.203	20796875	-24629670241.6668	29190001484195.1	5719140624.41572	-6773159316446.24	8.02725040814496e+15	
276	1	-1189.66522858219	1416313.23713155	276	-328347.603088685	390902453.448309	76176	-90623938.4524769	107889077146.612	276	-328347.603088685	390902453.448309	76176	-90623938.4524769	107889077146.612	21024576	-25012207012.8836	29777385293718.5	76176	-90623938.4524769	107889077146.612	21024576	-25012207012.8836	29777385293718.5	5802782976	-6903369135556.29	8.21855834108536e+15	
277	1	-1194.57565671993	1428023.09482118	277	-330897.456911421	395562397.265466	76729	-91658595.5644635	109570784042.669	277	-330897.456911421	395562397.265466	76729	-91658595.5644635	109570784042.669	21253933	-25389430971.3635	30351107179647	76729	-91658595.5644635	109570784042.669	21253933	-25389430971.3635	30351107179647	5887339440.41615	-7032872379062.22	8.40725668888551e+15	
278	1	-1199.69159702074	1440274.61896051	278	-333514.263971766	400396344.071021	77284	-92716965.384151	111310183649.752	278	-333514.263971766	400396344.071021	77284	-92716965.384151	111310183649.752	21484952	-25775316376.799	30944231055234.5	77284	-92716965.384151	111310183649.752	21484952	-25775316376.799	30944231055234.5	5972816656	-7165537952741.87	8.60249623335247e+15	
