# <N_i^j*N_k^m*U^p> as a function of N_tot.
# number_of_species: 1
# max_order: 2
# species_total_upper_bound: 278
# species_total_lower_bound: 245
# volume: 729
#	N_tot	N_1^0*N_1^0*U^0	N_1^0*N_1^0*U^1	N_1^0*N_1^0*U^2	N_1^0*N_1^1*U^0	N_1^0*N_1^1*U^1	N_1^0*N_1^1*U^2	N_1^0*N_1^2*U^0	N_1^0*N_1^2*U^1	N_1^0*N_1^2*U^2	N_1^1*N_1^0*U^0	N_1^1*N_1^0*U^1	N_1^1*N_1^0*U^2	N_1^1*N_1^1*U^0	N_1^1*N_1^1*U^1	N_1^1*N_1^1*U^2	N_1^1*N_1^2*U^0	N_1^1*N_1^2*U^1	N_1^1*N_1^2*U^2	N_1^2*N_1^0*U^0	N_1^2*N_1^0*U^1	N_1^2*N_1^0*U^2	N_1^2*N_1^1*U^0	N_1^2*N_1^1*U^1	N_1^2*N_1^1*U^2	N_1^2*N_1^2*U^0	N_1^2*N_1^2*U^1	N_1^2*N_1^2*U^2	
245	1	-1021.41541637091	1044190.17265727	245	-250246.777010873	255826592.301032	60025	-61310460.367664	62677515113.0224	245	-250246.777010873	255826592.301032	60025	-61310460.367664	62677515113.0224	14706125	-15021062790.0777	15355991202763.3	60025	-61310460.367664	62677515113.0224	14706125	-15021062790.0777	15355991202763.3	3603000624.62813	-3680160383564.93	3.76221784470759e+15	
246	1	-1026.92904057376	1055491.56043049	246	-252624.543981145	259650923.865901	60516	-62145637.8193617	63874127267.6523	246	-252624.543981145	259650923.865901	60516	-62145637.8193617	63874127267.6523	14886936	-15287826903.563	15713035308542.8	60516	-62145637.8193617	63874127267.6523	14886936	-15287826903.563	15713035308542.8	3662186256	-3760805418274.07	3.86540668590946e+15	
247	1	-1032.64821191323	1067277.97194955	247	-255064.108342568	263617659.07154	61009	-63000834.7606142	65113561789.9523	247	-255064.108342568	263617659.07154	61009	-63000834.7606142	65113561789.9523	15069223	-15561206185.8741	16083049762370.4	61009	-63000834.7606142	65113561789.9523	15069223	-15561206185.8741	16083049762370.4	3722098080.61746	-3843617927905.27	3.97251329125987e+15	
248	1	-1038.16440086634	1078700.73361478	248	-257464.771414853	267517781.936465	61504	-63851263.3108834	66344409920.2433	248	-257464.771414853	267517781.936465	61504	-63851263.3108834	66344409920.2433	15252992	-15835113301.0991	16453413660375.8	61504	-63851263.3108834	66344409920.2433	15252992	-15835113301.0991	16453413660375.8	3782742016	-3927108098672.57	4.08044658774106e+15	
249	1	-1043.78562264781	1090413.33512043	249	-259902.620039305	271512920.444987	62001	-64715752.389787	67606717190.0318	249	-259902.620039305	271512920.444987	62001	-64715752.389787	67606717190.0318	15438249	-16114222345.0519	16834072580487.5	62001	-64715752.389787	67606717190.0318	15438249	-16114222345.0519	16834072580487.5	3844124000.59834	-4012441363913.54	4.19168407249704e+15	
250	1	-1049.41398198917	1102200.07784651	250	-262353.495497293	275550019.461627	62500	-65588373.8743232	68887504861.8871	250	-262353.495497293	275550019.461627	62500	-65588373.8743232	68887504861.8871	15625000	-16397093468.5808	17221876216293.3	62500	-65588373.8743232	68887504861.8871	15625000	-16397093468.5808	17221876216293.3	3906250000	-4099273367138.15	4.30546905404866e+15	
251	1	-1055.15389499994	1114288.43704328	251	-264843.627644985	279686397.697864	63001	-66475750.5388912	70201285821.4026	251	-264843.627644985	279686397.697864	63001	-66475750.5388912	70201285821.4026	15813251	-16685413385.2635	17620522741322.4	63001	-66475750.5388912	70201285821.4026	15813251	-16685413385.2635	17620522741322.4	3969126000.5827	-4188038759696.93	4.42275120808624e+15	
252	1	-1060.57398166675	1125757.25792595	252	-267264.643380022	283690828.99734	63504	-67350690.1317656	71490088903.4742	252	-267264.643380022	283690828.99734	63504	-67350690.1317656	71490088903.4742	16003008	-16972373913.2049	18015502404654.9	63504	-67350690.1317656	71490088903.4742	16003008	-16972373913.2049	18015502404654.9	4032758016	-4277038226128.7	4.5399066059757e+15	
253	1	-1066.27651328185	1137888.93551427	253	-269767.957860309	287885900.68511	64009	-68251293.3386582	72835132872.5918	253	-269767.957860309	287885900.68511	64009	-68251293.3386582	72835132872.5918	16194277	-17267577214.6789	18427288616940.3	64009	-68251293.3386582	72835132872.5918	16194277	-17267577214.6789	18427288616940.3	4097152080.57292	-4368697035308.96	4.66210402012351e+15	
254	1	-1071.80697826217	1149721.3353295	254	-272238.972478591	292029219.173693	64516	-69148699.0095621	74175421666.5047	254	-272238.972478591	292029219.173693	64516	-69148699.0095621	74175421666.5047	16387064	-17563769548.4288	18840557104008.1	64516	-69148699.0095621	74175421666.5047	16387064	-17563769548.4288	18840557104008.1	4162314256	-4461197465229.28	4.7855015044716e+15	
255	1	-1077.43289508839	1161829.92566423	255	-274745.38824754	296266631.044379	65025	-70060074.0031227	75547990915.5214	255	-274745.38824754	296266631.044379	65025	-70060074.0031227	75547990915.5214	16581375	-17865318870.7985	19264737683793.3	65025	-70060074.0031227	75547990915.5214	16581375	-17865318870.7985	19264737683793.3	4228250624.55909	-4555656312216.27	4.91250810931992e+15	
256	1	-1082.88934109561	1173619.26864652	256	-277219.671320475	300446532.773509	65536	-70968235.8580417	76914312390.0184	256	-277219.671320475	300446532.773509	65536	-70968235.8580417	76914312390.0184	16777216	-18167868379.6587	19690063971844.7	65536	-70968235.8580417	76914312390.0184	16777216	-18167868379.6587	19690063971844.7	4294967296	-4650974305192.62	5.04065637679225e+15	
257	1	-1088.38653974975	1185548.55682543	257	-279715.340715685	304685979.104136	66049	-71886842.5639311	78304296629.0403	257	-279715.340715685	304685979.104136	66049	-71886842.5639311	78304296629.0403	16974593	-18474918538.9296	20124204233785.4	66049	-71886842.5639311	78304296629.0403	16974593	-18474918538.9296	20124204233785.4	4362470400.54775	-4748054064681.08	5.17192048810372e+15	
258	1	-1093.7634480299	1197292.22041503	258	-282190.969591713	308901392.867078	66564	-72805270.154662	79696559356.24	258	-282190.969591713	308901392.867078	66564	-72805270.154662	79696559356.24	17173512	-18783759699.9028	20561712314887.5	66564	-72805270.154662	79696559356.24	17173512	-18783759699.9028	20561712314887.5	4430766096	-4846210002606.59	5.3049217772239e+15	
259	1	-1099.01302133667	1208812.04493559	259	-284644.372526197	313082319.638319	67081	-73722892.4842849	81088320785.6814	259	-284644.372526197	313082319.638319	67081	-73722892.4842849	81088320785.6814	17373979	-19094229153.4272	21001875083906.5	67081	-73722892.4842849	81088320785.6814	17373979	-19094229153.4272	21001875083906.5	4499860560.53659	-4945405350739.07	5.43948564665065e+15	
260	1	-1104.58386713595	1221093.44901798	260	-287191.805455348	317484296.744675	67600	-74669869.4183905	82545917149.3489	260	-287191.805455348	317484296.744675	67600	-74669869.4183905	82545917149.3489	17576000	-19414166048.7815	21461938459954.1	67600	-74669869.4183905	82545917149.3489	17576000	-19414166048.7815	21461938459954.1	4569760000	-5047683172683.93	5.58010399959583e+15	
261	1	-1110.07236577684	1233251.24306633	261	-289728.887467754	321878574.440312	68121	-75619239.6290839	84010307928.3978	261	-289728.887467754	321878574.440312	68121	-75619239.6290839	84010307928.3978	17779581	-19736621543.1945	21926690369345.6	68121	-75619239.6290839	84010307928.3978	17779581	-19736621543.1945	21926690369345.6	4640470640.51802	-5151258222767.72	5.72286618641467e+15	
262	1	-1115.7109684129	1245801.90330483	262	-292316.27372418	326400098.665866	68644	-76586863.7157351	85516825847.3746	262	-292316.27372418	326400098.665866	68644	-76586863.7157351	85516825847.3746	17984728	-20065758293.5254	22405408372791.8	68644	-76586863.7157351	85516825847.3746	17984728	-20065758293.5254	22405408372791.8	4711998736	-5257228672898.35	5.87021699367897e+15	
263	1	-1120.94701132916	1257517.96427436	263	-294809.063979568	330727224.604157	69169	-77534783.8266265	86981260070.4509	263	-294809.063979568	330727224.604157	69169	-77534783.8266265	86981260070.4509	18191447	-20391648146.4047	22876071398581.3	69169	-77534783.8266265	86981260070.4509	18191447	-20391648146.4047	22876071398581.3	4784350560.50421	-5363003462508.76	6.01640677783595e+15	
264	1	-1126.29893624184	1269539.99499813	264	-297342.919167845	335158558.679507	69696	-78498530.6603112	88481859491.39	264	-297342.919167845	335158558.679507	69696	-78498530.6603112	88481859491.39	18399744	-20723612094.3222	23359210905509.8	69696	-78498530.6603112	88481859491.39	18399744	-20723612094.3222	23359210905509.8	4857532416	-5471033592901.05	6.16683167910469e+15	
265	1	-1131.70804368345	1281750.60687314	265	-299902.631576115	339663910.821381	70225	-79474197.3676705	90010936367.3371	265	-299902.631576115	339663910.821381	70225	-79474197.3676705	90010936367.3371	18609625	-21060662302.4286	23852898137405.3	70225	-79474197.3676705	90010936367.3371	18609625	-21060662302.4286	23852898137405.3	4931550624.49143	-5581075510142.84	6.32101800645165e+15	
266	1	-1137.20329326026	1294212.78518154	266	-302496.076007229	344260600.85829	70756	-80463956.2179228	91573319825.5049	266	-302496.076007229	344260600.85829	70756	-80463956.2179228	91573319825.5049	18821096	-21403412353.9635	24358503074264.1	70756	-80463956.2179228	91573319825.5049	18821096	-21403412353.9635	24358503074264.1	5006411536	-5693307686155.72	6.47936181781444e+15	
267	1	-1142.5865567823	1306488.26992706	267	-305070.610660874	348832368.070526	71289	-81453853.0464534	93138242274.5883	267	-305070.610660874	348832368.070526	71289	-81453853.0464534	93138242274.5883	19034163	-21748178763.4028	24867910687442	71289	-81453853.0464534	93138242274.5883	19034163	-21748178763.4028	24867910687442	5082121520.47913	-5806763729825.42	6.63973215352591e+15	
268	1	-1147.86619027777	1318580.45138452	268	-307628.138994442	353379560.971052	71824	-82444341.2505106	94705722335.5519	268	-307628.138994442	353379560.971052	71824	-82444341.2505106	94705722335.5519	19248832	-22095083455.1368	25381133587369.5	71824	-82444341.2505106	94705722335.5519	19248832	-22095083455.1368	25381133587369.5	5158686976	-5921482365975.88	6.80214380132281e+15	
269	1	-1153.04413239582	1330495.11938886	269	-310168.871614475	357903187.115604	72361	-83435426.4642938	96275957333.8846	269	-310168.871614475	357903187.115604	72361	-83435426.4642938	96275957333.8846	19465109	-22444129718.8938	25898232522678.8	72361	-83435426.4642938	96275957333.8846	19465109	-22444129718.8938	25898232522678.8	5236114320.47112	-6037470894381.35	6.96662454861901e+15	
270	1	-1158.26241320293	1342560.86496523	270	-312730.851564792	362491433.540611	72900	-84437329.9224939	97872687053.4257	270	-312730.851564792	362491433.540611	72900	-84437329.9224939	97872687053.4257	19683000	-22798079079.0658	26425625505035.1	72900	-84437329.9224939	97872687053.4257	19683000	-22798079079.0658	26425625505035.1	5314410000	-6155481351345.37	7.13491888634435e+15	
271	1	-1163.0846303566	1353762.88222723	271	-315195.934826639	366869741.08358	73441	-85418098.3380191	99421699833.5443	271	-315195.934826639	366869741.08358	73441	-85418098.3380191	99421699833.5443	19902511	-23148304649.6034	26943280654899.9	73441	-85418098.3380191	99421699833.5443	19902511	-23148304649.6034	26943280654899.9	5393580480.45819	-6273190560045.29	7.30162905752974e+15	
272	1	-1168.47589194482	1366342.16656192	272	-317825.442608991	371645069.304842	73984	-86448520.3896456	101087458850.917	272	-317825.442608991	371645069.304842	73984	-86448520.3896456	101087458850.917	20123648	-23513997545.9836	27495788806168.4	73984	-86448520.3896456	101087458850.917	20123648	-23513997545.9836	27495788806168.4	5473632256	-6395807332507.54	7.47885455563879e+15	
273	1	-1173.62710292487	1378410.79936417	273	-320400.199098489	376306148.226419	74529	-87469254.3538875	102731578465.787	273	-320400.199098489	376306148.226419	74529	-87469254.3538875	102731578465.787	20346417	-23879106438.6041	28045720921201.2	74529	-87469254.3538875	102731578465.787	20346417	-23879106438.6041	28045720921201.2	5554571840.44813	-6518996057744.6	7.6564818114829e+15	
274	1	-1178.80838136341	1390601.21912404	274	-322993.496493576	381024734.039988	75076	-88500218.0392397	104400777124.658	274	-322993.496493576	381024734.039988	75076	-88500218.0392397	104400777124.658	20570824	-24249059742.7486	28605812932884.7	75076	-88500218.0392397	104400777124.658	20570824	-24249059742.7486	28605812932884.7	5636405776	-6644242369512.25	7.83799274359576e+15	
275	1	-1183.80947654008	1402423.03781719	275	-325547.606048523	385666335.399726	75625	-89525591.6633437	106058242234.899	275	-325547.606048523	385666335.399726	75625	-89525591.6633437	106058242234.899	20796875	-24619537707.4123	29166016614476.2	75625	-89525591.6633437	106058242234.899	20796875	-24619537707.4123	29166016614476.2	5719140624.44288	-6770372869523.74	8.02065456897125e+15	
276	1	-1189.21109733097	1415234.95687711	276	-328222.262863346	390604848.098083	76176	-90589344.5502836	107806938070.141	276	-328222.262863346	390604848.098083	76176	-90589344.5502836	107806938070.141	21024576	-25002659095.8783	29754714908577.5	76176	-90589344.5502836	107806938070.141	21024576	-25002659095.8783	29754714908577.5	5802782976	-6900733910463.71	8.21230131478205e+15	
277	1	-1194.23157601585	1427203.68399732	277	-330802.146556391	395335420.467257	76729	-91632194.5961202	109507911469.401	277	-330802.146556391	395335420.467257	76729	-91632194.5961202	109507911469.401	21253933	-25382117903.1332	30333691476915.9	76729	-91632194.5961202	109507911469.401	21253933	-25382117903.1332	30333691476915.9	5887339440.44383	-7030846659159.24	8.40243253921779e+15	
278	1	-1199.36859948375	1439504.86323654	278	-333424.470656482	400182351.979758	77284	-92692002.8425019	111250693848.109	278	-333424.470656482	400182351.979758	77284	-92692002.8425019	111250693848.109	21484952	-25768376790.2217	30927692890470.1	77284	-92692002.8425019	111250693848.109	21484952	-25768376790.2217	30927692890470.1	5972816656	-7163608747674.26	8.59789862354325e+15	
