# lnPI (bias) matrix in single row (vectorized) notation.
# species_total_upper_bound: 278
# species_total_lower_bound: 245
# volume: 729
0
4.47348520529899
8.95030959880448
13.4258054180374
17.8905744751156
22.3629211520467
26.8372143622638
31.3109054455319
35.7845071166095
40.2597024229859
44.7419220939014
49.2177664694408
53.7049292241714
58.1829175955407
62.6664330760447
67.1389384639291
71.6205407629175
76.1001500499404
80.585902691285
85.0691962112455
89.5486528993471
94.0395875275747
98.5269750084143
103.019815359315
107.511127577986
111.98767127479
116.48388708544
120.973837738029
125.474504652114
129.965879201619
134.466213357659
138.976606010705
143.483244424642
147.983904448025
