# lnPI (bias) matrix in single row (vectorized) notation.
# species_total_upper_bound: 278
# species_total_lower_bound: 245
# volume: 729
0
4.47628130663683
8.95234882884921
13.4265592994665
17.8944463513735
22.3657943565043
26.8429350663584
31.3174396414438
35.7930273293186
40.271315043906
44.756272384967
49.2335793379195
53.7227272934891
58.2057780235647
62.6895830898755
67.1620951627369
71.6477262760572
76.1321436186288
80.6163568803399
85.09811632192
89.5786418678939
94.0661979890545
98.5538404055976
103.044890070581
107.537499957152
112.015596152942
116.508412859322
121.000455605803
125.497370480856
129.991812744414
134.490604551243
138.998496087981
143.504061675469
148.006190723207
