# <P(U)> as a function of N_tot.
# number_of_species: 1
# species_total_upper_bound: 462
# species_total_lower_bound: 439
# volume: 729
# Bin widths for each
10	10	10	10	10	10	10	10	10	10	10	10	10	10	10	10	10	10	10	10	10	10	10	10	
# Bin lower bound for each
-2150	-2170	-2180	-2180	-2190	-2200	-2210	-2220	-2220	-2240	-2250	-2260	-2270	-2270	-2290	-2290	-2300	-2310	-2320	-2330	-2330	-2340	-2350	-2350	
# Bin upper bound for each
-1990	-2000	-2010	-2020	-2030	-2040	-2050	-2060	-2070	-2080	-2090	-2100	-2110	-2120	-2120	-2130	-2140	-2150	-2150	-2160	-2180	-2180	-2200	-2210	
# Normalized histogram for each
1.76970406950084e-05	0.000134043277741989	0.000838709306025952	0.00469889036181836	0.0177259586039459	0.0496873312934589	0.112087456571417	0.185729542625717	0.222401948500397	0.195960051190545	0.126753198824431	0.0591537414557248	0.0188919844593448	0.00469832819407074	0.00114075079346605	7.98727935815374e-05	4.94707617903667e-07	
1.93827823420599e-06	2.99756982731857e-06	0.000115124711864235	0.000807428113260809	0.00382474133282547	0.0150239777413537	0.0457537789382405	0.103435767206023	0.18074034340205	0.223971768752138	0.199086958261094	0.134388492937962	0.064672118262018	0.0216317485467139	0.00540416763627533	0.000963955349732444	0.000166624313784708	8.0686466028575e-06	
8.37706292249689e-07	1.72069400570206e-06	8.59894188639005e-05	0.00064822618522705	0.00342055855765089	0.013277508887894	0.0423611317864823	0.0977456757657796	0.171228728344868	0.222194167866153	0.204337937510507	0.140903330391928	0.0704037574523314	0.0252850097553162	0.00676828194929726	0.0011868713311436	0.000145534487745432	4.73190851568067e-06	
2.89173444159777e-06	8.92111460014178e-05	0.000506167375092271	0.00311724418891733	0.0117090653757175	0.0382207827405987	0.0909178157914612	0.164034387595197	0.218669497500118	0.212152985320759	0.147284550926961	0.0753258113779914	0.0289824198256949	0.00765551400591084	0.00119852146301088	0.000125255363489995	7.878268636164e-06	
1.86612596626735e-06	5.71817857811799e-05	0.000473972956839732	0.00246602786794187	0.0106762448845686	0.0343325708327276	0.0845631986597069	0.158348713513494	0.2155218828612	0.215520362314116	0.155049610152462	0.0810917666291982	0.0314682287446525	0.00875521795314549	0.00152229801663064	0.000150073389435377	7.83312133988766e-07	
6.46523667638253e-07	3.35961405862021e-05	0.000341595397822868	0.0021848805545215	0.00908033255145532	0.0309039236736325	0.0798024944083784	0.152147315220419	0.212454396414047	0.217307595595567	0.162497258624199	0.0867005094098518	0.0343768871852682	0.00983877408398795	0.00204396148510735	0.000268861485213565	1.69712462755041e-05	
2.07366496643036e-07	3.10358523309077e-05	0.000226167725672005	0.00163236602085213	0.00806231722659384	0.0289663807758539	0.0737014629337687	0.146098498440765	0.208741613004441	0.218557029634377	0.169402783107225	0.0939306406993431	0.0375022309178931	0.0106219570982681	0.00214133556650154	0.000366900454727078	1.70731748902766e-05	
2.03827713050512e-06	3.00877499150699e-05	0.000201882084880484	0.00141037196310894	0.00695337397055713	0.0262602360598232	0.070581414150651	0.139619088159586	0.206471729084619	0.221353699983719	0.174109377703106	0.0994050384867256	0.0392490644250065	0.0118027595353905	0.00218718717223259	0.00031048982880024	5.21613647488355e-05	
2.87885733535981e-05	0.000162408381989154	0.001159337422981	0.00637108990685377	0.0234629424599003	0.0654432474104609	0.133659871380263	0.202374252335116	0.225045149460599	0.179663292464926	0.103247005425823	0.042977999521706	0.0132258092877412	0.00267812604992171	0.000447765546229774	5.29143721350179e-05	
4.40369956190838e-07	1.59460278873314e-05	0.000165254620402141	0.000886603786008849	0.00548745002409403	0.0211632993546193	0.0614989391371869	0.126355050224078	0.197401186834116	0.226107026911541	0.186380117472626	0.109516809628137	0.0474691463481707	0.0139195380584056	0.0031492709756496	0.000432976376400055	5.09438507214454e-05	
4.70466969058732e-06	5.21453537134062e-06	0.000134349606878496	0.000959822144018097	0.0045155326987406	0.0186522771447216	0.056543570954148	0.120621797884192	0.192820168821626	0.226719469283594	0.192395937399526	0.116002136708014	0.0509987353245303	0.0157009660031066	0.003410769647112	0.000477396507174424	3.71506675567067e-05	
2.27958521876935e-06	1.74458052456838e-06	8.62288000609998e-05	0.000885897990375824	0.00411002236622016	0.0174228000438332	0.0521304619646903	0.115226217314208	0.187475879720431	0.227063063585285	0.195147847035273	0.122926400311401	0.0554856857516875	0.0173536216107656	0.00404191394254101	0.000596925672286317	4.30097251990258e-05	
5.35913281469556e-06	5.15123542102202e-06	9.5378704275336e-05	0.000779499727723713	0.00392923764071939	0.0155755572354692	0.0486275237761854	0.110181275901417	0.182484316567117	0.226881474877702	0.199436616542913	0.128056247610046	0.059624140915995	0.0188847755491229	0.00472155770771964	0.000658318646922451	5.35682284365474e-05	
1.63196428862851e-05	5.08625000908259e-05	0.000621260715395108	0.00363960536364215	0.0141142857394898	0.0447236911512923	0.106088009118014	0.17769758067446	0.224280852186216	0.204943537865971	0.132340534164894	0.0635014018991096	0.0215952518242772	0.00540231250964699	0.000932216073093243	5.2278571521926e-05	
1.25904219623963e-06	3.63723301135894e-06	7.67782583743909e-05	0.000664704332825846	0.00331389232288762	0.0138078225037751	0.0415708920262666	0.101552991244108	0.174790892909461	0.222479774070007	0.207764322036321	0.137655536593758	0.0661190206162564	0.0231899717941906	0.00586156420697852	0.00100963526340305	0.00012655705631831	1.07484898604902e-05	
7.58112338532569e-06	3.47332083715383e-05	0.000531914943247944	0.0031882006182651	0.0119935238078532	0.0395567855999524	0.0966075849116144	0.171114842216062	0.220838404132939	0.210073745436047	0.143393636465679	0.0703651180989734	0.024558337747491	0.00658426397648909	0.00103019302519853	0.000119688443354173	1.44624507658521e-06	
8.36779239968567e-06	5.36564292592658e-05	0.000451464543146272	0.0027248235852592	0.0111703035951626	0.0374761721866981	0.093507982291234	0.165753800341303	0.220736349881315	0.21041445652447	0.147193850329889	0.0752322808266558	0.0267571699743843	0.00720345720820517	0.00119981090187694	0.00011537763893717	6.7594980387433e-07	
1.93105663786775e-05	6.66261410371119e-05	0.000379297957328757	0.00236725514758417	0.0103348557668253	0.0351966006653849	0.0897881342615873	0.165518621467411	0.219624320899055	0.212636708088378	0.149786228046212	0.0763624629868117	0.0282922295194863	0.00789305339636421	0.00149049918962411	0.000225047777833059	1.87481226977452e-05	
7.92778472996546e-06	0.000108807672669556	0.000347767053820112	0.00209108222494264	0.00992382735808614	0.0337792821700533	0.0849952812089618	0.160054233553148	0.219827056548865	0.217561211235097	0.153350024994804	0.0789429570322746	0.0292296953894138	0.00813934868932726	0.00127433275788093	0.000318448323309885	4.66285090034655e-05	2.08749361232818e-06	
4.31051436829143e-06	7.00458584847357e-05	0.000334228850502249	0.00199811082337126	0.00914316321615067	0.031084126458216	0.081005270985991	0.155422764121555	0.21948042793381	0.21922596702583	0.15786947298644	0.0822520638403108	0.0317140940771167	0.00859127681675823	0.00152507872486832	0.000229253769609239	4.95474885268281e-05	7.96508089792981e-07	
2.17483876934401e-05	0.000387336215193265	0.00192992996528598	0.00817725361126605	0.0302564924485323	0.0774563805249285	0.150440465587428	0.213763033819257	0.222052229722496	0.164581005630964	0.0859702552604292	0.0331313443066213	0.00957277126155436	0.0019599712398013	0.000260373285962495	3.94087325873613e-05	
3.15463567101038e-06	0.000272945573093964	0.00151336687561566	0.00689401553783326	0.0282626361309377	0.0761829901163177	0.147692341094332	0.210162501082376	0.222026529140634	0.170507199771641	0.0898171167237698	0.0342428279416009	0.00992524928406587	0.00226282480598585	0.000219247179135221	9.34792776042045e-06	5.70617922844524e-06	
1.29475724353674e-06	0.000257818536119253	0.00149979130131681	0.00685913834229132	0.0264549192925789	0.0729524032671257	0.143460327979119	0.210140603469242	0.221868445219203	0.172272584040207	0.0948074662453896	0.035826071652652	0.0108412336067838	0.00241365870860311	0.000321053555066985	2.31900270583455e-05	
0.000183000022897947	0.00142905672344516	0.00695429913996872	0.0263508331617517	0.0707925126192236	0.142520881298375	0.208172736052707	0.221429293503816	0.173410142560597	0.0976339537912094	0.0379169577283254	0.0104500905753749	0.0023941661721888	0.00031098073098781	5.10959191316107e-05	
