# <P(U)> as a function of N_tot.
# number_of_species: 1
# species_total_upper_bound: 462
# species_total_lower_bound: 439
# volume: 729
# Bin widths for each
10	10	10	10	10	10	10	10	10	10	10	10	10	10	10	10	10	10	10	10	10	10	10	10	
# Bin lower bound for each
-2150	-2170	-2180	-2180	-2190	-2200	-2210	-2220	-2220	-2240	-2250	-2260	-2270	-2270	-2300	-2300	-2300	-2310	-2320	-2330	-2330	-2340	-2360	-2360	
# Bin upper bound for each
-1990	-2000	-2010	-2020	-2020	-2030	-2050	-2060	-2070	-2080	-2080	-2090	-2100	-2120	-2120	-2130	-2140	-2150	-2150	-2160	-2180	-2180	-2200	-2210	
# Normalized histogram for each
1.8842217727965e-05	0.000135398584293067	0.000866246633236267	0.00476002188811088	0.0175700230329746	0.0506524812308069	0.112709794161775	0.185441550741765	0.223020522855088	0.195790846712473	0.126044670492869	0.0590058998079845	0.0182688835423383	0.00454534445157461	0.00108890326244419	8.01811556273592e-05	3.89228910812424e-07	
1.52168939088596e-06	4.28196316970236e-06	0.000128034237586637	0.000785191725697156	0.00392172974750413	0.0152530074907991	0.0463429265409932	0.104416344267574	0.179723319003443	0.223934942611873	0.199635297057568	0.133663444383217	0.0646556090452969	0.0211707690616412	0.00527713033727909	0.000931999363792282	0.000148116998733795	6.33447444112993e-06	
6.56419299075118e-07	1.34832072242457e-06	0.000109036567895018	0.000683793757952764	0.00343273585398226	0.0133874232297671	0.0421623438114589	0.0983241952374793	0.171522114473458	0.221815169321318	0.20522097814601	0.140469543111411	0.070099691108593	0.0251474410886299	0.00637054929752402	0.00111905297642598	0.000128498513059489	5.42876501397259e-06	
2.26365337684681e-06	8.8157713400664e-05	0.000517538893308063	0.0031176923654422	0.0118807936604017	0.0381063052977546	0.0914897576992555	0.164723810403808	0.218378419961387	0.212496860294942	0.147234592701739	0.074880994216526	0.0284839960419219	0.007300442556712	0.00115909747319959	0.000129259955030654	1.00171117936056e-05	
1.45720174197134e-06	5.92235572169095e-05	0.000471017975411034	0.00248326965991376	0.0106494282219212	0.0343427909504318	0.0846903344653992	0.158259970871437	0.215937616941564	0.216171434855643	0.154841519505932	0.0810584300299128	0.0309153804927353	0.00849980379048396	0.00144376310368428	0.000163494437420192	9.15698378596808e-06	1.90695536603657e-06	
5.05273767884052e-07	3.24999305699706e-05	0.000335808555234083	0.00219092119402038	0.00892643706581532	0.0309220327748356	0.0794568083231149	0.152033664658787	0.212285251656021	0.218419563926001	0.162435104126006	0.0869815798658365	0.0343055985614711	0.00946417467328592	0.00194604387151372	0.000240113312695186	2.30982293889852e-05	7.94001635246368e-07	
1.62403452726277e-07	3.01348628947647e-05	0.000256020020808935	0.00168973574630459	0.00798443943949083	0.0286236265878343	0.0735720843333702	0.146230595110671	0.207880641979405	0.219309478202939	0.170476384002675	0.0935771040436457	0.0374907287928925	0.0104714498248849	0.00205909533228838	0.000330220353876763	1.80989625649395e-05	
1.59586800757058e-06	2.35571879753885e-05	0.000190543013131183	0.00146480734744885	0.00688613418293961	0.0258939921100648	0.0699890945997005	0.139482690317914	0.205809213435649	0.221137489378637	0.175781959455704	0.0995564847053733	0.039458199184457	0.0118213197266242	0.00215648918468464	0.000300023185423269	4.64071162656036e-05	
2.84984647866073e-05	0.000142784241626113	0.00118498514047718	0.00631538386173172	0.0232905801626967	0.0652620317070051	0.133127494870003	0.200970206697796	0.225153051534237	0.181148812889334	0.104077031970643	0.0427061536432149	0.0133520416084884	0.00277830839900113	0.000416219895759841	4.64149131991862e-05	
3.4713604087874e-07	2.16685970780098e-05	0.000176107594633167	0.000872206708184746	0.00559280010618709	0.0211157007164797	0.0610501395075802	0.12678087868719	0.196124792483445	0.224812900525336	0.187774453290425	0.110711403245375	0.0471962872521506	0.013957773823878	0.00322251867843117	0.000522110875799566	6.79107717866462e-05	
4.79488918983631e-06	9.88259604012063e-06	0.000127979618719562	0.000953871830013199	0.00458323692464372	0.0185430626710501	0.056169271886743	0.120885177538916	0.191818773393043	0.225740528085304	0.193029739128929	0.11720467916033	0.0513580947145442	0.0155580428382355	0.00341588271906014	0.000531738570269824	6.2699581543432e-05	2.54385342514216e-06	
3.69865752716738e-06	7.30530864818631e-06	9.53186367697861e-05	0.000903410901971554	0.00429754562606882	0.0174604973255394	0.0518148061198687	0.115202674839682	0.186597529863531	0.227265079031111	0.195616789049294	0.123412020033401	0.055374938801939	0.017293027265068	0.00394135202530574	0.0006478907108161	6.35948279298032e-05	2.52097552846732e-06	
6.60628062576081e-06	1.24988633445835e-05	0.000104327994037292	0.000793613772568889	0.00419656199274264	0.0157530330010801	0.0484805838209918	0.109968732894697	0.182159166381813	0.226190612350791	0.1998278377649	0.128550352000383	0.0596282157283317	0.018893303791608	0.00464017099177053	0.000724128876347244	6.85881988513892e-05	1.66529511618901e-06	
1.89880199903673e-05	4.80662921495288e-05	0.00062119261533704	0.00370314089186051	0.0142736707179763	0.0450164492208151	0.106046862470028	0.177103317192416	0.223461990102637	0.20491282269796	0.133691089645048	0.0635492153792395	0.0213886010568016	0.005173382362419	0.000928284853616034	6.29264817072076e-05	
1.01460490556307e-06	7.48962893924736e-06	7.7109972822793e-06	7.42506317252971e-05	0.000606217207392972	0.00325835753581099	0.0139815323090878	0.0417638496751779	0.101637437651837	0.174423441077549	0.220994027611237	0.208046543727175	0.138999156457482	0.0664174944597499	0.0229377080735599	0.00571964145781163	0.000996028412110302	0.000118524300331685	9.57418083613147e-06	
3.24630128697217e-06	1.2708531742749e-05	7.05886080979686e-05	0.000499543055426518	0.00305244545443764	0.0122991657725043	0.0397529513074912	0.096930166544294	0.171124124229531	0.219704764760558	0.209312966998193	0.144183235852993	0.0708011301629033	0.0246518401815627	0.0064821074294427	0.000986488248472343	0.000128431794665836	4.09476639606717e-06	
1.52433734358628e-05	7.36394851974049e-05	0.00046963581684645	0.00260352399915425	0.0111880469860417	0.0374390690790839	0.0936595022504687	0.166445119207138	0.220873866883928	0.210253690787986	0.147085685156038	0.0751543782770146	0.0265363198685682	0.00694267543479744	0.00114255343258034	0.000116516075453594	5.33886267681186e-07	
1.66292708685081e-05	7.82575709246273e-05	0.000425083421811363	0.00223793320014485	0.0101331517570038	0.0345010149318075	0.0888587681395392	0.16607784295024	0.219938125408961	0.213687834327278	0.149927228421831	0.0766564943552607	0.0281533000260272	0.00772437039089805	0.00138135908734562	0.000187792244852495	1.48144952057979e-05	
6.25834948067735e-06	0.000105910529673001	0.000401404610626048	0.00206253350207424	0.00987397202443719	0.0335054626318211	0.0836218068299331	0.159563693055732	0.220587118354091	0.217762047554198	0.154179401698086	0.0792755127263907	0.0293250888528242	0.00806114296347661	0.0013477855533964	0.000282273780570787	3.69390745974891e-05	1.64790859106593e-06	
3.40917436985673e-06	7.24820116026062e-05	0.000323334249610706	0.00195490210741078	0.0089926979190622	0.0314518384083958	0.0800837849068884	0.154355798334885	0.219491465317246	0.219802885984684	0.158436765336819	0.0829000408582137	0.0315673797745394	0.00865767242473747	0.00164398169925553	0.000213777466735908	4.71540694091597e-05	6.29956133560483e-07	
2.38044594057208e-05	0.000378947757812283	0.0018686223192239	0.00822761280298897	0.0302702462753512	0.076968713874837	0.149411121694981	0.213797819311761	0.222648657646743	0.164664471798097	0.0866099638401568	0.0331989716177599	0.00969659024701519	0.00197380954582867	0.000228870536663861	3.17762713745364e-05	
6.21546200623234e-06	0.000235470387543802	0.0014553743343824	0.00718303290677059	0.0284048268689494	0.0757163168253421	0.146925945583704	0.210001575748341	0.222057475701175	0.170261548296227	0.0910499719283624	0.0343771686882457	0.00984691004466655	0.00226560945703508	0.000200623344639038	7.41074316127702e-06	4.52367944832295e-06	
1.38891034534182e-05	9.13708523091451e-06	0.000223051295486401	0.00152925083717167	0.00695836743991972	0.0266296679542862	0.0729504150933786	0.143185574678076	0.20903557551656	0.222455109848864	0.172485142970982	0.0951840992406348	0.0358623623240327	0.0108120157000811	0.00233648846549405	0.000311449842961393	1.84026033867616e-05	
3.91661358440806e-06	0.0001644613369304	0.00141504516283558	0.00688914112690008	0.0262267740032533	0.0717307375160083	0.141865227286278	0.206689171589045	0.221497796467655	0.174254528620891	0.0978107569190941	0.0384897822200717	0.0103190016183994	0.0023152286989915	0.000287861990050308	4.05688300115198e-05	
