# <P(U)> as a function of N_tot.
# number_of_species: 1
# species_total_upper_bound: 462
# species_total_lower_bound: 439
# volume: 729
# Bin widths for each
10	10	10	10	10	10	10	10	10	10	10	10	10	10	10	10	10	10	10	10	10	10	10	10	
# Bin lower bound for each
-2150	-2160	-2160	-2170	-2180	-2190	-2210	-2220	-2220	-2240	-2250	-2260	-2270	-2270	-2290	-2290	-2300	-2310	-2320	-2330	-2330	-2330	-2340	-2350	
# Bin upper bound for each
-1990	-2000	-2010	-2020	-2030	-2040	-2050	-2060	-2070	-2080	-2090	-2100	-2110	-2120	-2120	-2130	-2150	-2150	-2150	-2160	-2180	-2190	-2200	-2210	
# Normalized histogram for each
2.64942825863218e-05	0.000147172508756946	0.000804036856293436	0.00472252509576007	0.0172525840911768	0.0499249214228447	0.111462335368425	0.190099991280312	0.223805161368961	0.192858183415476	0.125927809784298	0.0594350360796798	0.0172771801553462	0.00481343764164698	0.00132943948154566	0.000112802639121337	8.88527769663231e-07	
4.71518341087913e-06	0.000113326994392509	0.000833042834677215	0.00378966607396269	0.0143900487517446	0.0450777631299973	0.103256094293262	0.182892330900515	0.224923231936295	0.197811049268139	0.134127091102546	0.0652137506454924	0.0210328885668834	0.00528389143761715	0.00104112062674868	0.000195517519020074	1.44707352954566e-05	
7.99325489412023e-05	0.000641764160310219	0.00339048942539276	0.0129738795815945	0.0423146787713261	0.0968845435421556	0.17426850713109	0.223477789920559	0.203557512661986	0.139471067029593	0.0704104966287841	0.0245900165768505	0.00644158434292915	0.00131425895060452	0.00017558009206436	7.89863581920269e-06	
8.55136191340523e-05	0.000541697005519885	0.00319369902096666	0.0114937945935458	0.0379725323111902	0.0902346437226026	0.166057190046564	0.221514993997019	0.210263370318077	0.147106184241937	0.0743424837474286	0.0286496789023822	0.00719095195305797	0.00116641573257885	0.000177630766894775	9.22002110138883e-06	
1.68178335468136e-05	0.000431350169648323	0.00248702625767093	0.0103604984403242	0.0347331460668267	0.0847089531309626	0.159817020293421	0.218413330091671	0.213605610563478	0.153535874011695	0.0805192994705486	0.0313488191888713	0.00848742795644827	0.00140242278297232	0.000130977790939398	1.42595097404404e-06	
1.2894544717147e-05	0.0002192072601915	0.00209752660791402	0.00911766116647832	0.0313404219447846	0.0809127220770314	0.152428051170594	0.213760806111493	0.215969259405394	0.161000319297488	0.0868505549148418	0.0343067132527946	0.00976990671993948	0.00196286891943463	0.000233949882978857	1.71367239237654e-05	
3.75286468671086e-07	1.98067858465295e-05	0.00016291602589977	0.00167623786156766	0.00806106995006188	0.0290323280103813	0.0743987076801959	0.146793343919192	0.20972413108673	0.21849257433174	0.167339902792465	0.0933296583058401	0.0378209533277068	0.0108730497613178	0.00198981055539061	0.000272624770241284	1.25095489557029e-05	
3.68516959611127e-06	1.20186781145902e-05	0.000221696452747876	0.00140233266210203	0.00681433922940926	0.0263323374720859	0.0706838560844118	0.14117692088837	0.208133144172461	0.220488512781969	0.172859873352447	0.0987978055485086	0.0387043312217032	0.0116953882363859	0.00239866851472338	0.000245482547413685	2.96069875505758e-05	
3.49075099573254e-05	0.000137118708177695	0.0012197537831851	0.00578376421575905	0.0236176092398923	0.065341208143897	0.132682273393023	0.204013091237056	0.225591582886899	0.178680954023084	0.103381478770018	0.0427564259012552	0.0135139360280954	0.00282302976509799	0.000368537919873201	5.43284747297462e-05	
7.95620769286559e-07	2.02673922281418e-05	0.000116453755757154	0.000863625407671895	0.00512605899218131	0.0203742147851129	0.0606137401864366	0.124250588047498	0.197561640090979	0.228200786542318	0.187812773180579	0.109950142215119	0.0476005668839856	0.0138234921185807	0.00325672705735387	0.000390105425614399	3.80222978164314e-05	
8.50066095779585e-06	9.42191485469984e-06	7.47890663577507e-05	0.00083025913699615	0.00378970353044593	0.0180221549837156	0.0549264973390837	0.119818700583103	0.192018582863606	0.229010486214357	0.193332709672362	0.117290863640353	0.0507223133053853	0.0160877311761029	0.00349645166499054	0.000514520301420875	4.63139459079912e-05	
4.13592890726479e-06	3.16525171474346e-06	8.01863767735011e-05	0.000703318931015998	0.00360593916014815	0.0158762695508103	0.0500463435054395	0.113008180107718	0.186537061847921	0.229600353630362	0.198856263725059	0.123565813897211	0.0558246160190942	0.0174511299906418	0.00418484259709663	0.000619207642116215	3.31718379705115e-05	
9.72016646287835e-06	9.34309103974945e-06	8.74814981659051e-05	0.000723775326061308	0.00333594437115215	0.0143101379995495	0.0468582829895746	0.106567924858421	0.180513337073922	0.231181213063367	0.201635258797756	0.130490301955295	0.0600307844375442	0.0190088748471588	0.00458247192547783	0.000591840825235429	6.33067738164189e-05	
2.42258592899629e-05	5.80745337682733e-05	0.000568970050675939	0.00336292067634885	0.0129310799626398	0.0431362105269378	0.102840629720402	0.174636538251323	0.227258059002207	0.20844862070872	0.134555360520037	0.0636992380671816	0.0220788319590575	0.00541494380993421	0.00090948265128817	7.68137001876871e-05	
2.30622982289137e-06	3.92913229085197e-06	7.00410538804046e-05	0.000638526705223128	0.00291528803593311	0.0128349804156245	0.0395218177669298	0.099380866979269	0.171498808939066	0.223106765756536	0.211851894433269	0.140677115055115	0.0668133571193891	0.0233015055110992	0.00614025148752891	0.00107427601787055	0.000148580991737761	1.9688369413943e-05	
1.39361359631722e-05	2.57282510089334e-05	0.000398702129801771	0.00308417408969589	0.0113900682433282	0.0382753615805516	0.0951549072264997	0.170651243780839	0.220228297062503	0.213569611299299	0.144058523538005	0.0706649998190446	0.0245781124279973	0.00665877152404039	0.001125139297039	0.000119765008446585	2.65858593758978e-06	
1.53892100547011e-05	5.28119966222613e-05	0.000400762464627858	0.00261728024818895	0.0109062774388222	0.0370304688783662	0.0930483080163681	0.167042844975399	0.218642823421932	0.211910108323321	0.14679257355303	0.0759793592541643	0.0266009997499575	0.00746706762631894	0.00139184473890276	0.00010108010392475	
3.55557059097812e-05	9.61816364962406e-05	0.000289623662702004	0.00213329920445834	0.0099824370346852	0.0347366301700003	0.0892287699857372	0.166597899745164	0.218415163093246	0.213359391983621	0.150751144492434	0.0758981418777952	0.0280486622985504	0.0083466588121926	0.00182391278288901	0.000244661228772402	1.18662853461042e-05	
1.45565529186901e-05	0.000199183601328229	0.000368780362848352	0.00179058520917271	0.00962046027734195	0.033002634003944	0.0840960055483723	0.160851158686539	0.220299087205079	0.218374909016161	0.154052688606091	0.0795267122005404	0.0282501348096147	0.00776101137551544	0.00150169362047871	0.000231182177714581	5.53838078504007e-05	3.83293849042431e-06	
1.81372374802212e-06	0.000109557551160289	0.00037172700054701	0.00175153893380422	0.00886591351931976	0.0303591013240658	0.0817661212727383	0.156899757086251	0.220572774823303	0.21735319925107	0.158171436537007	0.083038059826887	0.0307841604395845	0.0081626205440748	0.00157871697095697	0.000184783902804444	2.72490401190943e-05	1.46825255792267e-06	
8.40456090953382e-06	0.000331915505458051	0.00199291534305607	0.00828461274024545	0.0302462476006056	0.0771145185643389	0.151142839262385	0.214074769042666	0.221535950315339	0.166465345107649	0.0850367869786026	0.0323556630879615	0.00914049874302249	0.00194890992414	0.000281229538126709	3.93936854939175e-05	
0.000260185408694635	0.00137589427254214	0.00698498079621519	0.0291155203992238	0.0764308627651613	0.146782032760124	0.211641201801144	0.22402519001416	0.171207466616409	0.0883761111435518	0.0321000704435655	0.00938747758511888	0.0020870791140061	0.000219519424607081	6.40745547598018e-06	
0.000228887614269039	0.00141335764488669	0.00674521515032022	0.0272188425247689	0.0732908680088932	0.142946264659102	0.210860738545452	0.222547308362825	0.173929768729592	0.0938198261805529	0.0345028317511573	0.00998576400633049	0.00223902742907406	0.000256935483822987	1.43639089533857e-05	
9.08208117174258e-05	0.00118121791929562	0.0068258766303062	0.0272708750288368	0.0725094076592555	0.143595619093726	0.207946648394154	0.22096282439335	0.174549347511204	0.0962877024789366	0.0364487033150186	0.00956435357666209	0.00241873042610455	0.000305220242994724	4.265251843753e-05	
