# <P(U)> as a function of N_tot.
# number_of_species: 1
# species_total_upper_bound: 462
# species_total_lower_bound: 439
# volume: 729
# Bin widths for each
10	10	10	10	10	10	10	10	10	10	10	10	10	10	10	10	10	10	10	10	10	10	10	10	
# Bin lower bound for each
-2150	-2170	-2180	-2180	-2190	-2200	-2210	-2220	-2220	-2240	-2250	-2260	-2270	-2270	-2290	-2290	-2300	-2310	-2320	-2330	-2330	-2340	-2350	-2350	
# Bin upper bound for each
-1990	-2000	-2010	-2020	-2030	-2040	-2050	-2060	-2070	-2080	-2090	-2100	-2110	-2120	-2120	-2130	-2140	-2150	-2150	-2160	-2180	-2180	-2200	-2210	
# Normalized histogram for each
1.6983761991329e-05	0.000134445790604803	0.000856741233870093	0.0047439725934306	0.0178618893854703	0.0500262428256284	0.11240244290807	0.186127248862115	0.222016333372387	0.195757085071966	0.126574690927363	0.0590445125411055	0.0186255328439521	0.00463097770424814	0.00110377188636659	7.66535229900899e-05	4.74768441943125e-07	
1.86158919800313e-06	2.87896934109786e-06	0.000111738644652234	0.000811371487311062	0.00386794942573004	0.0151424695859618	0.0458385169212397	0.103683743009949	0.180567658290497	0.223801530520712	0.198946695514661	0.134439317906791	0.0647929583786753	0.0215711215390892	0.00531451246450859	0.000937894613617205	0.000160031731870199	7.74940619633861e-06	
8.04551535037578e-07	1.65259234223935e-06	8.25861278398033e-05	0.00064931657804749	0.00340758017578929	0.0132841243520941	0.0424271989040355	0.0976174337010938	0.171337925496049	0.222485614999085	0.203946921082388	0.140867732314745	0.0706203590287306	0.0253168231530275	0.00665268443077316	0.00115692336274795	0.000139774520735718	4.54462894115821e-06	
2.77761168000146e-06	8.56904138759506e-05	0.000490478106580416	0.00307827174114304	0.0116524965458102	0.0382348964521675	0.0909909061868435	0.164157900094076	0.218884461283527	0.212026319336022	0.147151546099584	0.0753651782940189	0.0289604729236008	0.00761839832237504	0.0011723270966255	0.000120312140564473	7.56735150614572e-06	
1.79199250141844e-06	6.14365824251729e-05	0.000459922618666518	0.00244511845977492	0.0106258075857565	0.0343358373589376	0.0843998601626395	0.158344240520614	0.215489686729181	0.215874788130072	0.155080977928803	0.0809428190236685	0.0315589790527581	0.00874063147426427	0.00149036255371055	0.000146987631844742	7.52194383311444e-07	
6.20321433286346e-07	3.22345601939869e-05	0.00034742431131416	0.00216718154453346	0.00897250644574894	0.0307072845165621	0.0795080824448835	0.152057288279476	0.2127087068693	0.217599453975351	0.162732665676944	0.0866603442620013	0.0344630206343943	0.00978705495066462	0.00198188267067607	0.000257965098899508	1.62834376237666e-05	
1.99036204774109e-07	2.9789085314525e-05	0.000239153057603024	0.00165808216143765	0.00798743347325431	0.0287745093182559	0.0733365703991941	0.145833517626116	0.209214783595454	0.21899946976755	0.169723214061404	0.0937968287959566	0.0373823828720588	0.0105505553729337	0.00210496267142325	0.00035216139164699	1.63873141930683e-05	
1.95509437051682e-06	2.88598589466063e-05	0.000197597833311098	0.00143357294718146	0.00697559897815215	0.0261446772055881	0.0701168157777893	0.139237688709652	0.206808260673621	0.221742404541684	0.174565910730169	0.0993631613342764	0.0391642726943411	0.0117298997136564	0.00213856220360464	0.00030072906135586	5.00326423000441e-05	
2.76612964521991e-05	0.000157096549069379	0.00116264374233937	0.00632895366521094	0.0233995844787361	0.0649669791880507	0.133098357195381	0.202518337032279	0.225653656941525	0.180170349898683	0.103427125411771	0.0428475933891953	0.0131120563354288	0.00263315035864955	0.000439749973976983	5.67045432509223e-05	
4.23158700637313e-07	1.53227992651827e-05	0.00015904085690795	0.000876606655636033	0.00548382495911173	0.0211524562402679	0.061139683974392	0.126021226709456	0.197494913855133	0.226417900129736	0.186776370782522	0.109652713208957	0.0472772721996404	0.0139494488380196	0.0030834460939913	0.00044879320929171	5.05563289708789e-05	
5.59585999104796e-06	8.93999942792921e-06	0.000130466026564194	0.000946725874581082	0.00448426804222863	0.018569136816748	0.0562338671746608	0.120471530794764	0.192728819786979	0.227113885716353	0.192548526082805	0.116157635509713	0.0510525021196828	0.0156559677762291	0.00336922048265786	0.000480552837079836	4.23590995338292e-05	
2.19117702002653e-06	3.86809820882235e-06	8.38907773381586e-05	0.00087980229143902	0.00410966429580568	0.0173251895183661	0.0520444117596357	0.114985837506203	0.187466999588439	0.227495220159741	0.195523957491076	0.122682905762775	0.0554736708728247	0.0172733391152085	0.00400113395646681	0.000593026409205752	5.4891220246583e-05	
5.15000213658494e-06	1.15875048073161e-05	9.8316204581615e-05	0.00079278955304308	0.00392134925616321	0.0154738029713514	0.0485403906121233	0.110065068723116	0.182050932855182	0.226971138344707	0.199792623620862	0.128012004832567	0.0598549897027705	0.0189817757629134	0.00473191963554856	0.000632628926252302	6.35314918745952e-05	
1.79584511489527e-05	5.30945512229906e-05	0.000611167363573551	0.00363278273540094	0.0140095773646952	0.0446658135249758	0.106042244701989	0.177662354883445	0.22404912343573	0.205137089685085	0.132548539351049	0.0636766522198921	0.0216014735478038	0.005330179844184	0.000911709293857639	5.02390459471323e-05	
1.20840431776289e-06	3.49094580687058e-06	7.98441964032964e-05	0.000649584454370765	0.00328885137365361	0.0137342982963961	0.0416568073555123	0.101589364967867	0.174492509347791	0.222201385950241	0.207948145132939	0.138137262646455	0.066171974284261	0.0231383916093775	0.00577809713467196	0.000997000695727597	0.000121467011792907	1.03161924164573e-05	
7.26682242560182e-06	3.68036606539711e-05	0.000520483361302029	0.00311578986156189	0.0119094499368703	0.0395325201706867	0.0968076916162692	0.170898580827591	0.220750257156076	0.21004452840469	0.14376498139291	0.0704501664571884	0.024507481607337	0.0065095971694005	0.00102296736244218	0.000120047906470942	1.38628612426866e-06	
8.01082921298155e-06	5.13674898280878e-05	0.000460276808290168	0.00268536830077392	0.0110636692003276	0.0372701039848029	0.0935979037244264	0.165843712024569	0.220746476735782	0.21035219153192	0.147338875056882	0.0754709145869992	0.0266514263058271	0.00714967622972979	0.0011828357518711	0.000126544324420107	6.471143375389e-07	
1.85161507349496e-05	6.38852142469196e-05	0.000389378470795154	0.00237321324201395	0.0103085073847757	0.0349367855467961	0.0898028816433713	0.165676427119959	0.21977104689732	0.21274277448789	0.149675079755398	0.0764346252917586	0.0281748850436916	0.00791369945725657	0.00148383128820501	0.000216486160413234	1.79768453737375e-05	
7.60221846229792e-06	0.000104339323806509	0.000353165781937876	0.00207945415891507	0.00986938893862819	0.033637814928085	0.0848312890038228	0.160046019062315	0.219914321648424	0.217821822262561	0.153321317029918	0.078811501553754	0.029373915025101	0.00813842227336651	0.00132651964635919	0.000316391737009304	4.47136399498469e-05	2.0017675832678e-06	
4.13181041089125e-06	6.71419191769829e-05	0.000320372495283617	0.00198623312208779	0.00911863611094064	0.031214749790698	0.0809878628742845	0.155846544291874	0.219881117484953	0.218981303490524	0.15752412668517	0.0820278215903127	0.0316394954098393	0.00854296713434494	0.00156613578965869	0.000243103149501678	4.74933642338859e-05	7.63486706360341e-07	
2.08569187148751e-05	0.000371459258014333	0.00189981662489533	0.00812003978899698	0.0303687041733059	0.0773084206885758	0.150504623179103	0.214365707945877	0.222228228636455	0.164299402658744	0.0858365929643049	0.0328900166510348	0.00954646484636919	0.00195100680670359	0.000250171011051568	3.84878478540874e-05	
3.01999018103487e-06	0.00026129576808998	0.00148614605041132	0.00694977460991664	0.0282137253268745	0.0760538116950408	0.148181636154736	0.210706713453716	0.22209807200496	0.169996668462302	0.0897722725330627	0.0340280724519627	0.00977561939276924	0.00224887121760386	0.000209889317581923	8.94894149233126e-06	5.46262929804836e-06	
1.23760267433562e-06	0.000261067864141548	0.00155416375839247	0.00696281894595546	0.0264816695242397	0.0729512852404323	0.143556539911327	0.210374575698421	0.22242064872878	0.172292281706392	0.0942119952827006	0.0355593746402527	0.010693682707979	0.00234863837517266	0.000307853665240985	2.21663478992612e-05	
0.00017492693466865	0.00143871701532892	0.00697990489554169	0.0262765872053317	0.0709614051001641	0.142496301225234	0.208525714215533	0.222029937595649	0.173336472485195	0.0971782723903625	0.037638460063979	0.0102973977205985	0.00231979959724696	0.000297261744295246	4.88418108709984e-05	
