# <N_i^j*N_k^m*U^p> as a function of N_tot.
# number_of_species: 1
# max_order: 2
# species_total_upper_bound: 462
# species_total_lower_bound: 439
# volume: 729
#	N_tot	N_1^0*N_1^0*U^0	N_1^0*N_1^0*U^1	N_1^0*N_1^0*U^2	N_1^0*N_1^1*U^0	N_1^0*N_1^1*U^1	N_1^0*N_1^1*U^2	N_1^0*N_1^2*U^0	N_1^0*N_1^2*U^1	N_1^0*N_1^2*U^2	N_1^1*N_1^0*U^0	N_1^1*N_1^0*U^1	N_1^1*N_1^0*U^2	N_1^1*N_1^1*U^0	N_1^1*N_1^1*U^1	N_1^1*N_1^1*U^2	N_1^1*N_1^2*U^0	N_1^1*N_1^2*U^1	N_1^1*N_1^2*U^2	N_1^2*N_1^0*U^0	N_1^2*N_1^0*U^1	N_1^2*N_1^0*U^2	N_1^2*N_1^1*U^0	N_1^2*N_1^1*U^1	N_1^2*N_1^1*U^2	N_1^2*N_1^2*U^0	N_1^2*N_1^2*U^1	N_1^2*N_1^2*U^2	
439	1	-2069.49755724144	4283134.50744929	439	-908509.427628991	1880296049.13266	192721	-398835638.729127	825449965406.657	439	-908509.427628991	1880296049.13266	192721	-398835638.729127	825449965406.657	84604519	-175088845396.127	362372534806821	192721	-398835638.729127	825449965406.657	84604519	-175088845396.127	362372534806821	37141383851.0261	-76864003131155.4	1.59081542780524e+17	
440	1	-2078.35995513635	4319892.85124717	440	-914478.380259995	1900752854.54875	193600	-402370487.314398	836331255961.051	440	-914478.380259995	1900752854.54875	193600	-402370487.314398	836331255961.051	85184000	-177043014418.335	367985752646982	193600	-402370487.314398	836331255961.051	85184000	-177043014418.335	367985752646982	37480960000	-77898926343569.2	1.61913731160379e+17	
441	1	-2087.4642019356	4357820.72388076	441	-920571.713053602	1921798938.86986	194481	-405972125.456638	847513332213.197	441	-920571.713053602	1921798938.86986	194481	-405972125.456638	847513332213.197	85766121	-179033707325.848	373753379489997	194481	-405972125.456638	847513332213.197	85766121	-179033707325.848	373753379489997	37822859377.5606	-78953864930788	1.64825240365212e+17	
442	1	-2096.52267689731	4395717.79736078	442	-926663.023188611	1942907265.99009	195364	-409585056.249366	858765011782.572	442	-926663.023188611	1942907265.99009	195364	-409585056.249366	858765011782.572	86350888	-181036594862.58	379574135183541	195364	-409585056.249366	858765011782.572	86350888	-181036594862.58	379574135183541	38167092483.6181	-80018174928523.2	1.67771767748866e+17	
443	1	-2105.67870704443	4434194.57917503	443	-932815.667220681	1964348198.93634	196249	-413237340.578762	870206251959.171	443	-932815.667220681	1964348198.93634	196249	-413237340.578762	870206251959.171	86938307	-183064141878.965	385501369625235	196249	-413237340.578762	870206251959.171	86938307	-183064141878.965	385501369625235	38513670012.3754	-81097414848917	1.70777106741831e+17	
444	1	-2114.83607669444	4472842.51795837	444	-938987.218052331	1985942077.97351	197136	-416910324.815235	881758282611.278	444	-938987.218052331	1985942077.97351	197136	-416910324.815235	881758282611.278	87528384	-185108184217.798	391500677509658	197136	-416910324.815235	881758282611.278	87528384	-185108184217.798	391500677509658	38862602496	-82188033793179	1.73826300801023e+17	
445	1	-2124.08598995996	4512051.59346887	445	-945218.265532181	2007862958.72876	198025	-420622128.16182	893499016780.493	445	-945218.265532181	2007862958.72876	198025	-420622128.16182	893499016780.493	88121125	-187176847030.214	397607062474636	198025	-420622128.16182	893499016780.493	88121125	-187176847030.214	397607062474636	39213900625.8223	-83293696929363.5	1.76935142799689e+17	
446	1	-2133.46540461796	4551983.18009203	446	-951525.570459609	2030184498.77859	198916	-424380404.424986	905462286260.222	446	-951525.570459609	2030184498.77859	198916	-424380404.424986	905462286260.222	88716536	-189273660372.433	403836179672178	198916	-424380404.424986	905462286260.222	88716536	-189273660372.433	403836179672178	39567575043.5564	-84416052526689.9	1.80110936133265e+17	
447	1	-2142.52193428694	4590704.54138044	447	-957707.304626262	2052044930.36287	199809	-428095165.167939	917264083733.749	447	-957707.304626262	2052044930.36287	199809	-428095165.167939	917264083733.749	89314623	-191358538829.717	410017045419678	199809	-428095165.167939	917264083733.749	89314623	-191358538829.717	410017045419678	39923636480.0138	-85537266856718	1.8327761930406e+17	
448	1	-2151.5622071669	4629520.62241985	448	-963899.868810771	2074025238.84409	200704	-431827141.227225	929163307002.153	448	-963899.868810771	2074025238.84409	200704	-431827141.227225	929163307002.153	89915392	-193458559269.797	416265161622287	200704	-431827141.227225	929163307002.153	89915392	-193458559269.797	416265161622287	40282095616	-86669434552869	1.86486792360513e+17	
449	1	-2160.82060073832	4669444.67086091	449	-970208.449731508	2096580656.84751	201601	-435623593.929447	941364715128.452	449	-970208.449731508	2096580656.84751	201601	-435623593.929447	941364715128.452	90518849	-195594993670.835	422672757052814	201601	-435623593.929447	941364715128.452	90518849	-195594993670.835	422672757052814	40642963200.0136	-87822152158966.3	1.89780067924742e+17	
450	1	-2169.91120076657	4708812.34644729	450	-976460.040344957	2118965555.42417	202500	-439407018.155231	953534500163.483	450	-976460.040344957	2118965555.42417	202500	-439407018.155231	953534500163.483	91125000	-197733158170.633	429090525045532	202500	-439407018.155231	953534500163.483	91125000	-197733158170.633	429090525045532	41006249987.4568	-88979921177275.2	1.93090736290208e+17	
451	1	-2179.10585828884	4748801.72987903	451	-982776.742088267	2141709580.54657	203401	-443232310.681808	965911020639.292	451	-982776.742088267	2141709580.54657	203401	-443232310.681808	965911020639.292	91733851	-199897772117.366	435625870272860	203401	-443232310.681808	965911020639.292	91733851	-199897772117.366	435625870272860	41371966803.7235	-90153895225409.8	1.96467267515871e+17	
452	1	-2188.42542888979	4789507.66147025	452	-989168.293858186	2164857462.98455	204304	-447104068.8239	978515573272.442	452	-989168.293858186	2164857462.98455	204304	-447104068.8239	978515573272.442	92345408	-202091039108.203	442289039117312	204304	-447104068.8239	978515573272.442	92345408	-202091039108.203	442289039117312	41740124416	-91345149677532	1.99914645690342e+17	
453	1	-2197.90252199565	4831075.91335665	453	-995649.842464029	2188477388.37863	205209	-451029378.636205	991380257117.271	453	-995649.842464029	2188477388.37863	205209	-451029378.636205	991380257117.271	92959677	-204316308523.228	449095256447998	205209	-451029378.636205	991380257117.271	92959677	-204316308523.228	449095256447998	42110733692.5992	-92555287761450.9	2.03440151182792e+17	
454	1	-2207.41151577881	4872965.28422923	454	-1002164.82816358	2212326239.52713	206116	-454982831.986265	1004396112527.05	454	-1002164.82816358	2212326239.52713	206116	-454982831.986265	1004396112527.05	93576664	-206562205723.336	455995835082709	206116	-454982831.986265	1004396112527.05	93576664	-206562205723.336	455995835082709	42483805443.4229	-93779241394622.1	2.0702210912436e+17	
455	1	-2217.04389723002	4915589.57955541	455	-1008754.97323966	2236593259.07052	207025	-458983512.824045	1017649932707.07	455	-1008754.97323966	2236593259.07052	207025	-458983512.824045	1017649932707.07	94196375	-208837498333.879	463030719380395	207025	-458983512.824045	1017649932707.07	94196375	-208837498333.879	463030719380395	42859350642.5327	-95021061742779.6	2.10678977317883e+17	
456	1	-2226.69548344176	4958479.31690945	456	-1015373.14044944	2261066568.51071	207936	-463010152.044945	1031046355193.05	456	-1015373.14044944	2261066568.51071	207936	-463010152.044945	1031046355193.05	94818816	-211132629332.495	470157137990430	207936	-463010152.044945	1031046355193.05	94818816	-211132629332.495	470157137990430	43237380096	-96276478975704.6	2.14391654918486e+17	
457	1	-2236.32654608432	5001456.29676063	457	-1022001.23156054	2285665527.23055	208849	-467054562.823165	1044549146097.74	457	-1022001.23156054	2285665527.23055	208849	-467054562.823165	1044549146097.74	95443993	-213443935209.163	477358959801189	208849	-467054562.823165	1044549146097.74	95443993	-213443935209.163	477358959801189	43617904807.7305	-97543878391759.6	2.18153044615151e+17	
458	1	-2245.82426668133	5044027.05639678	458	-1028587.51414005	2310164391.31645	209764	-471093081.476143	1058055291495.46	458	-1028587.51414005	2310164391.31645	209764	-471093081.476143	1058055291495.46	96071912	-215760631316.689	484589323481684	209764	-471093081.476143	1058055291495.46	96071912	-215760631316.689	484589323481684	44000935683.275	-98818369134547.2	2.21941910154236e+17	
459	1	-2255.19606237291	5086211.35778377	459	-1035134.99262917	2334571013.56444	210681	-475126961.616788	1071568095106.97	459	-1035134.99262917	2334571013.56444	210681	-475126961.616788	1071568095106.97	96702579	-218083275380.307	491849755632693	210681	-475126961.616788	1071568095106.97	96702579	-218083275380.307	491849755632693	44386483760.6508	-100100223396528	2.25759037841286e+17	
460	1	-2264.65113941666	5128940.5037315	460	-1041739.52413166	2359312631.82582	211600	-479200181.100566	1085283810583.58	460	-1041739.52413166	2359312631.82582	211600	-479200181.100566	1085283810583.58	97336000	-220432083306.539	499230552874222	211600	-479200181.100566	1085283810583.58	97336000	-220432083306.539	499230552874222	44774560000	-101398758320969	2.29646054322625e+17	
461	1	-2274.13395068488	5171979.20481486	461	-1048375.75126573	2384282413.10667	212521	-483301221.333501	1099154192604.74	461	-1048375.75126573	2384282413.10667	212521	-483301221.333501	1099154192604.74	97972181	-222801863038.85	506710082792947	212521	-483301221.333501	1099154192604.74	97972181	-222801863038.85	506710082792947	45165175433.4236	-102711658859820	2.3359334815951e+17	
462	1	-2283.82529644495	5216156.18418899	462	-1055127.28695757	2409864157.63978	213444	-487468806.574396	1113357240624.74	462	-1055127.28695757	2409864157.63978	213444	-487468806.574396	1113357240624.74	98611128	-225210588636.434	514371045150210	213444	-487468806.574396	1113357240624.74	98611128	-225210588636.434	514371045150210	45558341123.0826	-104047291950055	2.37639422869068e+17	
