# <P(U)> as a function of N_tot.
# number_of_species: 1
# species_total_upper_bound: 303
# species_total_lower_bound: 272
# volume: 729
# Bin widths for each
10	10	10	10	10	10	10	10	10	10	10	10	10	10	10	10	10	10	10	10	10	10	10	10	10	10	10	10	10	10	10	10	
# Bin lower bound for each
-1290	-1290	-1300	-1300	-1300	-1310	-1310	-1320	-1320	-1320	-1330	-1340	-1340	-1340	-1350	-1360	-1360	-1370	-1370	-1370	-1380	-1380	-1390	-1400	-1400	-1400	-1410	-1410	-1410	-1420	-1420	-1420	
# Bin upper bound for each
-1050	-1050	-1050	-1050	-1060	-1060	-1070	-1070	-1070	-1080	-1080	-1080	-1090	-1090	-1100	-1100	-1110	-1110	-1130	-1140	-1140	-1140	-1150	-1160	-1160	-1170	-1170	-1170	-1180	-1200	-1200	-1200	
# Normalized histogram for each
0.000138393767337835	5.18976627516882e-05	0.000191527088726468	0.00127211056673483	0.00369461932446542	0.00983028228621561	0.0235170551783364	0.0330285375362202	0.0491711819692692	0.0701125067188938	0.0979982330081492	0.116383597867253	0.123945210896038	0.114533199058428	0.10071606418011	0.0841909833989262	0.062443391388695	0.040689621085279	0.0280951704282175	0.0179108719425172	0.00979630167369962	0.00686593721618466	0.00316328611057909	0.00171632984671655	0.000543689800255781	
0.000215664850607031	0.000229959638975797	0.000783105797593255	0.00226665622525603	0.00692116362063372	0.0148541496527609	0.0287263094958415	0.0422336414792496	0.0614327852835775	0.0859626421243796	0.110609343322283	0.123025299289363	0.12085249145731	0.106773367939151	0.0894157657842432	0.0725510230717884	0.0491361597237501	0.0336126410678083	0.0218965082182603	0.0122500121194945	0.00754516220855723	0.00515793255097335	0.00220699102162988	0.00129647515379328	4.47489027196146e-05	
7.5255916002161e-05	0.000213531013697189	0.000412377946223224	0.00147636199441638	0.0043238500681892	0.011230262912355	0.0205240626202642	0.0367340645597865	0.0535920015809861	0.0727785891412443	0.0989749899505819	0.116048905332341	0.123254506330369	0.116622196334731	0.100008993999717	0.0807985448075559	0.0623486086527172	0.0405048142371956	0.0244428767828157	0.0156752566502062	0.00917816256868632	0.0054251561560257	0.00302736806811945	0.00184224035026428	0.000485798352078991	1.22367343092945e-06	
0.000120339969394133	0.000223916161957243	0.000755567370026846	0.00309231811900845	0.00766942790019326	0.0157735165853624	0.0288941654872152	0.0457938486518331	0.0649674184023163	0.0871860084728918	0.108326328469443	0.119928059449142	0.118071471165106	0.11101332241293	0.0905525340843505	0.0717789001525504	0.0489951313202432	0.0323121798417978	0.0186682616202909	0.0112287369452088	0.00700007423958311	0.00427296697296482	0.00207810962073152	0.00113095622977869	0.000159854586210117	6.58576946933067e-06	
0.000113577314667422	0.000460194093626547	0.00161479871216272	0.00497327402204341	0.0112647510744237	0.0221770005349315	0.0404705984818303	0.0559288829465133	0.0774809140090262	0.0991747695939993	0.113819769867644	0.120858620959546	0.115619940880948	0.100062202705494	0.0814684781757953	0.0584146372322915	0.0399280166988077	0.0239936490861146	0.0142207036732551	0.00853065675346602	0.00464666568193762	0.0024763385498472	0.00156360064803803	0.000732661952129222	5.2963514611751e-06	
5.81963439892779e-06	0.000143744969653516	0.000784486716975466	0.0033608388653808	0.00750383659397749	0.0173227237518485	0.0310233070538043	0.051177864904171	0.0691826498075738	0.0880382652600998	0.10556933192343	0.11805419359945	0.117767285623583	0.107617261268413	0.0898481715581664	0.0698443422387319	0.0500820277468529	0.0318572606631706	0.0175869351535598	0.0105486693114965	0.00630615583467815	0.00312630759910401	0.00176276725943523	0.00109118144979896	0.000392825321927626	1.74589031967834e-06	
8.3421244262617e-05	0.000272277672246042	0.00165915585811205	0.00548147092508946	0.0114356622343338	0.0242778993372066	0.0396279875957244	0.0601583033972722	0.0803387134242741	0.0995812137675177	0.113104724365202	0.118512622387365	0.111563748603129	0.0989219542121646	0.0813119612740046	0.0580420686383046	0.0415785384945594	0.0235954672140027	0.0134852758607306	0.00829346203377518	0.00472488658476323	0.00207857933621021	0.00127854643116386	0.000517327577267479	7.47315313185944e-05	
3.92570941321613e-05	0.000101029286369533	0.000531702701407655	0.0031717422817955	0.00843334751592077	0.0179347189163195	0.0324829361535322	0.0536465510622219	0.0703406303419235	0.0886402093095889	0.108299353816684	0.115464928116219	0.11609939203462	0.106952489101827	0.0889611937851402	0.0693222551353186	0.048164990638915	0.0307423458769371	0.0184779678218836	0.0104008207041914	0.0057482777393225	0.00307302223625727	0.00164129292084904	0.000801306568462352	0.000497064088938101	3.11747512225987e-05	
7.18398776736262e-05	0.000226032785851165	0.00142686846468836	0.00562512082824954	0.0119575432163589	0.0237258496817727	0.0431132716289137	0.0640245166724002	0.0792393850740097	0.0983225096531185	0.112894907603988	0.118274137468818	0.115308260242585	0.0978324799184179	0.079001671007236	0.0582440348078809	0.0396415949387346	0.0234028622642645	0.0126187037165747	0.00725465951694399	0.004041139135153	0.00218498359656126	0.00095961722778673	0.00046608310880938	0.00014017537107049	1.75219213838113e-06	
0.000153288118232711	0.000545024420382974	0.0035109439494067	0.0087297876988928	0.0170331877585636	0.0330197876754004	0.0545265217810082	0.0734367548494253	0.0878405521661197	0.105230237578964	0.114691227221151	0.118893435979599	0.108343572118242	0.0895660712901339	0.0696985216212597	0.0492095971282851	0.029720862924009	0.0166808012798677	0.00907982493439738	0.00480948812340105	0.00300115817689331	0.0014195301983466	0.000444594273954646	0.000253130953863213	0.000162097780200109	
3.97101161520897e-05	0.000298409843437027	0.00141730076325179	0.00562423718618789	0.0129525055331375	0.0232969907907569	0.0446890639508062	0.062943453962544	0.0822087000192711	0.0979882154390596	0.110006949270327	0.118277748903592	0.111439433313284	0.10123977318516	0.0813198941842199	0.060124619688042	0.0366471814577116	0.0229302561886464	0.0126184733796229	0.00722957702886575	0.0036118686529511	0.00198550580760449	0.000551269847758422	0.000353887211590682	0.000175775661202633	2.9198614817713e-05	
5.81116615576831e-07	8.251855941191e-05	0.000898406287681781	0.00282074005200994	0.00907181148576991	0.0172696235817123	0.0331358505368065	0.054401231967225	0.0743370185812038	0.0915177313207328	0.103582874493339	0.116641727078581	0.1167207589383	0.105712085772812	0.0928258248223962	0.0695497799020818	0.0482530181744222	0.0293190766056978	0.0166327197710401	0.00888062411924513	0.00449784260456467	0.00220417532288292	0.000984992663402728	0.000532883936483954	4.53270960149928e-05	1.68523818517281e-05	6.39228277134514e-05	
4.67483867423913e-06	0.000217964353186399	0.00194239546914636	0.00543566866847154	0.0144399923098904	0.0232146645014372	0.0406173358211267	0.0632885503266836	0.0846963896805274	0.102204244870387	0.111045533513042	0.11655307782613	0.116330438634269	0.099287145537662	0.0808893179351939	0.0573970848874737	0.0378381442292915	0.0208836730674947	0.0124596137765158	0.00601067382540296	0.00306260368646091	0.00139134886042042	0.000524166286349062	0.000209199030672201	6.4279031770788e-06	4.96701609137907e-05	
0.000138727024769653	0.000556627855584021	0.00328588142966798	0.00910381768746636	0.0161771761942132	0.0315609713872645	0.0518283018035086	0.0754755270050498	0.094202528844616	0.11057059801093	0.115188144227953	0.115987831002968	0.108724726028457	0.090576135626877	0.069145676560808	0.0479915250399413	0.0279592280127698	0.0156417586688626	0.00861196732691941	0.00377601203370952	0.00234804088205165	0.000763571888401561	0.000294651614593395	7.85355470803407e-05	5.7325216846964e-07	1.14650433693928e-05	
5.11502483948018e-05	0.000262073182786849	0.00170922290703529	0.00563342398613311	0.0119685834024915	0.0210147059837745	0.0417771090569274	0.0665798070313775	0.0856352860850634	0.102300496789604	0.114204711340182	0.11606968387997	0.112375946279595	0.101536116673142	0.0785891956882065	0.0577492051596233	0.0396322469556981	0.0207376900317936	0.011784097675135	0.00553457182069597	0.00263509987517041	0.00146956387803942	0.0005046058212431	0.000183336283572379	5.74721892076424e-05	4.59777513661139e-06	
4.59609411438941e-05	0.000248529533592909	0.000937376231724852	0.00276616775403066	0.00934993071813687	0.015511533926551	0.030574239403166	0.0516039233621166	0.0821741908320973	0.0943362502454087	0.107981542993907	0.114773548740727	0.113029302653365	0.104718316172691	0.0903387832039429	0.0686134435185427	0.0486079509023665	0.0308590837544528	0.0172387574431191	0.00896975997040342	0.00415691178790331	0.00188950535813787	0.000865881434389905	0.000204270849528418	0.000137882823431682	5.44722265409115e-05	1.24832185822922e-05	
2.89922300823379e-05	0.000395297906314954	0.00173228574741969	0.0054655929134069	0.0124114621896716	0.0223959401957199	0.0398799275640282	0.067637757696322	0.0903877376247781	0.10279919981445	0.112422390030241	0.113571485918697	0.111171821336497	0.095752415275783	0.08117768668766	0.0585414455079885	0.0383110018822648	0.0226875351252018	0.0123512475579622	0.00571704475508256	0.00323542136861167	0.000994656508978671	0.000617199975022079	0.000250894298789463	4.12581735787117e-05	2.23017154479523e-05	
2.54376379715364e-05	0.000180828426449835	0.00102690638506833	0.00284348553151392	0.00861727635892286	0.0178555628796291	0.0304798202111988	0.0500651424728923	0.0814811783598696	0.0970971231137438	0.109236406347465	0.113092973460802	0.115296647098119	0.105014864428449	0.0895050941634999	0.0700414301703658	0.0464369611091695	0.030383046588481	0.0169619275978464	0.00868750635940949	0.00312385254133063	0.00145215733289684	0.00039760134133771	0.000452347562189495	0.000179722442190203	4.36863782554647e-05	2.10137009330083e-05	
1.41623693861866e-05	0.000622599546477356	0.00174741849964948	0.0052673119986317	0.0122046941718037	0.0231249703815833	0.0385804730340316	0.0661398991530358	0.0929138584776216	0.105713372163645	0.113059284222957	0.114604616605596	0.110063398391264	0.0949586867343809	0.0787340584829597	0.0592880359026958	0.0372524785508192	0.0228961936453449	0.0128844879023407	0.00585232679558417	0.00253724294618681	0.000944521096755673	0.000411798125229117	0.000145981345980692	3.81294560397331e-05	
0.000153931524153525	0.00115018065425204	0.00350544061822345	0.00806364368835002	0.0165476388465039	0.0312394878493667	0.0509346496093315	0.0815175064815398	0.102658332835478	0.11314397602974	0.112237609992416	0.111220908422046	0.103971594789795	0.0872361164260545	0.0689532494890927	0.0484297638981059	0.0281269493732134	0.0159679736314223	0.00873265377409419	0.00365560458759	0.00145804370255908	0.000875149154802906	0.000199680403709642	1.99142181597217e-05	
5.85702678152119e-06	0.000551625431423268	0.00215485339861966	0.00522127314723607	0.0114877593464836	0.0226113181185526	0.0378188219282823	0.0634608851777821	0.0916704559855086	0.112072610093468	0.115864768706012	0.114389330414049	0.110784596658513	0.0969455072877387	0.0786050266068753	0.0567359535186355	0.0377639788593281	0.0199090989443508	0.0120995524166625	0.00591612950631654	0.00245941879125876	0.000899319839453571	0.000384433939659845	0.000145360755577753	4.20641014309249e-05	
7.70036508169244e-05	0.00148574852295394	0.00304058936273677	0.00637706261662625	0.0157651789491006	0.0278315455476595	0.0488472131534894	0.0756924790639732	0.105394263966405	0.117928981537056	0.116076674539323	0.11590209776932	0.104129505372851	0.0880542021314189	0.0682357830691124	0.0456615826676385	0.0292518937096456	0.015331637846556	0.00859751035593619	0.00351579682428505	0.00182171650631272	0.000712020058923616	0.000218352818069909	4.85228484599797e-05	2.63711132934672e-06	
2.3966659250896e-05	0.000492879557637992	0.00194234142798566	0.00420562768420071	0.0102691924746774	0.0218034077463369	0.0371420696669103	0.0606054290735375	0.0912942152299783	0.112073829814837	0.117402243383509	0.115768863454127	0.110963027259991	0.0985196419797919	0.0808567351262131	0.0573912916622598	0.0370086899980358	0.0215257071076254	0.011508685569414	0.00551806278535304	0.00207259501087096	0.00113997935741218	0.000251128907802867	0.000206842689621863	1.35463726200717e-05	
2.12184898955999e-05	0.000169747919164799	0.000883931237602062	0.00300785032373723	0.0061807908493451	0.0160680896165508	0.0281626288570428	0.0460436055493079	0.0738092933880598	0.102354372587367	0.119002606769112	0.119589479148176	0.116998235760194	0.105822819399082	0.0892066717142521	0.0696665126169799	0.0460456756458831	0.0288876801824997	0.0150982493710788	0.00719565569532733	0.00336597703124345	0.00145993560964603	0.000642247462449742	0.000294988761963217	2.1736014039395e-05	
5.24031786419171e-05	0.000477854728011938	0.00192957842939891	0.00414867144971059	0.0104437978503282	0.0232908781112442	0.0351059789432614	0.0549761228289	0.0852864326613966	0.114221288765381	0.120925782571429	0.120145442168682	0.114233222162498	0.0998135276989712	0.0806822167478484	0.0587418878841776	0.0353176670312406	0.0210510313568169	0.0102730983872273	0.00541464923076285	0.00202556444968361	0.000960379046199887	0.000222583798389925	0.000244375219211317	1.55653005867081e-05	
9.25798305997145e-05	0.000746879981692078	0.00287933675393269	0.00727427815037981	0.0148621834797014	0.0295272447358224	0.0436820767008293	0.0696959688765334	0.100970267831369	0.119117474963137	0.124930760168828	0.118351870970762	0.107408726949313	0.0899860350086989	0.0686557460608062	0.0467143262086739	0.0265574085969215	0.0139249427227312	0.00834622776198662	0.00402046118278535	0.00150520241435716	0.000439494139644712	0.00018671999542302	0.000123786515071528	
7.3324457582325e-06	0.000469800274652468	0.00200018645362071	0.00520341775771714	0.010592765390018	0.022169649750016	0.036843444950616	0.053435722209245	0.0798356694156355	0.111236868375266	0.125736256116045	0.125527281411936	0.11763966476058	0.0975927580575723	0.0796942579617267	0.0580499255756756	0.0361709549253609	0.0184908569638856	0.0100166446518712	0.00562031967368521	0.00237833115629527	0.000888273428997309	0.00023463826426344	8.27518878429097e-05	8.22281417173216e-05	
0.000144954060512585	0.000757098186562133	0.00328545156579063	0.00784941880200162	0.0160554871629623	0.0276596332662269	0.0490320145120914	0.0647605729126746	0.0971030566014321	0.123226072542729	0.129360027822837	0.121321334474195	0.108184742385871	0.0871919530682551	0.0658883989302599	0.0454003417370189	0.0263628679838715	0.0137054585632133	0.00674609940615763	0.00358683087146068	0.00155486693686521	0.000623093893210571	0.000160596585028331	3.07636315476349e-05	8.86409722558971e-06	
0.000201943495789163	0.00197105266202547	0.0050307069810394	0.0104710857933803	0.0222732106176	0.0368736201842524	0.058000906642153	0.0800611299790378	0.11049727534049	0.130275116459342	0.127079781354094	0.116753316553792	0.0975723657154637	0.0775978400460263	0.0533651464458471	0.0340358933527984	0.0199939837666879	0.00912269224337136	0.00468887554285462	0.0026626039561993	0.00109438649671158	0.000319743868332841	4.68046123053007e-05	1.05178904056856e-05	
2.6176420699057e-06	0.000833457235057975	0.00357098731176536	0.00753880916132842	0.0146813073132731	0.028202475661164	0.0491498945613774	0.0676121240804223	0.0953853064421218	0.120209453247866	0.131578919814294	0.128097979389733	0.110025778539104	0.0866858347869972	0.0649604526636079	0.0406833930504744	0.0261643795455355	0.0125128526225632	0.00600748855043359	0.00337099945762456	0.00184229648879963	0.000707810415702502	0.000175382018683682	
0.000152355607477128	0.00181034310061058	0.00546529613396328	0.0121779049575144	0.0214969017511933	0.0369496614964167	0.0572419523026784	0.0844176589111161	0.10814770375322	0.12846055465876	0.133078142083993	0.120136877542994	0.098052167825237	0.0736399494326994	0.0506964601835226	0.0318966217120975	0.0183986529444698	0.00916453245807058	0.00441778543480393	0.00282147823950723	0.00105067379135611	0.000226161092068125	0.000100164586230638	
0.000350573971640803	0.00366504308650013	0.00862102953665629	0.0162558699828762	0.0313912885031983	0.047907158635255	0.06542733262224	0.0965762029535591	0.118838182939941	0.132725281071883	0.131153558858599	0.110664161856486	0.0884735753536908	0.0584888450345832	0.0426773195689538	0.0234623495275776	0.012930745124198	0.00572586394106947	0.0026719277625815	0.00137618931420698	0.000451270750729119	0.000148647626273228	1.75819773011345e-05	
