# <P(U)> as a function of N_tot.
# number_of_species: 1
# species_total_upper_bound: 303
# species_total_lower_bound: 272
# volume: 729
# Bin widths for each
10	10	10	10	10	10	10	10	10	10	10	10	10	10	10	10	10	10	10	10	10	10	10	10	10	10	10	10	10	10	10	10	
# Bin lower bound for each
-1290	-1290	-1300	-1300	-1300	-1310	-1310	-1320	-1320	-1330	-1340	-1340	-1350	-1350	-1350	-1360	-1360	-1370	-1380	-1380	-1390	-1390	-1400	-1400	-1410	-1410	-1410	-1420	-1420	-1430	-1430	-1430	
# Bin upper bound for each
-1010	-1000	-1010	-1010	-1010	-1010	-1020	-1030	-1030	-1030	-1060	-1070	-1080	-1090	-1100	-1100	-1110	-1110	-1130	-1130	-1140	-1140	-1150	-1160	-1160	-1170	-1170	-1170	-1180	-1180	-1190	-1200	
# Normalized histogram for each
7.71528929234953e-05	3.23766604232525e-05	0.000253846795020607	0.00118794789148721	0.00400816167388712	0.00862011362141213	0.0202980994900332	0.035392167465865	0.0527532905364399	0.0747776860056363	0.102568571355749	0.116336573984458	0.123395374821842	0.119792610268361	0.103922191307487	0.0794037596880268	0.0582091022503157	0.0393042324561555	0.025980203394314	0.0155921174542576	0.00860358085864281	0.00554260871841467	0.00216096986697326	0.00117279285894867	0.000318255683309418	2.16992511347331e-05	3.82320139040535e-05	0.000216992511347331	1.92882232308738e-05	
0.00011918030056104	0.000186154821049233	0.000641238101289517	0.00231354035901778	0.00631758630697342	0.0138760902679153	0.0267259248065037	0.0445167616617237	0.0654289546307729	0.0887354008425051	0.113213042515082	0.122793146617529	0.122808945735183	0.111017995538467	0.090191667339274	0.0676078590306554	0.0468203417074381	0.0325582034342473	0.0200648794201037	0.0112015744164201	0.00648313358325706	0.00360082498870878	0.00153423170779875	0.000778965192139596	6.56006841704862e-05	2.09510038450244e-05	0.000155586962980263	0.000215348842800497	1.37383631770652e-06	5.49534527082607e-06	
4.1482454776536e-05	0.000117702249731797	0.000462377605679926	0.00121479513906571	0.00438533625576665	0.0102387467037468	0.0196023147884277	0.036035437483074	0.0569098808846488	0.075352035962253	0.100481634907857	0.117114075738868	0.123272365366669	0.120903818375648	0.10275136597002	0.0786419656073352	0.0587179088525919	0.0383402431411459	0.0242163104290601	0.0146001378026912	0.00804759622664799	0.00452091305918265	0.00201139317306716	0.001272465868877	0.000300494855332468	5.29491495928143e-05	2.86667370406956e-05	0.000197969113445745	0.0001568239143991	1.07921833564972e-05	
6.6900051323323e-05	0.000189383727377964	0.000707942334152776	0.00282178425432404	0.00702317404464397	0.014559581318843	0.0274366762723158	0.0459979457357375	0.0688398199756231	0.0897113046441949	0.10887700442206	0.121494487236069	0.120182780259625	0.112331177221231	0.0912649834480619	0.0683928211252389	0.0483011713832867	0.0311198402919372	0.0183133065866262	0.0103748333323348	0.00608357780143133	0.0032787681869953	0.00139058912651166	0.00084041109249448	0.000120153823520993	4.5598542444255e-05	6.6900051323323e-05	0.000127476217198173	2.23000171077743e-05	1.73074759642428e-05	
6.3610707715028e-05	0.000475112966386987	0.0014896053873679	0.00452849218686727	0.0104669124313357	0.0201550855285312	0.0387146571202515	0.0586015284275925	0.0807501866515225	0.100798707850119	0.115424908051378	0.121128886769989	0.116820736828403	0.101039707180895	0.0801137516841263	0.0565259831707052	0.0393865042342107	0.024204857956306	0.0133762825836833	0.00789395767133659	0.00427372146576121	0.00195947210981962	0.00103875629918149	0.000481342881060108	1.83618537734101e-05	6.52501589447967e-05	6.85290614043342e-05	7.67263175531781e-05	5.27903295985541e-05	5.57413418121379e-06	
3.27068767189508e-06	0.000131808713177372	0.000723803181790381	0.00302276954636543	0.00742707756533935	0.0156741165300228	0.0289570333031231	0.0499878821021756	0.0715407326536626	0.0909503015737568	0.107677906602897	0.119541999063929	0.11941509638226	0.108690184437348	0.0891802054057272	0.0674046210237841	0.0495077451519414	0.0315241960567935	0.0176424163709692	0.0101888462354875	0.00555559007948098	0.00275097540083095	0.00136976399698966	0.000710066293568422	0.000280625002248598	2.97632578142452e-05	4.3173077269015e-05	1.34098194547698e-05	2.91091202798662e-05	2.22406761688865e-05	3.27068767189508e-06	
8.8317767326842e-05	0.000237353999690888	0.00145432088182693	0.00503995729576192	0.0114485152874159	0.0222349720175545	0.0383266640431095	0.0617234043382207	0.0828933679850691	0.102265805308677	0.114081553665382	0.118703949752386	0.114474437850917	0.0980090188025929	0.0788966643158555	0.0566879928098947	0.0411028291557731	0.0233688162951476	0.0135548290986263	0.00790541426877434	0.00428958097115776	0.00178875948604255	0.000921167301125922	0.000338984371651555	5.45492092312848e-05	2.56511162456637e-05	4.09119069234636e-05	4.5457674359404e-06	1.55854883517956e-05	2.20794418317105e-05	
3.17317231750374e-05	0.000147649650692011	0.000511593087924072	0.00296432577211701	0.00789083769158837	0.0166653067356735	0.0303342321829612	0.0521488204865186	0.0725578229706592	0.0918889182461294	0.109219619789198	0.118533851920352	0.116968636105779	0.10800701465358	0.0874176594162917	0.0681730168968188	0.0472608399451883	0.0303500980445487	0.0179449370416709	0.0104559265792684	0.00535100466521089	0.00281635232833138	0.00135636926918604	0.000548829293690697	0.00034095412758484	3.2379309362283e-05	4.9540343324293e-05	1.716103396201e-05	0	1.45706892130274e-05	
0.000163270584093984	0.000367358814211463	0.00144788353974545	0.00509273605905954	0.0121087995987462	0.0227148567414914	0.0410406736413683	0.0631981246087629	0.0826870811497253	0.100330100466921	0.114009563084652	0.120102821283039	0.114921919108569	0.0979120631164893	0.0772446194995365	0.056638565622203	0.03944192808192	0.0235073721566836	0.012933642589589	0.00733378809633356	0.00363505628426845	0.00184397797675745	0.000713492452490709	0.000331112744542599	0.000146290443348209	8.94722800835031e-05	2.71029169596013e-05	5.87774102738342e-06	0	1.0449317382015e-05	
4.97735790131168e-05	0.000350366958151156	0.000813293774724131	0.00320795596502186	0.00806559702269415	0.0165088876743702	0.0316371278367687	0.0531864850093691	0.0749281048303144	0.0924682490110348	0.107302076826983	0.115611336664585	0.119612742036227	0.107495315427858	0.088322402665001	0.0672356469914637	0.0480591557359983	0.0299623932958568	0.0172499609618988	0.00906790027066417	0.00455184259837601	0.00249388403081407	0.00109762127836769	0.000284652821153446	0.000201371538621695	0.000129476368936082	8.36066000416406e-05	1.04101603164689e-05	4.22912762856548e-06	0	8.13293774724131e-06	
5.17264176837104e-06	0.000166817697029966	0.000647226801267427	0.00179813959472998	0.00573258023979721	0.0122009687711452	0.0224599338483776	0.0435184050676371	0.0624657918651803	0.0860724357355836	0.100711981810405	0.110571683601141	0.117808532725203	0.11388282091312	0.0994944712541749	0.0788210385565485	0.0579348809661978	0.0367247866851028	0.0232112600652335	0.012651958475325	0.00706453549515275	0.00346211379359284	0.00166462077908391	0.00043579506898526	0.000239557971897684	0.000184598653108742	2.58632088418552e-05	3.3945461604935e-05	8.08225276307975e-06	
3.5193400533532e-05	0.000212440163220593	0.00144132972185056	0.00326562762950692	0.00872156453221892	0.0170556817185641	0.0314385846366089	0.0526566858182754	0.0742238415452334	0.0949041235787465	0.105547887660106	0.116350022043866	0.116392254124507	0.107995108757206	0.0914929232470327	0.0677095431064767	0.0470695735135747	0.0295976498487004	0.0170396847183216	0.00872636363229167	0.00454538764890808	0.00219414855326329	0.000882394533377101	0.000334657245073404	8.44641612804767e-05	2.01562203055683e-05	6.17484209361061e-05	9.59820014550871e-07	
1.05695108686601e-05	7.59083053294677e-05	0.000567870993034372	0.0022801317537573	0.00540486351238298	0.0136606123654309	0.0229672268293902	0.0398255966649029	0.0626381242897609	0.0848494709479378	0.102702335669729	0.111115346032974	0.116598039579936	0.115389912458827	0.100530141042115	0.0807802092635037	0.0569555709009195	0.0378647922546624	0.0221930902303128	0.0127814212340833	0.00572258941485907	0.00304369884196595	0.0012612949636601	0.000572995604364631	0.000162386121527595	1.82564278640492e-05	2.72244976920032e-05	3.20288208141214e-07	
4.67435534954703e-05	0.000168339959547876	0.000968665395747347	0.00333995323117972	0.00910014869503369	0.0166315458345809	0.0306400834814599	0.0517179519248869	0.0748253749275159	0.0945574711990227	0.110229195012842	0.114065008912859	0.115413623598167	0.110236775048544	0.0899352285949267	0.0694672371906872	0.0473777498158683	0.0295795101528262	0.016429727384016	0.0083633060578382	0.00374674848051868	0.00203587125562028	0.000709996677417684	0.000343312450334974	6.09561204366606e-05	3.1583482091534e-06	6.3166964183068e-06	
0.000120743439107318	0.000594889998943889	0.00222445354136093	0.00555451345595781	0.0121087069260391	0.022247687983821	0.0417725010758146	0.0638896726528721	0.0850222965528221	0.102867104979012	0.11262462504118	0.115276567103245	0.113549589141287	0.10178703442449	0.0797351210508147	0.0579139758166339	0.0392494991354076	0.0218466810528954	0.0117045474249018	0.00522349358373148	0.00282281136753767	0.00118379011448559	0.00043915303048693	0.000172760847600027	6.52582033817621e-05	2.52205616934346e-06	
7.59840402246376e-05	0.000356155645332766	0.00140930069667671	0.00336143387825043	0.00907837300346462	0.0167411914797814	0.0318976623181699	0.0518423784568048	0.0778811396980651	0.093684881990219	0.108685007066828	0.112903528411152	0.112369138597391	0.106911108053683	0.0916170529449288	0.0696273342422234	0.0485344148290828	0.031126877712599	0.0167809033032733	0.00849020024765169	0.00386267839051419	0.00160098060061788	0.000799239534214707	0.000176045327763255	0.000133206589035784	4.69037285337269e-05	6.87921351827995e-06	
9.55520816238146e-05	0.000539807214368303	0.00231279470294006	0.0057548412796161	0.0128077017459661	0.0249595687498778	0.0412732252829567	0.0664480964505194	0.087394477772197	0.101611572722114	0.112141536210671	0.112608748661728	0.110828005322375	0.100069709586821	0.0814345717979272	0.0583277206826514	0.0373273586395369	0.0226501866212815	0.0117584902522916	0.00553302394727511	0.00265219073312335	0.000767829227334224	0.000473727365712873	0.000187071120841429	2.97824669996305e-05	1.2409361249846e-05	
1.42154537433771e-05	0.0002963613073891	0.00115145175321354	0.00356993307920635	0.00919770760356808	0.0191645948672941	0.0328618026122441	0.0513452918262686	0.0774510455311712	0.0947002625223469	0.108353587779654	0.113640500445778	0.114661849894079	0.105332803859187	0.091945863843766	0.069952702713143	0.0461235848284025	0.0295533102692747	0.0168366598010146	0.00850393165457065	0.00318271648050088	0.0013025682071377	0.000383508219468064	0.000306868381895075	0.000130720368118446	2.44134966462345e-05	1.17432009184419e-05	
1.58352163029642e-05	3.41066197294614e-05	0.000680305254246579	0.00224098763025988	0.0060429621599235	0.0129507707487012	0.0259606190351481	0.0421725307720886	0.0643244757629833	0.0882715861405315	0.103336967312459	0.112034459866862	0.115095528987582	0.110773428507044	0.0965457911822207	0.08057506197051	0.0585437082422301	0.0364858609789818	0.0222795402914898	0.0122841690470245	0.00544670536143881	0.002443800208294	0.000903825422830728	0.000384003995346883	0.000109323897168542	6.36453886022985e-05	
1.42252074307641e-05	0.000105327067785232	0.00118583750454753	0.00423547984651304	0.00905812782952996	0.0180227324868023	0.0349803904002247	0.0521717049122971	0.0775673321440656	0.0974190631096788	0.109899109986277	0.112720543681375	0.112371572103339	0.105383060622991	0.0898037345104138	0.0688684664681594	0.046922906034333	0.0284325576862428	0.0163968215438648	0.00843403468650367	0.00354540595412704	0.00149334411624234	0.000736684146520847	0.000182506384696825	4.69129181227327e-05	2.11864791522019e-06	
4.1900724613174e-06	5.0879451315997e-06	0.000504005858918465	0.00244400940850842	0.00661283221662914	0.0133645354062619	0.025091351061929	0.0421404566161394	0.0629860671111935	0.0862131352187263	0.106948606666226	0.114019353944699	0.116361903741465	0.110200402187098	0.0973030598602731	0.0805044607810714	0.0556274019964498	0.0373736506096106	0.0204607224103931	0.0122811023841213	0.00573800494488409	0.00218422491590674	0.00102836349836333	0.000437862572207668	0.000100262448181524	6.49461231504197e-05	
2.95338786074894e-05	5.13889487770316e-05	0.00123894620758418	0.00373514962748919	0.00920127988016333	0.0181326201098542	0.0328103671002043	0.052052870368128	0.0732874337481268	0.0991086084758687	0.111713077187973	0.116025909481025	0.116341921982125	0.104849699138379	0.0897135863520403	0.0680646626551784	0.0444611868720728	0.0283262383112292	0.0158162780106688	0.00881290937647485	0.00330690838768059	0.00164976245901436	0.000925296416772644	0.00027939049162685	6.32025002200274e-05	1.77203271644937e-06	
3.22116363071994e-05	7.64294279652641e-05	0.00043046459428712	0.00221118241596057	0.00636765483181865	0.0130345850482369	0.0241194876007163	0.0425755838725122	0.0622044765389475	0.0867233884298731	0.106221970385793	0.114930239844916	0.115508585133159	0.112050812392109	0.0995207787016661	0.0800321530696957	0.0563797341954339	0.0357531593026474	0.0202543840769097	0.0117109796290684	0.00566485549420703	0.00229639683564598	0.00124864015648999	0.000451841407472807	0.000172771503829524	2.72334743324504e-05	
7.35662971360119e-05	0.000324966084199234	0.000974608621506615	0.00392652870186186	0.00906979761737879	0.0183084501608611	0.0319468886090409	0.0512383466930501	0.0730863784180813	0.0966044230143182	0.112804069200977	0.117548805735159	0.115497348716992	0.108949658640796	0.0897282912808298	0.0687682684810703	0.0449472697635568	0.0271135249609867	0.0146087026033201	0.00812531062934519	0.00366035772915322	0.0015634286296858	0.000815311521408951	0.000271094701257115	4.46031880273458e-05	
1.76231664323171e-05	0.000156008358581168	0.000679503072931308	0.00205642128959398	0.00582575657553564	0.0136313747832134	0.0255839262854728	0.0410587998392536	0.0590552307146945	0.0823371669979918	0.107259213376966	0.116104309499782	0.118959262461818	0.115192816219553	0.10188790337189	0.0800967136261456	0.0551440433841911	0.03497678508953	0.0202152164197064	0.0105184302207836	0.00534819765565662	0.00218209468956215	0.00109957002362949	0.000343218388878569	0.000233723633504008	3.66908547033487e-05	
1.73519732085534e-06	0.000332579486497273	0.00115188182149447	0.00351348537517858	0.00924455292641028	0.018849159296898	0.0339997455043929	0.0491274849471632	0.0706225309588122	0.0953982567050917	0.114691337316575	0.121104626614457	0.117807751704831	0.109180639825092	0.0916163941442874	0.0667200721842085	0.0433290338999717	0.0251872567108756	0.0139394184775379	0.00774331804431694	0.0038611032384566	0.00158423515394092	0.000603848667657657	0.000286596757494606	0.000102955041037417	
0.000111545352822039	0.000780233462671435	0.00223236707414788	0.00604126126841666	0.0132190003200359	0.0266748155121625	0.041875059860726	0.0586383991665051	0.0783798825912161	0.10474429833885	0.121663567535747	0.121601078777883	0.117599462246278	0.10038760550088	0.0795029282115133	0.055299046666838	0.0340683451808904	0.0182808817105334	0.0101059505649685	0.00490857953125255	0.00238625294047566	0.000966239718555307	0.000318867867229494	0.000163229979653193	5.11006197483163e-05	
2.00404177468645e-05	0.00034678635927183	0.000898623949402883	0.00375685222544482	0.00929846339370824	0.0196997306451678	0.0337262804229516	0.0528907286056923	0.067374722701611	0.0921362562524651	0.116436569754304	0.12511842725125	0.120333995344814	0.110259183594043	0.0895533658898149	0.0655501733641356	0.0424139467366358	0.024223056239221	0.0137375611450572	0.00661566138316059	0.0032084999253567	0.00148502399912635	0.000651458797191553	0.000203889467511578	5.57646406869274e-05	4.93749422748837e-06	
0.000224855036420447	0.000471675346321554	0.00222456197342953	0.00618987187020142	0.0130173147048546	0.0258138206078774	0.0429912425032666	0.0619062331376786	0.0795666020328861	0.103309906598455	0.123170560059561	0.124472869563559	0.116874330023032	0.0998350581371656	0.0790246956147777	0.0530383320033746	0.0316351961137651	0.0187051644693204	0.00947657042312342	0.00444392164524523	0.00234248081000992	0.000831212191189209	0.000329768118966233	8.12137085271793e-05	2.25433069933096e-05	
3.05401574258681e-05	0.000388666720448076	0.00120403130078021	0.00407134872249945	0.00927066646690715	0.017638669601595	0.0329326618340229	0.0543127888349794	0.0720338592386857	0.0903867651634763	0.11439997234099	0.125847921540607	0.124313998916689	0.109945719191896	0.0895394198522548	0.0662781920226804	0.0405749040578073	0.0231059340102108	0.0124963985663413	0.00592162127899874	0.00283562480552258	0.00159701974161874	0.000601583478351062	0.000239999539016492	3.11163868112618e-05	5.76229385393738e-07	
8.38565513074299e-05	0.000629785674716417	0.00241030149014815	0.00618327193904203	0.0145531321714223	0.0259010486950973	0.0423504302099544	0.0637703226495683	0.0825180054661836	0.102626634161723	0.12301784794797	0.128132810397753	0.117862105942414	0.0982399601164457	0.076255759035328	0.0516573586851982	0.0299126656992531	0.017031208134545	0.00903841520307788	0.00436312528771843	0.00220898833101627	0.000968370859618677	0.000183508000977561	0.000100512989580823	5.74359940461849e-07	
0.00021686265317363	0.00139954067684732	0.00380286206931264	0.00984567950058314	0.0193433433375853	0.0349824769799143	0.0531434299100768	0.0725097825477335	0.0923216527580241	0.11318159658657	0.129158679323699	0.125793281571995	0.11097931895348	0.0880157498658989	0.0605104325604605	0.0406689378763279	0.0215228992868555	0.0121279144514223	0.00609372550767863	0.00262478590565324	0.00117203622239064	0.000433150073845472	0.00013000254540382	2.1858835067899e-05	
