# <P(U)> as a function of N_tot.
# number_of_species: 1
# species_total_upper_bound: 303
# species_total_lower_bound: 272
# volume: 729
# Bin widths for each
10	10	10	10	10	10	10	10	10	10	10	10	10	10	10	10	10	10	10	10	10	10	10	10	10	10	10	10	10	10	10	10	
# Bin lower bound for each
-1290	-1290	-1300	-1300	-1300	-1300	-1310	-1320	-1320	-1320	-1330	-1340	-1340	-1340	-1350	-1360	-1360	-1370	-1370	-1370	-1380	-1380	-1390	-1400	-1400	-1400	-1410	-1410	-1410	-1420	-1420	-1420	
# Bin upper bound for each
-1050	-1050	-1060	-1050	-1060	-1060	-1070	-1070	-1070	-1080	-1080	-1080	-1090	-1090	-1100	-1100	-1110	-1110	-1130	-1140	-1140	-1140	-1150	-1160	-1160	-1170	-1170	-1170	-1180	-1200	-1200	-1200	
# Normalized histogram for each
1.02496522439417e-05	6.14979134636503e-05	0.000199136100739439	0.00148253898528443	0.00377480049784025	0.0101859579764258	0.0243465846694487	0.0332762281279742	0.0469353539790614	0.068842521414452	0.0980781902042609	0.117808770773849	0.123789442858189	0.113035361300242	0.103093198623618	0.0855523830441467	0.0624342924079362	0.040479537301413	0.0278775898674866	0.017041511091588	0.00973058056958782	0.00700417307269932	0.00336627864411743	0.00131708031334651	0.000276740610586427	
0.000172886154099682	0.000272203731986734	0.000912250345036622	0.00232182426527063	0.00695885162395275	0.0149182358843973	0.0294414085145327	0.0414507428954826	0.0593264355436276	0.0842992887390052	0.111544675253591	0.122471815878453	0.120124242611508	0.107490311018513	0.0916561463602683	0.0739106700920196	0.0493166950641371	0.0337959325405584	0.0209883791077015	0.0123300933732369	0.00762979703901194	0.00542715386720578	0.00199812252993505	0.00120431759260077	3.75199738684417e-05	
3.68068937146816e-05	0.000194138321749987	0.000475602803097553	0.00158413983732796	0.00428764226586124	0.0113220891881554	0.0210484912782096	0.0365225424181407	0.0527810855868534	0.071179480517606	0.0984367895728235	0.116543616169052	0.122406737826661	0.1159619229076	0.10137195892062	0.0816766622642735	0.0627160600746242	0.0417404608800456	0.0249031112650746	0.0148136921644619	0.00907686867155982	0.00566609652066599	0.00308817055304162	0.0017075511868419	0.000458281911937703	
2.40563371113575e-05	0.000227120123904287	0.000759897236988175	0.00333675546521065	0.00768670724640552	0.0158212868866784	0.0288860005561259	0.0452825169154965	0.0638129718845098	0.0850915095988323	0.108010831012015	0.11988687861243	0.11702841973214	0.11126904961195	0.0928666592610884	0.0725588655031418	0.0497244488091759	0.033079586146097	0.0186167747668835	0.01082110646415	0.00715817536928246	0.00478933370314056	0.00200516645216433	0.0011157895183709	0.000132309854112466	7.78293259485095e-06	
4.95392500873914e-05	0.000504463067791324	0.00173806016855904	0.00499509142782585	0.0109718972904821	0.0222410300814886	0.0409947760511915	0.0548043653149894	0.0751956974812431	0.09704948412895	0.114287049951612	0.11898141719933	0.11446427487446	0.101521273619233	0.0837234258554417	0.0600199412925	0.0413527145764708	0.0245044853953407	0.0144270855500985	0.0082214223067568	0.00485693971631453	0.00277489574081064	0.00161525864721565	0.000699131388557271	6.27962325051441e-06	
8.68223635114547e-05	0.000740746355355665	0.0033095858090914	0.00735164917701357	0.0170860898859526	0.0307647465372692	0.0498939182312493	0.0682230838614453	0.0861016000810342	0.104015258685854	0.118213471385485	0.116622417120819	0.108347418998525	0.0919497064232701	0.0721176870246734	0.0521650810100886	0.0320753507864659	0.0175725707481676	0.0103745833732418	0.00618574886700261	0.00327582155661473	0.00191353732913738	0.00123756321322677	0.00037347397637467	2.06719913122511e-06	
2.74025906409192e-05	0.000288412266495674	0.00162086323641037	0.0057326219620803	0.0112597244943537	0.0235977409304276	0.0393576558727862	0.0592169983750264	0.0779343379123062	0.0973579792233558	0.112617796886518	0.116860402982498	0.112054673648847	0.100509962211828	0.0840793688635324	0.0601555371044779	0.0433796711141071	0.0231962929775381	0.013653340786838	0.00782823508134459	0.00484272283101644	0.00230318774336926	0.00144617172107451	0.000594636216907947	8.42629662208265e-05	
2.81028069220641e-05	3.22154128130978e-05	0.000623745226806788	0.00319823651459392	0.00830814933420338	0.0172619777932991	0.0327658165681812	0.05330896842821	0.0684803715602336	0.0847484695965328	0.106441780237421	0.116087211920525	0.115362707849388	0.107748218042139	0.0901414667883084	0.0714154012978013	0.0502389081305533	0.032601997766855	0.0183648416064113	0.0103013923227244	0.00573434348073141	0.00336274075023528	0.00190962000207001	0.000906144164657773	0.000590158945363345	3.70134530193039e-05	
2.97329908277181e-05	0.000181163804578189	0.00141819451599185	0.00560086571405852	0.0109804626591666	0.0236785241373111	0.0424607852966903	0.0635954100559741	0.0778499590307045	0.0944658606490781	0.11001275752746	0.118478362334524	0.116636991297914	0.100229220615335	0.0813750471060465	0.0595012463654876	0.0414802880642786	0.023912239274515	0.0124843988231267	0.00726798759511964	0.00419650049612607	0.00240768079214219	0.00104549493329092	0.000542799948831597	0.000165951576712845	2.07439470891056e-06	
6.34167112093567e-05	0.000489214629329323	0.00370674161453372	0.00893687807196473	0.0162869445898228	0.0325571638931728	0.0541495087295542	0.0730672015041608	0.0856669173136681	0.100789363832822	0.113409289363484	0.119840858899211	0.110667736155818	0.0909507140651993	0.0715786510080818	0.0505473001554755	0.030428174302573	0.0168730265033071	0.0093166814522845	0.00498134782114815	0.00316038225642234	0.00156381428520655	0.000482245759965657	0.000294086287146687	0.00019234079443717	
4.40560778801317e-05	0.00032284844571534	0.00136160815698282	0.00556552171345101	0.0129841522027351	0.0227391315720998	0.044132487640205	0.0624260856037128	0.0804670494956267	0.0956367961869465	0.10670588575433	0.116812625370518	0.11318625946001	0.103530406265876	0.0837795158512391	0.061848537957753	0.0381938660172067	0.0235073594301346	0.0124038510519077	0.00729954140376432	0.00364632882079777	0.00216563157829522	0.000586496536779253	0.000412337353909357	0.000207201241279994	3.44188108438529e-05	
6.8576240664202e-07	9.73782617431669e-05	0.000982011766311373	0.00286648685976364	0.00931608229423185	0.0169006145116926	0.0326525769922598	0.0537925747018134	0.0718130392235524	0.0887870303127557	0.101352940652064	0.113400414611951	0.117220111216947	0.107915686883628	0.096485399089719	0.0715750796684476	0.0494626708662756	0.0303401861570629	0.0172832699345988	0.00896360041721785	0.00461175218466759	0.00229798982465741	0.0011212215348597	0.000612385829131324	5.34894677180776e-05	1.98871097926186e-05	7.54338647306222e-05	
5.55557484574599e-06	0.000256945336615752	0.001902784384668	0.00529515727485165	0.0146889398921524	0.0221466046757107	0.0398654161993618	0.0622245216129223	0.0831794554842204	0.0999857638394578	0.107338567147803	0.114970538092146	0.117214990329828	0.102427438984163	0.084824600085417	0.0581863131469206	0.0391522192785392	0.0215500748266487	0.013184073555811	0.00595974291577401	0.00315001093753798	0.00158333883103761	0.000591668721071948	0.000248611974347133	7.63891541290074e-06	5.90279827360512e-05	
0.000164361306903311	0.000627561353630823	0.00350320504548461	0.00921917512357661	0.0156645833984213	0.0300604605104981	0.051518440387784	0.0747653776302903	0.0919370591279614	0.106497976725896	0.113960115895097	0.116417385351197	0.109751243916255	0.0940642476123464	0.0720153820449535	0.0483656916826387	0.0284046222202903	0.0162799195308775	0.00903104255327819	0.00392565435496337	0.00246677796145795	0.000903308009014063	0.000349097982430999	9.304751671799e-05	6.79178954145912e-07	1.35835790829182e-05	
6.05429821160112e-05	0.000310197751066305	0.00157751882614641	0.00606722311789555	0.0117555424038965	0.020440399175527	0.04051890097481	0.0669584974456304	0.0847234410182105	0.097350394209642	0.110504547526241	0.116201029910954	0.113938491051203	0.10312306551567	0.08211873227077	0.0587947184751332	0.0406862444984116	0.021583913253471	0.0123528091263444	0.00557675693693326	0.00282783344557594	0.00164146309939253	0.000597266722447841	0.000217002374101209	6.80258226022598e-05	5.44206580818079e-06	
5.45590116331937e-05	0.000295022803646159	0.00104672474170349	0.00292597958684683	0.0101371990750564	0.016053820781056	0.0303954315920926	0.0512006013615504	0.0818897086211995	0.0915742699701138	0.103551656943712	0.112006956610767	0.114767912026625	0.106268830436654	0.0917002271945015	0.0701292105580444	0.0492836267058953	0.0319372288467639	0.017814527650305	0.00927166413741866	0.00423674300213319	0.00201464202215904	0.000957813759782734	0.000242484496147528	0.000163677034899581	6.46625323060073e-05	1.48184969867934e-05	
3.43822111728962e-05	0.000438373192454427	0.00185928418881123	0.00567637082537143	0.0129911862524051	0.0225732440277438	0.039647979053299	0.0669798533466454	0.0888991741657355	0.0991635865935824	0.109073597767801	0.112028484339564	0.112562069809113	0.0977188725279521	0.0831844539509789	0.059616770584696	0.0396149192348636	0.0233871767576252	0.0128159692146971	0.00602482131168136	0.00354930210723283	0.00105526940446043	0.000731944380161464	0.000297538365919294	4.89285312845062e-05	2.64478547483817e-05	
3.02391853826407e-05	0.000172889255557272	0.00108203693782232	0.00296869915626099	0.00919862871868026	0.0185339911451777	0.0302437869978077	0.048530605671162	0.0809483271485434	0.0943107602196943	0.10419305747746	0.112291900171246	0.116104009650244	0.105668203825257	0.0909463221590778	0.0723314740616814	0.0482163810926206	0.0317439135422247	0.0175117752045254	0.00886468293228066	0.00326911888930157	0.00158689985899336	0.000424005968952245	0.000537731600934785	0.00021364641846431	5.19325140267091e-05	2.49801966204423e-05	
1.68784917379783e-05	0.000693965679534569	0.00203320908166723	0.00556665640973707	0.0127938967373875	0.0228716546504789	0.0371255409232016	0.0636896902277428	0.0912392837806783	0.102828965049837	0.110126965208235	0.112926847318462	0.111753142969913	0.0972590627763042	0.0807869531855556	0.0618447412462299	0.0387082241100166	0.0237649163670734	0.0136514539522287	0.0060360083146047	0.00257396999004169	0.00103543055084905	0.000453122585888802	0.000173978299453007	4.54420931407108e-05	
0.000183406931242922	0.00122292663594494	0.0035462948593474	0.00854830207506345	0.0171222554691819	0.0304064323247662	0.0496635188222966	0.0796300310252704	0.10205633799204	0.108128005212348	0.108583316125573	0.1109413136297	0.105317261926901	0.089868113743079	0.0722507878161365	0.0505625975551728	0.0295592975129764	0.0166483473496416	0.0093909479060187	0.00372264767785021	0.00154292684115549	0.0008804815265613	0.000200721571605016	2.37274701258325e-05	
6.97560124926677e-06	0.000597999270732597	0.00204511945717139	0.00518350587377332	0.0120506682308924	0.0222965581749291	0.0361304437433613	0.061624363872727	0.088975696371102	0.110203085118189	0.11329137403491	0.111743424703141	0.111431425083628	0.0996921223266801	0.0821231193620496	0.0598747562502973	0.0390836596540736	0.0203890483060387	0.0128338380075146	0.0060275536249346	0.00268433818983148	0.00106916942784216	0.000429950695182079	0.000161707119869366	5.00974998810977e-05	
9.18928479041193e-05	0.00146462093885538	0.00296952367405229	0.00641361726125326	0.0156834656443482	0.0269006871193292	0.0470321442440775	0.073531272206127	0.102633611256748	0.115675472225387	0.112131932953468	0.114826407486875	0.105090800833581	0.0924498696191545	0.0712635329527123	0.0490946980973775	0.0305801774539009	0.0160434841991507	0.00914963239713823	0.00380788856041042	0.00201283101094091	0.000849694141579185	0.00024169077804919	5.79050822409519e-05	3.14701533918217e-06	
1.42772720726626e-05	0.000488531005268934	0.00182376631954273	0.00415903142986259	0.0103175017008576	0.0213997685840422	0.0353151428472108	0.0591538419518397	0.0877400443961086	0.109966032507486	0.115936415237698	0.11186615119507	0.110527812125998	0.102112912116562	0.0845251751759208	0.0601582170046035	0.039745442446454	0.0227983204962035	0.0119444899661815	0.00584064577963837	0.00229988230561804	0.00135696159786263	0.000299201962566234	0.000194295050380148	1.61395249517056e-05	
2.52112518431885e-05	3.44348805663062e-05	0.000879319271603891	0.00298415134621936	0.00640058342526217	0.0167993024477051	0.0270369154217842	0.0423991765144276	0.0707673690152485	0.099375990771452	0.1174131041938	0.11639174103986	0.115460154538825	0.108480942138332	0.0931186810456889	0.0726754303437708	0.0488360395460007	0.0309538830862016	0.016140120448293	0.00737090916693415	0.00360397919641287	0.00172174402831531	0.000763101549692607	0.000348038257152309	1.96770746093178e-05	
5.60677643625896e-05	0.000292045278108434	0.00186132655098223	0.00413361133086389	0.0105481332515114	0.0233211093284437	0.032572290448271	0.0514215334718392	0.0828909525112197	0.111088725080651	0.118790957193802	0.117834724553245	0.114593884547231	0.103890486717485	0.0850886856483775	0.0611693147903066	0.0378901022528151	0.0222490443834887	0.0108937817768675	0.00556364738674928	0.00216754280250099	0.0011404552948918	0.000264319460566494	0.000258774297058106	1.84838783612933e-05	
9.83079288745226e-05	0.000552750241596372	0.00287813464723838	0.00704911130250586	0.0148624276370174	0.0286484143673019	0.0412608888397006	0.0667047120412374	0.0977044789463369	0.116446669185163	0.123177980013194	0.116964795250552	0.109113763295529	0.0947614239687096	0.0719094676718395	0.049219503056511	0.0279682966203713	0.0149465149220925	0.00885575135389803	0.00435089871377368	0.00166937992428435	0.000522454087414916	0.000221965701043733	0.000111910283813136	
8.72476905847901e-06	0.000411933739118188	0.00197117460942637	0.0050404237246413	0.0110131513429601	0.0222369435389034	0.0343195022893171	0.0498963310476516	0.0779583043286695	0.107451762933068	0.123504714802879	0.124918750588143	0.117112575071964	0.10038283040233	0.0836487233481675	0.0614871867418409	0.0378337146265144	0.019681209402559	0.0106305078999668	0.00635724065468174	0.00262553228881229	0.00104821868259726	0.000279192609871328	9.84652508028346e-05	8.28853060555506e-05	
0.000172540598244182	0.000628097429579541	0.00314793494350537	0.00742421092157161	0.0162045412933718	0.0268412347203818	0.0455271332503732	0.0614114193326155	0.0953075784423556	0.121549265616321	0.127940715546963	0.119307479138414	0.109871122103506	0.0907855252092365	0.0692440177133406	0.0483901900118854	0.0277740711202416	0.0144462408803294	0.00729946034514326	0.00397774350412577	0.00176947210645383	0.000741676312596395	0.000191160087263339	3.66183284043408e-05	1.05510437775219e-05	
0.000176093849875293	0.00176845852081166	0.00475453394663291	0.0106245378319776	0.0223495055585496	0.0348640756012884	0.0539423715642899	0.0780904157318861	0.109302893955156	0.127879228445737	0.125244714051161	0.116559088573326	0.100193013899507	0.0820284006166418	0.0557753769411057	0.0355289708849813	0.0215304498226528	0.00981613546066402	0.00501397470765914	0.00284758168623961	0.00126085703184729	0.000381014450975723	5.5773496935591e-05	1.25333700978856e-05	
3.12097783980895e-06	0.000547419513102489	0.00317465865865366	0.007857373809503	0.0152316202494036	0.0281705701776835	0.0456355621692544	0.0638246210196609	0.0936605449726665	0.119548431958314	0.129019975506566	0.126252292358223	0.110918928231242	0.0905277074170663	0.0679954958047816	0.0429571389871303	0.0277504865604452	0.0135313115222757	0.00663831986527363	0.00370397650028526	0.00199742581747773	0.000843912407884339	0.000209105515267199	
0.000126918623171696	0.00108886125721064	0.00520115030997675	0.0128282055905769	0.0217602607737889	0.0356320893004459	0.0533139897623166	0.0818537156055243	0.108237081474845	0.127699612521213	0.128682917695786	0.118669540975552	0.100097325221432	0.0772419200902756	0.0540535106507972	0.0339431919782404	0.019859622976292	0.0100567301113177	0.00495422447380607	0.00312144415800489	0.00118876254970718	0.000269544996735929	0.000119378902983279	
0.000237290449250781	0.00306500163615592	0.00791287102945144	0.0169260808356706	0.0309109082802247	0.0450813580923379	0.060957492477829	0.0972929114581307	0.119760234585848	0.130389188230649	0.126943373696099	0.109489130247579	0.0919175173295384	0.0621146023567024	0.0459201670728884	0.0251004816613393	0.0142782511183588	0.00657460392588118	0.0029820775544285	0.0014071578791592	0.000540282286331751	0.000177967836938086	2.10499592077306e-05	
