# <P(U)> as a function of N_tot.
# number_of_species: 1
# species_total_upper_bound: 303
# species_total_lower_bound: 272
# volume: 729
# Bin widths for each
10	10	10	10	10	10	10	10	10	10	10	10	10	10	10	10	10	10	10	10	10	10	10	10	10	10	10	10	10	10	10	10	
# Bin lower bound for each
-1290	-1290	-1300	-1300	-1300	-1310	-1310	-1320	-1320	-1330	-1340	-1340	-1350	-1350	-1350	-1360	-1360	-1370	-1370	-1370	-1380	-1380	-1390	-1400	-1400	-1400	-1410	-1410	-1410	-1420	-1420	-1420	
# Bin upper bound for each
-1050	-1050	-1050	-1050	-1060	-1060	-1070	-1070	-1070	-1080	-1080	-1080	-1090	-1090	-1100	-1100	-1110	-1110	-1130	-1140	-1140	-1140	-1150	-1160	-1160	-1170	-1170	-1170	-1180	-1200	-1200	-1200	
# Normalized histogram for each
0.000129632330303178	4.86121238636916e-05	0.000179401885687433	0.00119157575042073	0.00349370704482269	0.00961246877828473	0.0230218916597799	0.0326910745825723	0.0488528696199689	0.0708903657715091	0.0995090175489767	0.117588676615948	0.125591158149128	0.116510529154543	0.103235947045193	0.0819039054054367	0.0607848311654641	0.0400685430946478	0.027037600320377	0.0169667886599489	0.00918016810535405	0.00643126824401434	0.00296302469264406	0.00160767238206352	0.000509269869048198	
0.000201803671198429	0.000215179707041552	0.000732774137492854	0.002128534399384	0.00670197552418067	0.014696773990938	0.0283752245574713	0.0421025267331708	0.0617286607156877	0.0860893298198946	0.112671584007612	0.124182535200783	0.121984212788304	0.109463080105589	0.0901213322764327	0.070606859114867	0.0479117972565169	0.0325188878349607	0.020772402097595	0.0115877180075755	0.00706022065806607	0.00482642267226444	0.00206514362082311	0.00121314829429372	4.18728078567345e-05	
7.03454476200934e-05	0.000199598058694411	0.000416353543637626	0.00138002898461208	0.00409776530242251	0.0110802658714772	0.0207170202812217	0.0357629392730055	0.0538056887162471	0.0728544352518767	0.0996978005323377	0.118322186725414	0.124506295059691	0.117996195626686	0.102092977236671	0.0803934083456009	0.0602608843852551	0.039192136865933	0.0236126219178114	0.0148691975014212	0.00859358289381726	0.00507116328493795	0.00282983150263595	0.00172203368117155	0.000454099881384993	1.14382841658688e-06	
0.000112907710585519	0.000252778456534744	0.000714520437138211	0.00291481646879731	0.00751369918801942	0.0157284372954952	0.0287521451060687	0.0452945290316057	0.0654696202424988	0.0874124754594248	0.109089070702134	0.121442073008036	0.119729358532537	0.112076350328472	0.0919164258249706	0.0704105964728979	0.0476375044587311	0.0313557632083765	0.0177669551149721	0.0106661274059594	0.00656774603067607	0.00400906632064105	0.001949764494738	0.00106110778754252	0.000149981884210615	6.17902893751597e-06	
0.000106668435262484	0.000465914460757899	0.00157294490547684	0.00475199588801472	0.0110758313091202	0.0221892452793691	0.0403737264037538	0.0559517394416211	0.0775170020090143	0.099465828794398	0.115044947204651	0.122255843965634	0.117296590755218	0.101375359591454	0.0814913684233797	0.0568100610994586	0.0386399498160937	0.0231503665691176	0.0135761836465682	0.00803716261962202	0.00436401018047968	0.002325703500438	0.00146848721498664	0.000688094310371985	4.97417573762881e-06	
5.47829635939815e-06	0.000135313920077134	0.000816813987186265	0.00326999509692476	0.00746582227858781	0.0168348047124305	0.0310690621430548	0.0511415400038896	0.0689684641870071	0.088012117991547	0.106146922430063	0.11940933008653	0.119722140808651	0.108834026794347	0.0905255603612389	0.0697135124918853	0.0486291932934696	0.0305897112116074	0.0167389345261411	0.0100340476118737	0.00593628193504384	0.00294294080426869	0.0016593759672617	0.00102718056738715	0.000369785004259375	1.64348890781945e-06	
9.63501265616069e-05	0.000292860836667483	0.00162597642960181	0.00547453798209085	0.0113464521923736	0.0238659807844098	0.0396396396396396	0.060374513486296	0.0800555238017474	0.0998655453036118	0.113810729158161	0.120961868212624	0.1135385536594	0.0996603249775455	0.0811877738765956	0.0568607277972837	0.0400615116627201	0.0224887727606761	0.0128004137067581	0.00784137611932174	0.00443972673579924	0.00195313137911325	0.00120138265153371	0.00048610544078822	7.02212786804932e-05	
5.32442307431102e-05	0.000185268190646945	0.000604159026391209	0.00320552001412602	0.00858699047851894	0.0174456351955231	0.032316531518683	0.0535843418496937	0.0697526588158592	0.0892987245833503	0.10822813522948	0.117061787756543	0.118038113089659	0.108704073455306	0.0893574018988631	0.0689887670972386	0.0466631351615664	0.029460358855249	0.0175575567417791	0.00980997786017956	0.00540972250519539	0.00289203102291404	0.00154462600002717	0.000754112166035071	0.000467788598671611	2.93386577564076e-05	
0.000246767022252999	0.000376470846867048	0.00146411435920265	0.00558605793803894	0.0122762471627288	0.0237704242304331	0.0431237737217853	0.0635279440295021	0.0783471555841344	0.0981819480854946	0.11322264540843	0.120297549367144	0.116875237011756	0.0989684149203366	0.0795095436733662	0.0575846509812974	0.0381461146559826	0.0223700625985832	0.0119409957516502	0.00685012063554874	0.00380263034959577	0.00205602545712354	0.000902980440003737	0.000438574796788182	0.000131902194522761	1.64877743153452e-06	
8.44476653532203e-05	0.000455907003802353	0.000742918676898265	0.00344082840399984	0.00865064221621583	0.0175783610860742	0.0330273163359869	0.0540288435692551	0.0725096355890059	0.0873801519285253	0.105205784609882	0.115804242584474	0.120771752311134	0.110018197643965	0.0904020536789101	0.0691758846168919	0.0482328636092932	0.0285858106948277	0.0158353171175418	0.00858661653529443	0.00451988190573543	0.00282044163369252	0.00133405233437081	0.000417822762564626	0.000237888521354496	0.000152336964950907	
8.77964089073847e-06	0.000208516471155039	0.000730905104153977	0.00152491387721014	0.0054900191944899	0.0131557431472159	0.023596382348971	0.044344319956453	0.0624572678416021	0.0821670129137543	0.0977344136681449	0.110577382108628	0.119642361328316	0.112719614485968	0.10199802677571	0.0814761649211643	0.0596263823818946	0.0355827870750517	0.0218563672699377	0.0120001229149725	0.00679983186987694	0.00339387993182609	0.00186567368928192	0.00051799881255357	0.000332528898736719	0.000165166994257017	2.74363777835577e-05	
5.99852545337946e-05	0.000226853326236896	0.00142764905790431	0.00275932170855455	0.00905940939609027	0.0176389367559102	0.0330747787089428	0.0536753510773352	0.073590455582555	0.0920871814782984	0.103617438040685	0.117211187359035	0.118076065665313	0.107333251898806	0.0930758475371145	0.0696570588466253	0.0474532442206934	0.0279673069456381	0.0157744859809007	0.00840229819869734	0.00422078063719609	0.00206840064042439	0.000924318240316199	0.000500058894613542	4.2534998669418e-05	1.58142943770913e-05	5.99852545337946e-05	
1.80659670575302e-05	9.41620101180365e-05	0.000452196629985454	0.00222156649452902	0.0052588387743829	0.0144292331434947	0.0236160511190224	0.0406812730922749	0.0632620895535462	0.0844687976113507	0.102013041438401	0.111652056043915	0.118005801912693	0.116632788416321	0.100226153060347	0.080757062561349	0.0571234929288163	0.0368469084477009	0.0198922720909824	0.0117970764885673	0.00563877153613823	0.00286920404086412	0.00130348689587817	0.000491065831836504	0.000195988369896843	6.02198901917675e-06	4.65335515118203e-05	
7.94961661899582e-05	0.000236339953537714	0.000730505310934751	0.00337858706307323	0.00902012918127006	0.0165701164242839	0.0316115430581853	0.0515247955525118	0.0755680887349098	0.0947180706065611	0.110592058440425	0.115866199358122	0.118099074782796	0.109026843384496	0.0905219621587506	0.0680793350253125	0.0472508023472854	0.0272741677745102	0.0149044568881011	0.00812740872040715	0.00354348789429158	0.0022001101129329	0.000715465495709624	0.000276088036632693	7.35876673515154e-05	5.37136258040258e-07	1.07427251608052e-05	
0.000196818530625985	0.000524311659454469	0.00182299130825708	0.00568891594396802	0.01216510601044	0.0216091689471983	0.0420616257103079	0.0662337376000292	0.0860817571270087	0.102411779857936	0.113858982211584	0.117205972743322	0.113451901261628	0.101770237488983	0.0786800897621561	0.0566052245102526	0.0387243147784367	0.0200028931248491	0.0111148694248866	0.00524688088338179	0.0024656091883064	0.0013750409366411	0.000472149371283101	0.000171544019862539	5.37755548158429e-05	4.30204438526743e-06	
0.000129185023255962	0.000526309354005772	0.00118074048004729	0.00287449967384769	0.00937947063911499	0.016086990961833	0.0311633616388529	0.0511636487166824	0.0826061138008413	0.0950525325846627	0.108648857563145	0.114895990107511	0.114775311094016	0.104974261346087	0.0896411154993852	0.0680533943497767	0.0472764022555811	0.0298417403721273	0.0163613097766481	0.00848846611657593	0.00391542261843688	0.00177031328165578	0.000811260681023039	0.000191385219638463	0.000129185023255962	5.10360585702567e-05	1.16957634223505e-05	
0.000160873564347075	0.000603798183068893	0.00191742485298089	0.0054838037405193	0.01260193664611	0.0233856886250377	0.0402309266891855	0.0682192706682051	0.09023805631306	0.103722708296009	0.113487420261817	0.113704181720271	0.112212967349457	0.0951311197896944	0.0807679310040443	0.0575133438876141	0.0368186312480185	0.0218563451302057	0.0117035518062497	0.00540336695834576	0.00303204883452848	0.000931813112971371	0.000578204661468222	0.000235042545312285	3.86514407846869e-05	2.08926706944254e-05	
2.38576218618799e-05	0.000462630406539063	0.00117109804704619	0.00297857222506036	0.00861415742399921	0.0183610332424842	0.0306871254418198	0.0498162703794659	0.081528754917393	0.097064215901105	0.11029222993561	0.114427378177018	0.116113489669909	0.105223003933914	0.0890050075073712	0.0693359542141118	0.0455540543694456	0.0293702884438347	0.0164062641816706	0.00823139818630209	0.00294486036808161	0.00136195902194123	0.000372905002580254	0.000424250753978647	0.000168559284893717	4.09728723280112e-05	1.97084702337269e-05	
5.71759958833283e-05	0.000991901428583097	0.00202055885451976	0.00539036911189342	0.012258125117415	0.0234064233147375	0.0385432577248854	0.0659193287538083	0.0926981148257357	0.105877181876843	0.114243255274486	0.114947745223762	0.110989328508768	0.0951776131472118	0.0786021898406423	0.0588131692654518	0.0362592808893318	0.0222720923964093	0.0122264741196939	0.00548481160509356	0.00237790882879056	0.000885206936265101	0.000385937972212466	0.000136813990149393	3.57349974270802e-05	
0.000176106676113002	0.00136533279354276	0.00367344356869046	0.00836607922270157	0.0169927760839037	0.0318702478397834	0.0504586111357109	0.0811659476487482	0.10263831079286	0.112905127588781	0.112885391495768	0.111780170287059	0.104692382627178	0.0876844249332642	0.0685166301886315	0.0479561757524385	0.0272585807724909	0.0155510291866452	0.00822590235694495	0.00343711650620548	0.00137089938387966	0.000822843262527991	0.000187745910453804	1.87239856786812e-05	
5.50258346293585e-06	0.000684321288845113	0.00248366608122514	0.00548857688684838	0.0122542533719581	0.0230393169593124	0.03898480336518	0.0633647497500076	0.0919586745977236	0.111529363035945	0.115588268692151	0.114934961964642	0.110662956257963	0.0968989940777195	0.0790266029901038	0.0559162526806336	0.0370398902284623	0.0191975132324626	0.0116904886844373	0.00555810953242547	0.00231058481957279	0.000844896678990786	0.000361169569112698	0.000136564116852862	3.95185539610847e-05	
7.6774329041896e-05	0.00157164481322539	0.00349248899402844	0.00726532811862278	0.0169507812159469	0.029048929518194	0.0494699104068346	0.075519192591624	0.104315014483106	0.117488003391939	0.116000067363282	0.116722241374528	0.104270435840436	0.0881047340537242	0.0674083562170366	0.0447638916956923	0.028599675863736	0.0148268565518717	0.00817126520131715	0.00330179146705341	0.00171082924200457	0.00066867964004232	0.000205061756279645	4.55692791732544e-05	2.476591259416e-06	
2.24790041214765e-05	0.000562952451042195	0.00213403936953235	0.0049473356027354	0.0112409680827462	0.0233126819699817	0.0386912528330875	0.0612108168967833	0.0908762609010953	0.111514918728627	0.11773867082626	0.115368113239449	0.111080487540279	0.0978853121209722	0.0804210806145955	0.0563876044907186	0.0361618761954188	0.020750564174136	0.0110591813537638	0.00517798973198186	0.00194394518250508	0.00106921871777806	0.000235540869272863	0.000194003579048395	1.27055240686607e-05	
1.98798192197122e-05	0.000159038553757698	0.000934351503326476	0.0035963077842099	0.0072401331850913	0.0172561679563497	0.0297484524045611	0.0476024695584207	0.0738152233837101	0.101617877872937	0.118726159369238	0.119661480619843	0.115991472042428	0.106103928785639	0.0885262896062971	0.0688714517553153	0.0451330081124209	0.0281498240151125	0.0146271830829527	0.00679938304678109	0.00315361815134167	0.0013678285370441	0.000601728186625924	0.000276377974517951	2.03646928592174e-05	
4.91290059596889e-05	0.000449943866462498	0.00197926658663341	0.00512498224545824	0.0116664364251206	0.0247522633392548	0.0369270147270276	0.0558076322153971	0.0847879086219946	0.114823729018023	0.120373360988262	0.119923903547601	0.112682482639463	0.0993130694830072	0.0799041935741206	0.0576881543643096	0.034751718542357	0.0207363319214014	0.00993038273927772	0.00507633966530013	0.00189900632937253	0.000900374158726576	0.000208676668878283	0.000229106552544688	1.45927740474324e-05	
8.66894656714586e-05	0.000751471042309329	0.00304387168790234	0.00826277232911217	0.0161091430113193	0.0305935890705039	0.044930955249729	0.0700752834696825	0.100759458161618	0.119618313100921	0.125501508299299	0.117176397478018	0.10690028665966	0.0893948588276662	0.0674614499738471	0.0458889225473456	0.025805700660301	0.0138138202489059	0.00794913179039072	0.00376466050359761	0.0014094343463663	0.000411531452204396	0.00017483998975311	0.000115910633875321	
6.85993050890394e-06	0.000439525547606203	0.0020016297234909	0.0053879854197077	0.0116726617559364	0.0235462214767764	0.0376110390001749	0.054611416786348	0.0802626569392852	0.111042185142665	0.126089442713945	0.125020763539665	0.1167271075544	0.0974129732065814	0.0789925898050653	0.0573612689303457	0.0352193732277492	0.0180989466576704	0.00980725065255089	0.00525813673507487	0.00222506746006663	0.000831031581650078	0.000219517776284926	7.74192157433445e-05	7.69292207069942e-05	
0.000135706803011324	0.000719538948340618	0.00338437145783277	0.00827225713607878	0.0173319066220038	0.029410788397947	0.0495198029420063	0.065116810362923	0.0967789648597485	0.123444863497506	0.130207260411592	0.12076196929121	0.108324782503	0.0864125272023799	0.0648405152172236	0.044264825480075	0.0256271069945629	0.0134686561218901	0.00639286436056224	0.00335801114357877	0.0014556751315819	0.000583343991361627	0.000150351422041323	2.88010840923314e-05	8.29861745033277e-06	
0.000189036382119324	0.00200605014879231	0.00516059477540853	0.0113392292336888	0.0236974827147397	0.0381750112609564	0.0583763054709787	0.0801046592053088	0.110740860164767	0.13092393993172	0.127663554622407	0.116430166071415	0.0967423222430348	0.076452417228894	0.0521947173192278	0.0333171700662858	0.0194963460350357	0.00872471822994996	0.00439558816651939	0.00249242500695349	0.00102443935205811	0.000299307605022263	4.38131198141142e-05	9.84564490204814e-06	
2.45786240689617e-06	0.000782583390355741	0.00354915331555807	0.00797625508285946	0.0159239989617989	0.0296565678016092	0.0501369520933123	0.0676506964598916	0.0965050179718899	0.12040232258166	0.131822042896581	0.127537005576398	0.109833022659525	0.0853610698190227	0.0638931164122288	0.0399402641120628	0.0253041850514775	0.0122327811991222	0.00576614520657842	0.00316523520760089	0.00172984356197353	0.000664605994824725	0.000164676781262044	
0.000143258379623801	0.00170769936956399	0.00550379857772684	0.0131078938837099	0.022707196725976	0.0379684276376644	0.0579576807806739	0.0841462048426289	0.109531193148978	0.128885449806527	0.133526228180361	0.119710469362039	0.0970235964892279	0.0722522894077034	0.0501676965737949	0.0310667445252001	0.0175974826181485	0.00881212530993876	0.00423677982922015	0.00265300639358678	0.000987937545294929	0.00021265690262495	9.41837097872737e-05	
0.00032905955978032	0.00350813497243001	0.00879909263576707	0.0170500860655779	0.0320528015570818	0.0491193906097004	0.0664925351488619	0.0972035938504869	0.120328779509091	0.132281943031689	0.131719841291274	0.110725541322979	0.0863891364336945	0.057422393453215	0.0416370363035709	0.0225800869957462	0.0123322321340163	0.00557950989129032	0.00257746652144038	0.00129173380381849	0.000423576667376795	0.000139525254070987	1.65029870406544e-05	
