# <N_i^j*N_k^m*U^p> as a function of N_tot.
# number_of_species: 1
# max_order: 2
# species_total_upper_bound: 303
# species_total_lower_bound: 272
# volume: 729
#	N_tot	N_1^0*N_1^0*U^0	N_1^0*N_1^0*U^1	N_1^0*N_1^0*U^2	N_1^0*N_1^1*U^0	N_1^0*N_1^1*U^1	N_1^0*N_1^1*U^2	N_1^0*N_1^2*U^0	N_1^0*N_1^2*U^1	N_1^0*N_1^2*U^2	N_1^1*N_1^0*U^0	N_1^1*N_1^0*U^1	N_1^1*N_1^0*U^2	N_1^1*N_1^1*U^0	N_1^1*N_1^1*U^1	N_1^1*N_1^1*U^2	N_1^1*N_1^2*U^0	N_1^1*N_1^2*U^1	N_1^1*N_1^2*U^2	N_1^2*N_1^0*U^0	N_1^2*N_1^0*U^1	N_1^2*N_1^0*U^2	N_1^2*N_1^1*U^0	N_1^2*N_1^1*U^1	N_1^2*N_1^1*U^2	N_1^2*N_1^2*U^0	N_1^2*N_1^2*U^1	N_1^2*N_1^2*U^2	
272	1	-1147.70244183157	1318381.12388339	272	-312175.064178187	358599665.696282	73984	-84911617.4564669	97539109069.3886	272	-312175.064178187	358599665.696282	73984	-84911617.4564669	97539109069.3886	20123648	-23095959948.159	26530637666873.7	73984	-84911617.4564669	97539109069.3886	20123648	-23095959948.159	26530637666873.7	5473632256	-6282101105899.24	7.21633344538965e+15	
273	1	-1154.35157634184	1333703.75694372	273	-315137.980341324	364101125.645636	74529	-86032668.6331813	99399607301.2586	273	-315137.980341324	364101125.645636	74529	-86032668.6331813	99399607301.2586	20346417	-23486918536.8585	27136092793246.1	74529	-86032668.6331813	99399607301.2586	20346417	-23486918536.8585	27136092793246.1	5554571841	-6411928760562.74	7.40815333255546e+15	
274	1	-1160.12790923465	1347001.30957863	274	-317875.047130295	369078358.824544	75076	-87097762.9137008	101127470317.925	274	-317875.047130295	369078358.824544	75076	-87097762.9137008	101127470317.925	20570824	-23864787038.354	27708926867104.8	75076	-87097762.9137008	101127470317.925	20570824	-23864787038.354	27708926867104.8	5636405776	-6538951648508.7	7.59224596158916e+15	
275	1	-1168.08624651239	1365662.95667159	275	-321223.717790908	375557313.084687	75625	-88336522.3924996	103278261098.289	275	-321223.717790908	375557313.084687	75625	-88336522.3924996	103278261098.289	20796875	-24292543657.9374	28401521802029.9	75625	-88336522.3924996	103278261098.289	20796875	-24292543657.9374	28401521802029.9	5719140625	-6680449505932.75	7.81041849555759e+15	
276	1	-1173.4362375322	1378120.23211573	276	-323868.401558888	380361184.063941	76176	-89387678.830253	104979686801.648	276	-323868.401558888	380361184.063941	76176	-89387678.830253	104979686801.648	21024576	-24670999357.1498	28974393557230.9	76176	-89387678.830253	104979686801.648	21024576	-24670999357.1498	28974393557230.9	5802782976	-6809195822573.35	7.99693262180307e+15	
277	1	-1179.03922907461	1391300.8808441	277	-326593.866453666	385390343.993816	76729	-90466501.0076655	106753125286.287	277	-326593.866453666	385390343.993816	76729	-90466501.0076655	106753125286.287	21253933	-25059220779.1233	29570615704296.8	76729	-90466501.0076655	106753125286.287	21253933	-25059220779.1233	29570615704296.8	5887339441	-6941404155817.27	8.19106055009155e+15	
278	1	-1183.31961641333	1401477.49363951	278	-328962.853362907	389610743.231783	77284	-91451673.2348881	108311786618.436	278	-328962.853362907	389610743.231783	77284	-91451673.2348881	108311786618.436	21484952	-25423565159.2989	30110676679924.7	77284	-91451673.2348881	108311786618.436	21484952	-25423565159.2989	30110676679924.7	5972816656	-7067751114284.46	8.3707681170192e+15	
279	1	-1189.87231674969	1417112.35059843	279	-331974.376373164	395374345.816963	77841	-92620851.0081128	110309442482.933	279	-331974.376373164	395374345.816963	77841	-92620851.0081128	110309442482.933	21717639	-25841217431.2635	30776334452735	77841	-92620851.0081128	110309442482.933	21717639	-25841217431.2635	30776334452735	6059221281	-7209699663321.83	8.58659731231442e+15	
280	1	-1198.08741988374	1436722.50181348	280	-335464.477567447	402282300.507776	78400	-93930053.7188851	112639044142.177	280	-335464.477567447	402282300.507776	78400	-93930053.7188851	112639044142.177	21952000	-26300415041.2878	31538932359809.6	78400	-93930053.7188851	112639044142.177	21952000	-26300415041.2878	31538932359809.6	6146560000	-7364116211560.59	8.83090106074483e+15	
281	1	-1204.94757261464	1453172.29201045	281	-338590.267904715	408341414.054936	78961	-95143865.281225	114743937349.437	281	-338590.267904715	408341414.054936	78961	-95143865.281225	114743937349.437	22188041	-26735426144.0242	32243046395194.9	78961	-95143865.281225	114743937349.437	22188041	-26735426144.0242	32243046395194.9	6234839521	-7512654746471.01	9.06029603704803e+15	
282	1	-1211.07899103456	1467984.12404975	282	-341524.275471747	413971522.982031	79524	-96309845.6830326	116739969480.933	282	-341524.275471747	413971522.982031	79524	-96309845.6830326	116739969480.933	22425768	-27159376482.6152	32920671393620.2	79524	-96309845.6830326	116739969480.933	22425768	-27159376482.6152	32920671393620.2	6324066576	-7658944168097.87	9.28362933300199e+15	
283	1	-1217.21743335929	1482959.85675703	283	-344472.53364068	419677639.462239	80089	-97485727.0203125	118768771967.792	283	-344472.53364068	419677639.462239	80089	-97485727.0203125	118768771967.792	22665187	-27588460746.7484	33611562466892.6	80089	-97485727.0203125	118768771967.792	22665187	-27588460746.7484	33611562466892.6	6414247921	-7807534391329.9	9.51207217813047e+15	
284	1	-1224.67482837816	1501142.28976795	284	-347807.651259397	426324410.294098	80656	-98777372.9576687	121076132523.524	284	-347807.651259397	426324410.294098	80656	-98777372.9576687	121076132523.524	22906304	-28052773919.9779	34385621636714.4	80656	-98777372.9576687	121076132523.524	22906304	-28052773919.9779	34385621636714.4	6505390336	-7966987793273.73	9.76551654481759e+15	
285	1	-1231.10044325807	1516833.55792967	285	-350863.62632855	432297564.009955	81225	-99996133.5036367	123204805742.784	285	-350863.62632855	432297564.009955	81225	-99996133.5036367	123204805742.784	23149125	-28498898048.5365	35113369636701.3	81225	-99996133.5036367	123204805742.784	23149125	-28498898048.5365	35113369636701.3	6597500625	-8122185943832.54	1.0007310346463e+16	
286	1	-1235.36763011274	1527279.62413723	286	-353315.142212243	436801972.503249	81796	-101048130.672702	124925364135.929	286	-353315.142212243	436801972.503249	81796	-101048130.672702	124925364135.929	23393656	-28899765372.3927	35728654142877.2	81796	-101048130.672702	124925364135.929	23393656	-28899765372.3927	35728654142877.2	6690585616	-8265332896503.89	1.02183950848612e+16	
287	1	-1241.58578300374	1542691.23334887	287	-356335.119722074	442752383.971127	82369	-102268179.360235	127069934199.618	287	-356335.119722074	442752383.971127	82369	-102268179.360235	127069934199.618	23639903	-29350967476.3875	36469071115317.4	82369	-102268179.360235	127069934199.618	23639903	-29350967476.3875	36469071115317.4	6784652161	-8423727665723.36	1.04666234100965e+16	
288	1	-1248.29084107841	1559274.50998041	288	-359507.762230581	449071058.874357	82944	-103538235.522407	129332464955.815	288	-359507.762230581	449071058.874357	82944	-103538235.522407	129332464955.815	23887872	-29819011830.4533	37247749907274.7	82944	-103538235.522407	129332464955.815	23887872	-29819011830.4533	37247749907274.7	6879707136	-8587875407170.56	1.07273519732951e+16	
289	1	-1254.31752726521	1574322.62238073	289	-362497.765379645	454979237.868031	83521	-104761854.194718	131488999743.711	289	-362497.765379645	454979237.868031	83521	-104761854.194718	131488999743.711	24137569	-30276175862.2734	38000320925981.3	83521	-104761854.194718	131488999743.711	24137569	-30276175862.2734	38000320925981.3	6975757441	-8749814824198.12	1.09820927476083e+16	
290	1	-1260.58576071626	1590077.60027391	290	-365569.870607714	461122504.079434	84100	-106015262.476237	133725526183.036	290	-365569.870607714	461122504.079434	84100	-106015262.476237	133725526183.036	24389000	-30744426118.1088	38780402593087.2	84100	-106015262.476237	133725526183.036	24389000	-30744426118.1088	38780402593087.2	7072810000	-8915883574250.89	1.12463167519925e+16	
291	1	-1264.80341955283	1600709.90741877	291	-368057.795089873	465806583.058863	84681	-107104818.371153	135549715669.955	291	-368057.795089873	465806583.058863	84681	-107104818.371153	135549715669.955	24642171	-31167502146.0055	39444967260004.6	84681	-107104818.371153	135549715669.955	24642171	-31167502146.0055	39444967260004.6	7170871761	-9069743124487.8	1.14784854726641e+16	
292	1	-1269.97093427669	1613741.45756901	292	-370831.512808792	471212505.610152	85264	-108282801.740167	137594051638.164	292	-370831.512808792	471212505.610152	85264	-108282801.740167	137594051638.164	24897088	-31618578108.1289	40177463078290.1	85264	-108282801.740167	137594051638.164	24897088	-31618578108.1289	40177463078290.1	7269949696	-9232624807573.63	1.17318192188763e+16	
293	1	-1275.50951962208	1627789.07699544	293	-373724.289249269	476942199.559664	85849	-109501216.750036	139744064470.814	293	-373724.289249269	476942199.559664	85849	-109501216.750036	139744064470.814	25153757	-32083856507.7605	40945010890001.2	85849	-109501216.750036	139744064470.814	25153757	-32083856507.7605	40945010890001.2	7370050801	-9400569956774.53	1.19968881907713e+16	
294	1	-1279.27577233283	1637422.10289798	294	-376107.077065853	481402098.252007	86436	-110575480.657361	141532216886.09	294	-376107.077065853	481402098.252007	86436	-110575480.657361	141532216886.09	25412184	-32509191313.2641	41610471764522.5	86436	-110575480.657361	141532216886.09	25412184	-32509191313.2641	41610471764522.5	7471182096	-9557702246100.02	1.22334786987672e+16	
295	1	-1284.12306244877	1649807.83071578	295	-378816.303422386	486693310.061154	87025	-111750809.509604	143574526467.83	295	-378816.303422386	486693310.061154	87025	-111750809.509604	143574526467.83	25672375	-32966488805.3332	42354485308069.2	87025	-111750809.509604	143574526467.83	25672375	-32966488805.3332	42354485308069.2	7573350625	-9725114197573.41	1.24945731658796e+16	
296	1	-1288.32273417534	1660632.50077781	296	-381343.529315901	491547220.230231	87616	-112877684.677507	145497977188.148	296	-381343.529315901	491547220.230231	87616	-112877684.677507	145497977188.148	25934336	-33411794664.5419	43067401247689.6	87616	-112877684.677507	145497977188.148	25934336	-33411794664.5419	43067401247689.6	7676563456	-9889891220704.42	1.27479507693168e+16	
297	1	-1291.89439292312	1669810.84715005	297	-383692.634698168	495933821.603564	88209	-113956712.505356	147292345016.035	297	-383692.634698168	495933821.603564	88209	-113956712.505356	147292345016.035	26198073	-33845143614.0907	43745826469818.3	88209	-113956712.505356	147292345016.035	26198073	-33845143614.0907	43745826469818.3	7780827681	-10052007653384	1.29925104615388e+16	
298	1	-1297.12974977709	1683312.09125832	298	-386544.665433574	501627003.19498	88804	-115190310.299205	149484846952.104	298	-386544.665433574	501627003.19498	88804	-115190310.299205	149484846952.104	26463592	-34326712469.1631	44546484391711.4	88804	-115190310.299205	149484846952.104	26463592	-34326712469.1631	44546484391711.4	7886150416	-10229360315811	1.32748523487333e+16	
299	1	-1302.23430055886	1696609.1528293	299	-389368.0558671	507286136.695961	89401	-116421048.704263	151678554871.881	299	-389368.0558671	507286136.695961	89401	-116421048.704263	151678554871.881	26730899	-34809893562.5746	45351887906753.6	89401	-116421048.704263	151678554871.881	26730899	-34809893562.5746	45351887906753.6	7992538801	-10408158175209	1.35602144841211e+16	
300	1	-1306.72991142888	1708337.92349706	300	-392018.973428663	512501377.049117	90000	-117605692.028599	153750413114.735	300	-392018.973428663	512501377.049117	90000	-117605692.028599	153750413114.735	27000000	-35281707608.5797	46125123934415.7	90000	-117605692.028599	153750413114.735	27000000	-35281707608.5797	46125123934415.7	8100000000	-10584512282573.9	1.38375371803276e+16	
301	1	-1309.79027076215	1716324.53449525	301	-394246.871499406	516613684.883069	90601	-118668308.321321	155500719149.568	301	-394246.871499406	516613684.883069	90601	-118668308.321321	155500719149.568	27270901	-35719160804.7177	46805716464085	90601	-118668308.321321	155500719149.568	27270901	-35719160804.7177	46805716464085	8208541201	-10751467402219.2	1.40885206556924e+16	
302	1	-1314.3856605875	1728366.17224929	302	-396944.469497424	521966584.019286	91204	-119877229.788222	157633908373.824	302	-396944.469497424	521966584.019286	91204	-119877229.788222	157633908373.824	27543608	-36202923396.0431	47605440328889.4	91204	-119877229.788222	157633908373.824	27543608	-36202923396.0431	47605440328889.4	8318169616	-10933282865605.2	1.43768429793259e+16	
303	1	-1318.80690898738	1740003.58210117	303	-399598.493423175	527221085.376654	91809	-121078343.507222	159747988868.887	303	-399598.493423175	527221085.376654	91809	-121078343.507222	159747988868.887	27818127	-36686738082.6883	48403640627347.9	91809	-121078343.507222	159747988868.887	27818127	-36686738082.6883	48403640627347.9	8428892481	-11116081639053.5	1.46663031100876e+16	
