# lnPI (bias) matrix in single row (vectorized) notation.
# species_total_upper_bound: 303
# species_total_lower_bound: 272
# volume: 729
0
4.49190752399652
8.9796176279414
13.4659519382396
17.9547523188909
22.4526787806888
26.9495919857803
31.4535960281501
35.9565339706842
40.4612219450695
44.9690533426358
49.4727932311651
53.9829034111893
58.4965996940663
63.0199950616019
67.5356555093592
72.0700709182989
76.6029203592079
81.1319435353132
85.6659603228467
90.1999073999216
94.725211150379
99.2721556698901
103.811357744997
108.358186454019
112.919133391095
117.47438527782
122.039190129437
126.604595467324
131.172135306725
135.742404670646
140.324863229009
