# lnPI (bias) matrix in single row (vectorized) notation.
# species_total_upper_bound: 303
# species_total_lower_bound: 272
# volume: 729
0
4.49123811270936
8.98037452685362
13.4727445595542
17.9649956983635
22.4634075377729
26.9617238219266
31.4666531375368
35.9731858327326
40.479480381296
44.9916289970306
49.500350149884
54.0182015253199
58.531040395643
63.0545668447696
67.5758839100786
72.1163650189744
76.6524997546476
81.1841105856112
85.7228667224943
90.2606040949231
94.7921149606633
99.3376209492003
103.881602406628
108.432558140126
112.992973541664
117.5504507581
122.109748968631
126.674371320785
131.24643314501
135.818205462173
140.402928005196
