# lnPI (bias) matrix in single row (vectorized) notation.
# species_total_upper_bound: 303
# species_total_lower_bound: 272
# volume: 729
0
4.49177477892956
8.98121955707073
13.4745597313802
17.9678859686926
22.4663771152419
26.9656266751362
31.4708144026833
35.9774061077067
40.4844125630303
44.9958066899776
49.5051618319762
54.0221007472188
58.5356979297644
63.0600985496783
67.5813113785634
72.1215839949139
76.6567660938312
81.1886129783516
85.7269914000333
90.2645356629222
94.7960642355054
99.3408718727633
103.887308037054
108.438292683706
112.997096589859
117.554994486637
122.116651077833
126.680825704436
131.251016260978
135.823339673981
140.406726120954
