# lnPI (bias) matrix in single row (vectorized) notation.
# species_total_upper_bound: 100
# species_total_lower_bound: 0
# volume: 512
0
6.93024813724038
13.1699207145051
19.0026546993408
24.5465745725561
29.8701963645346
35.0109362729473
39.9969364920261
44.8512951969678
49.5869627235203
54.2168645114167
58.7491473865256
63.1943066014953
67.5594158479205
71.850624417123
76.0734320005016
80.2300959711256
84.3266824320925
88.3685692899708
92.3538533428341
96.2886600452668
100.174495604668
104.015014618151
107.810362564973
111.56188514483
115.274615070995
118.950196568322
122.585131945864
126.183279268064
129.746009293354
133.276348635068
136.776551051788
140.241380166357
143.675768306158
147.081137081404
150.458984673117
153.808099569824
157.130033930558
160.425293464448
163.692295257964
166.936275092478
170.15499502006
173.346566702475
176.517015667172
179.663920558407
182.790240715747
185.892660438034
188.974563550938
192.034883722577
195.074060260448
198.095267604136
201.097919005438
204.077009848885
207.03676542759
209.977121300333
212.902951222071
215.810443730739
218.701102714183
221.572517880117
224.427292131839
227.263811587451
230.083021001911
232.887767724845
235.677101380575
238.449826470151
241.208690460958
243.951207010055
246.678748689172
249.391695878326
252.088394127901
254.770380343677
257.438846950357
260.094598807098
262.734211825406
265.361505966078
267.9750606009
270.574224677126
273.160192615242
275.734494205284
278.296485754932
280.848193174541
283.385842573835
285.910554312263
288.423317641066
290.924426342968
293.413133060546
295.889422535452
298.354650428584
300.808833928599
303.251242320175
305.679965121852
308.100997522731
310.510252107465
312.91003705112
315.297429460245
317.67175514197
320.036805620734
322.390360391541
324.73481785183
327.070383319369
329.395536088301
