# <P(U)> as a function of N_tot.
# number_of_species: 1
# species_total_upper_bound: 572
# species_total_lower_bound: 551
# volume: 729
# Bin widths for each
10	10	10	10	10	10	10	10	10	10	10	10	10	10	10	10	10	10	10	10	10	10	
# Bin lower bound for each
-3260	-3280	-3290	-3290	-3310	-3330	-3350	-3370	-3350	-3360	-3370	-3390	-3390	-3400	-3420	-3430	-3430	-3460	-3450	-3470	-3480	-3480	
# Bin upper bound for each
-3130	-3140	-3140	-3150	-3170	-3180	-3190	-3200	-3210	-3210	-3230	-3230	-3230	-3250	-3270	-3290	-3280	-3280	-3320	-3330	-3330	-3350	
# Normalized histogram for each
0.000180732310695186	0.00125526919399026	0.00836314440209302	0.0311196538278703	0.0821563610042091	0.15567814847479	0.215576753837964	0.22210026439068	0.163451480113856	0.0803236081462751	0.0298801935936238	0.00846736701618009	0.00139473130200797	5.22923857657008e-05	
4.87457952838488e-06	0.000533833539727801	0.00197489042966348	0.00937245989871995	0.0347014310349333	0.0919416059956672	0.168501632812712	0.222570856522804	0.215420340284707	0.147952104915739	0.0698118199132358	0.0274195992889911	0.00818567121372514	0.00148039638649656	0.00012848318334908	
9.15586033933961e-05	0.000296476937779888	0.00190720005082637	0.0109542080653011	0.0370691839620235	0.090152921265243	0.167525153779206	0.220876100542998	0.213307659720396	0.148664495425627	0.0720113321709336	0.0269564503618681	0.00779745998159261	0.00201934860806393	0.000315165808767254	5.52847159806742e-05	
0.000238704622116478	0.00227908676469385	0.0124914912841346	0.0388508574375849	0.0932433076743551	0.174315818919641	0.219926810120834	0.210922048187648	0.147524379124429	0.0706255141430941	0.0224136654121999	0.00531159051987747	0.00149815300898481	0.000300002011804206	5.85707686027961e-05	
3.26583626665136e-06	0.000296313496687011	0.00234055435628389	0.00983787856455418	0.036186703111673	0.100850361899977	0.182106339225578	0.222167618974451	0.210134652443446	0.139521057198676	0.0653916237630016	0.0231768055416781	0.00679457954624011	0.00114689839429477	4.53476471915642e-05	
2.15313628786976e-06	0.000159149139081824	0.000856469767841528	0.00303471190628357	0.0119535371765155	0.0422925503145028	0.101793289515743	0.180648739682079	0.228122721000231	0.204279790406677	0.136348833071903	0.0633630294453068	0.0212416323565103	0.00524080408860598	0.000625746438170778	3.68425542591048e-05	
3.25267580669993e-05	2.66425920215894e-05	0.000115389493466766	0.000896972013851982	0.00409092013910112	0.01572024058802	0.0437318201708813	0.108000975546289	0.187996013470381	0.227756819413633	0.198033004501059	0.128647417151726	0.0590168604295475	0.0188245869692992	0.00579568984409753	0.00121192449472324	0.000102196423834685	
9.85966078239797e-07	3.21063883505692e-05	3.23563515816722e-05	9.09171818906472e-05	0.000801493213685748	0.00315727168521641	0.0175259636460976	0.0512626121899208	0.110936306577459	0.185888059160631	0.225715936701589	0.195824930807747	0.126682004317948	0.0573561325166738	0.0186762805487876	0.00526972483811444	0.000709173460331689	3.77444478965601e-05	
7.1242926040464e-05	0.000866231731759022	0.00510378049936143	0.019098000650713	0.0561608755211229	0.124923109859048	0.197350745404262	0.225066048375899	0.184201647421658	0.11233820082085	0.0541049638479133	0.0164863764028281	0.0036432117577337	0.000479558383799785	0.000106006397011205	
0.000153003218424886	0.00100553227837645	0.00427782691759257	0.0199664045791508	0.0546196811838388	0.122196857570669	0.202189317367144	0.224712168942918	0.184173453919737	0.11188358785425	0.0522014931183616	0.017902954069499	0.00431134518083673	0.000318282930284027	7.66890365931188e-05	1.14018323244352e-05	
7.68478827748252e-06	0.000402657761238563	0.00421197116516571	0.0189890489724055	0.0608637746026768	0.131742619876647	0.197342518494017	0.217117223131772	0.183559748568814	0.113477119650833	0.0517264513335559	0.0160835703909791	0.0035437246066072	0.000839213453590684	9.26732034198659e-05	
2.01416253879837e-05	0.000346781671138934	0.00139746805639673	0.00652334637593764	0.0232757675158	0.0667969649456505	0.137188067662213	0.202730104128746	0.214931434825811	0.172429929727823	0.106450293903141	0.0470722862342617	0.0151417825377549	0.00444534690951034	0.00109795908066467	0.000145846411298213	6.47838846434401e-06	
0.000135931719301733	0.000960990645276988	0.00602401479917386	0.0237224008701741	0.0673640312710378	0.132682109881902	0.203141790385198	0.219302274826263	0.182535383067575	0.105346144392201	0.0418338733812304	0.0125747247030909	0.00352764357806173	0.000578655202319722	0.000186572660663333	7.18646991305148e-05	1.15939174000076e-05	
7.46706638291047e-05	0.000674078199859426	0.00652503958177985	0.0270245529568605	0.0682803535960828	0.127781208972123	0.205712400703262	0.224384453130582	0.178779503397515	0.103046810452374	0.0405008963356033	0.0132354614549228	0.00316517611058806	0.000614465352869511	0.00016214119106497	3.87879006831848e-05	
5.86515024677317e-05	0.000351204407616725	0.00222650235076687	0.00931148265643224	0.0296332840878671	0.074195827586792	0.144527194765434	0.210212086200403	0.219436676698206	0.169074060472546	0.0915003882949301	0.03453386936842	0.0114265443340817	0.00306680279301781	0.00041780387918388	2.7620601834876e-05	
1.60721674095481e-05	0.000282229983807836	0.00184132556589999	0.00848885572937423	0.0336141617696611	0.0852530686023985	0.157839593966928	0.219168655699537	0.218505093113217	0.155922034569679	0.0789887506677951	0.0290992583961445	0.00872927083695553	0.00180952174310229	0.000442107188090273	
3.25862400913087e-05	0.00136523407524586	0.00876020307456711	0.0348342104674153	0.0907881593741649	0.159752928273164	0.216489880645259	0.220216543368497	0.15308159255718	0.0763702620667327	0.0276364795901694	0.00821370661825069	0.00164747920022829	0.000471039902818041	0.000337907171605863	1.7873746100022e-06	
5.96463183363864e-06	6.17871229899948e-05	0.000371947978339204	0.00218141262112595	0.0120157979534958	0.0397969526224716	0.0946994228808044	0.169251221527652	0.228180235663277	0.210264326227715	0.139503879158229	0.0692859981587195	0.0262050511976126	0.00662439012817617	0.00119903910454369	0.000148644549533568	5.55936000927628e-05	0.000125405374488736	2.29294988999697e-05	
7.34207670566558e-05	0.00162737189959158	0.0104733986943325	0.037368912148791	0.0947636540077105	0.167842304466795	0.223623104568242	0.215176262512067	0.145628968957362	0.0683972562711159	0.0263869746803563	0.00709391796685874	0.00149522248930035	4.92305704201133e-05	
8.84560479128394e-05	0.000353379621200379	0.00208177523178118	0.0105672779577727	0.03930765292331	0.100898524032839	0.176964703329045	0.223465600452007	0.209291549369111	0.142903911283676	0.0658003470478602	0.0219962412241961	0.00517578349311263	0.00105310656737657	5.16914188001165e-05	
2.2066225395445e-05	0.000238831920790415	0.00187428748643484	0.0118832047535617	0.0455494992536877	0.100219571788482	0.178660878140997	0.221033497500722	0.209068707660252	0.138696289151707	0.0641797735668429	0.0217815910701954	0.00537458174083507	0.00120213827147863	0.000210071607613299	5.00986100504606e-06	
3.88321398384278e-05	0.00258088901431975	0.0150840384683186	0.0442382857773637	0.104937898824293	0.180314325805485	0.22616378331491	0.207130120963926	0.132156468057872	0.0626104138113641	0.019936411541268	0.00411166584614788	0.000599710653790669	9.71557811031372e-05	
