# <P(U)> as a function of N_tot.
# number_of_species: 1
# species_total_upper_bound: 479
# species_total_lower_bound: 456
# volume: 729
# Bin widths for each
10	10	10	10	10	10	10	10	10	10	10	10	10	10	10	10	10	10	10	10	10	10	10	10	
# Bin lower bound for each
-2310	-2310	-2320	-2330	-2340	-2350	-2360	-2360	-2370	-2380	-2400	-2400	-2410	-2420	-2440	-2450	-2460	-2470	-2460	-2480	-2490	-2500	-2510	-2520	
# Bin upper bound for each
-2150	-2160	-2170	-2170	-2180	-2190	-2200	-2210	-2230	-2240	-2250	-2260	-2260	-2270	-2280	-2290	-2310	-2320	-2320	-2330	-2340	-2350	-2370	-2380	
# Normalized histogram for each
2.58264429459655e-08	5.52685879043662e-05	0.000357825367016352	0.00204919911554764	0.0107076948982832	0.0348284045934395	0.0872953657934703	0.163313537795256	0.216058572306486	0.214672622072234	0.152664675534004	0.0784771851139999	0.0293659569517101	0.00841319622763478	0.00153145641380986	0.000196565057261744	1.24483454999554e-05	
3.66529581336035e-05	0.000262915976253216	0.00204121639328701	0.00962113067540491	0.033960113533892	0.0847593595301818	0.159048483016345	0.216582742311907	0.214915664664382	0.157495955535654	0.0805385689199423	0.0304610586179075	0.00829878686704649	0.00170873459853533	0.000248290904288577	2.03254968397464e-05	
4.55050918694554e-05	0.000278228221284688	0.00167747157810818	0.00849103102537673	0.0319823595154498	0.081752114196888	0.157356989866199	0.217731010637261	0.214484122965154	0.159354678686533	0.083908765093467	0.0324958332648591	0.00840985564872719	0.00173625111167079	0.000270355279858226	2.54278172932343e-05	
2.04016423782302e-05	0.000342583969759755	0.00144414482834472	0.00766761726048485	0.0288770163942792	0.0797629053043196	0.153533607922055	0.211713032850377	0.216846014488029	0.166514651421578	0.0885021201090194	0.0335473562769488	0.00888573336669181	0.00200079264726854	0.000305232090668785	3.65082021505172e-05	2.81225646817709e-07	
2.64222507571129e-05	0.00015381341314529	0.00127568165815579	0.00709650349994777	0.0278428956570439	0.0767534575182539	0.150135179313194	0.210444633635741	0.220500993579239	0.16771990546683	0.0901904290091071	0.0360333316436774	0.00962567725615751	0.00178627241453402	0.000353929896792123	5.42297457286764e-05	6.64404169523519e-06	
1.96087866029302e-05	0.000222351910503968	0.00117050941511171	0.00661088948592417	0.0257953460266185	0.0728415169163523	0.145211555985776	0.210576923395661	0.222274393324159	0.171508264772065	0.0933222442967691	0.0372178339593738	0.0104866464800711	0.00240236959819046	0.000254582737898121	8.09340554976599e-05	4.02885342426914e-06	
1.44485858876427e-05	0.000182082978459725	0.0010397079219646	0.00568732782796872	0.024049812359577	0.0712894254238806	0.144367755160166	0.2110037863764	0.222604358376154	0.172416258575383	0.0946489136062077	0.0390903283244817	0.0108993921354166	0.00233397272389284	0.000289433661884253	8.01473067977055e-05	2.84865547695975e-06	
0.000147612672495077	0.000988759958924228	0.00580869402801413	0.0230460897299921	0.0685775730893512	0.141008468635711	0.208583100636029	0.22232121224013	0.178201163868554	0.0969002808456791	0.0396603665749938	0.0117707505321856	0.00268286354558214	0.000274211488556357	2.7743447267197e-05	1.10870653577088e-06	
4.20166918727769e-05	0.000899844467951925	0.0052888445813241	0.021449365005172	0.0656153902925041	0.138783996846926	0.207997333215666	0.222701561347038	0.179407525595624	0.102503416459479	0.0401786828808404	0.012118014838869	0.00266368644926543	0.000341990880503513	8.33044696362367e-06	
2.92235123218175e-05	0.000617590227067744	0.00457856088366004	0.0201491905060759	0.0616101670863532	0.135110433546865	0.205908209632312	0.225831220684012	0.180052035754625	0.105523312280294	0.0448278937845907	0.0125897787106134	0.00265315266146952	0.000482793485547288	3.64372441922482e-05	
4.2616788678708e-06	2.49650200346259e-05	0.000669820168726706	0.00433307514223748	0.019244400127661	0.0604407081037244	0.13124345161474	0.203253854951603	0.227663278333825	0.18175892008847	0.108121239397232	0.0459286655988969	0.0137554366658224	0.00309105881884992	0.000410673264236612	5.61910250726669e-05	
3.56182148097615e-05	0.000581100151832933	0.0040810080916297	0.0186692833083962	0.0576166458021663	0.127674885434716	0.20372080993005	0.228902622191194	0.186334472939134	0.108847909850909	0.0462835726243448	0.0131915152896964	0.00353419810782019	0.000499000299501111	2.73577637986983e-05	
6.21165575072936e-05	0.000504746866522681	0.00388402580891134	0.0174630454990627	0.0577673618768439	0.124328588987444	0.199982622248482	0.231732369655767	0.187954602763817	0.110029979412229	0.0485476912296232	0.0138784124602678	0.00324172944084812	0.000567687392058527	5.40895141323674e-05	9.3028648384907e-07	
7.03164198851312e-05	0.000479347621661889	0.003623644843883	0.0176536126128543	0.0552176104990904	0.122512960418716	0.198522500920667	0.229898253421819	0.189413000715845	0.113686514503963	0.0501436694733169	0.0148937865672413	0.00319720805905191	0.000576012677244296	9.50099234514737e-05	1.65513213093323e-05	
8.01474071111588e-06	0.000100745290738727	0.00060444502862999	0.00354745781775174	0.0165833000053699	0.0525937437468325	0.119337111482105	0.196057068159759	0.231817238264616	0.191624141788244	0.117202331862094	0.0503849880700585	0.0158205638476953	0.00368453659971419	0.000459404937561163	0.000131548610871782	4.33597472471369e-05	
7.58871306486565e-06	7.57525789985703e-05	0.000692483522334	0.00360046760465851	0.016533841314251	0.0515153327929201	0.118608436695238	0.192058325664562	0.22923650738254	0.195404221547257	0.119215910485048	0.0522387093741139	0.0165082226800746	0.00355808383488134	0.000649992111236755	8.08924520318658e-05	1.52312467897658e-05	
4.44406880840617e-06	9.51569400006001e-05	0.000413648537936376	0.00295067315252922	0.0148311773674187	0.0487381295555409	0.115078138311164	0.190834832600547	0.233278167625858	0.198155048874253	0.121138609213314	0.0529773671925051	0.0167274211273401	0.00389804088748	0.000809790138142667	6.93544071614903e-05	
3.65368267841161e-06	2.14653857356682e-05	0.000363702618384826	0.00317069806670217	0.0145691402761077	0.0480989593505772	0.112910212521289	0.189808680816914	0.232090789286263	0.201042787901732	0.121150153516463	0.0549461756124311	0.0171277927635483	0.00380361799479554	0.000806577316573175	8.55928898045543e-05	
0.000239888038823165	0.00277714967236573	0.0144904349440919	0.0487087016004791	0.114237323808495	0.189570767502118	0.229358573129073	0.197737601346573	0.123911574357033	0.0562882111506764	0.0175313662115017	0.00415429478917189	0.000833961310236628	0.000157185855047374	2.96628431443278e-06	
1.51182276616719e-05	0.00022096497557212	0.00248313496562965	0.0129899231991321	0.0472559426102307	0.112830047263054	0.190273833444847	0.228432077209467	0.197573196039198	0.125288281123471	0.0564192985343218	0.0195351115137572	0.00541693968367294	0.00104619763953167	0.000219363583414061	5.69987039308993e-07	
9.97563943443261e-06	0.000198485487066678	0.00250604823829937	0.0134431068196337	0.0471182972962232	0.110719973528059	0.18978729719917	0.22680681403759	0.199610841925044	0.125788541856188	0.0590012573631168	0.0192430895717801	0.00478609011976445	0.000752146992804293	0.000225492706023313	2.54121980172538e-06	
8.3767270311631e-07	0.000177829808361562	0.00254274197945951	0.0128555468011252	0.0449450856904047	0.112542084271279	0.187995858329982	0.222994121104883	0.200363609400893	0.128870081665522	0.0604395176799471	0.020612341988582	0.00490300641814016	0.000634577605160756	0.000102601395281698	2.01581882749925e-05	
1.86650599783037e-06	0.000294294667115055	0.00269395477103998	0.0119789688503614	0.0442291260901595	0.108923637186644	0.187809460028347	0.226728669862765	0.199990144848331	0.129223463110962	0.0613753301449145	0.0208452456412552	0.00500562244935289	0.000861179203027537	3.90366397260524e-05	
2.94376825116263e-05	0.000187588356495522	0.00300213560894908	0.0125344903492261	0.0432799439117231	0.104344419067255	0.186892145946094	0.230503711634558	0.199692163656831	0.128259688593703	0.0626667299804107	0.0222729623415305	0.00539685498601884	0.000847463019880569	9.02648648131247e-05	
