# <P(U)> as a function of N_tot.
# number_of_species: 1
# species_total_upper_bound: 479
# species_total_lower_bound: 456
# volume: 729
# Bin widths for each
10	10	10	10	10	10	10	10	10	10	10	10	10	10	10	10	10	10	10	10	10	10	10	10	
# Bin lower bound for each
-2310	-2310	-2320	-2330	-2340	-2350	-2360	-2360	-2370	-2380	-2400	-2400	-2410	-2420	-2440	-2450	-2460	-2470	-2460	-2480	-2490	-2500	-2510	-2520	
# Bin upper bound for each
-2150	-2160	-2170	-2170	-2180	-2190	-2200	-2210	-2230	-2240	-2250	-2260	-2260	-2270	-2280	-2290	-2310	-2320	-2320	-2330	-2340	-2350	-2370	-2380	
# Normalized histogram for each
2.51275398540371e-08	6.45777774248754e-05	0.000349096911192138	0.00212644318768775	0.0106874965261176	0.0347520158066297	0.0871321566876998	0.163738261292844	0.216095737132966	0.21522396226527	0.152362245047186	0.0783012084436977	0.0291866677695981	0.00827547884798874	0.0015012699961193	0.000191245705829077	1.21114742096459e-05	
3.74547706030861e-05	0.000266074472937071	0.00206784474806797	0.00959251318297469	0.0337397443716927	0.0847235195273911	0.159674883553821	0.2164164761628	0.214998240730346	0.157579951877147	0.0804449144755961	0.0303454434413885	0.00817174227342224	0.00167976612960074	0.00024164854009739	1.97817421147666e-05	
5.54057346572245e-05	0.000296646370740852	0.00169051973654449	0.00854996793709321	0.0318794775968375	0.0813764411443283	0.157454690311209	0.217928189604475	0.21483563692885	0.159326655148358	0.0838910281796443	0.0324069233260028	0.00829883164831118	0.00172166996158007	0.000263164839054525	2.4751532313299e-05	
2.59695613855507e-05	0.000352479583173615	0.00151591095823453	0.00780183831659532	0.0289230268668048	0.0795068818093919	0.153543986939599	0.212127710541876	0.217161253314913	0.166167830529209	0.0881539248738399	0.0335984434183206	0.00878917915042222	0.00199592496786764	0.000299843958756158	3.55215839641441e-05	2.73625646782623e-07	
3.20856429482186e-05	0.000169117556177654	0.00134100508963193	0.0071766219760686	0.0278695644954508	0.0766823644946518	0.150122056532406	0.210909992530412	0.220669820880962	0.167696424373453	0.0897148285484318	0.0357966908840444	0.00964819028858726	0.00176748196243782	0.000344502424713286	5.27852522899099e-05	6.46706733353201e-06	
1.90676017147452e-05	0.000227100343439989	0.00121251598368369	0.00667170176981561	0.0259366246476895	0.07315946193162	0.145328449977548	0.210860970404553	0.222452534937227	0.171174075797808	0.0929329864302648	0.0369147777384634	0.0104410368510538	0.0023385210930075	0.000247556483120957	7.87003482998716e-05	3.91766069041579e-06	
1.40319741085902e-05	0.000193531578957731	0.00106480999971811	0.00568299936113394	0.0240905816517458	0.0715722647538918	0.14442717157448	0.211471221081578	0.222956130191896	0.172010019975998	0.0944133277733817	0.038652804870745	0.0108079847465712	0.00228142950973005	0.000281088106566039	7.78363323998706e-05	2.76651709778599e-06	
0.000147183971332776	0.000988531884293834	0.00578565855695411	0.0229327788561456	0.068589306808028	0.14103456846863	0.209175868583703	0.222937957690425	0.178001437814522	0.0966968919613859	0.0392302951297567	0.011559458333964	0.00262599422047098	0.000266071993051856	2.69199308437985e-05	1.07579649282838e-06	
4.07571599522065e-05	0.000905041271801167	0.00531007208916353	0.0214479125010947	0.065653244345689	0.138694443622343	0.208108078897377	0.223450371869944	0.179159485342624	0.102186684762105	0.040059667068043	0.012023564204042	0.00262085710034675	0.000331739039834038	8.08072564108184e-06	
2.83411517890046e-05	0.000620849952163455	0.00458220252776009	0.0202068837695917	0.0616773677493982	0.134815693021717	0.205646333626473	0.226462271301267	0.180210073298134	0.105337192938621	0.0447117415068398	0.0125817096470447	0.0026157861798484	0.000468216253609699	3.53370757441282e-05	
4.1322042110834e-06	2.42065542982602e-05	0.000695460171698697	0.00436230676780058	0.0192507660775011	0.0603308956899529	0.131124098816001	0.203018304797402	0.227503374760976	0.182574913163769	0.107860783897504	0.0460726740447428	0.0136600468245056	0.00304670987523855	0.000416842476651388	5.44838777461367e-05	
3.45079343545349e-05	0.000566357290983563	0.00415103945309376	0.0186186646288887	0.0574618866169636	0.127645852763882	0.203389945216531	0.228257994183728	0.18696609843773	0.109391052558389	0.0463030859923314	0.0131599005553899	0.00351852265485776	0.00050858673719838	2.65049756787255e-05	
6.02312772801359e-05	0.00049146351153398	0.00390621868994833	0.0173950609167077	0.0574710250056707	0.124534029112403	0.200335723005608	0.230736126464961	0.188371708887108	0.110463853256918	0.0484780855185685	0.013895667520669	0.00324826221682698	0.000559194703956829	5.24478601904478e-05	9.02051649467162e-07	
6.80777771804532e-05	0.000464086775646248	0.00356987044028798	0.017461794772123	0.0549003076681319	0.12242392553935	0.198577112427063	0.229370546772586	0.189677067352028	0.114390773677833	0.0502885164110347	0.0149653769968447	0.00317685955197896	0.000557674334936461	9.19851211029737e-05	1.60243818723922e-05	
7.76919141130392e-06	9.76587360400903e-05	0.000589966498469715	0.00352340599694044	0.0163186168187404	0.0521264574711743	0.11944279773555	0.195696971183318	0.231542570106011	0.192264671904327	0.117801141693037	0.0505592043850767	0.0157786839129595	0.0036352046613491	0.000445330051695941	0.000127518328364202	4.20313255351542e-05	
7.34859969305785e-06	7.33557026097796e-05	0.000670572751423609	0.00362150458774121	0.0163752860025489	0.0507815600597665	0.118221144798216	0.192045177314675	0.229041467939597	0.195951010169263	0.119581078742122	0.052636169422018	0.0167619474289517	0.00350619411383419	0.000633100104761846	7.83329456642975e-05	1.47493171144353e-05	
4.30308230828914e-06	9.21381199708214e-05	0.00040052568539821	0.00288692488098783	0.014788572484261	0.0482161676608134	0.11431623226703	0.19082281896904	0.233073454110509	0.198894592921503	0.121659272710762	0.0534185680922483	0.0167680685839341	0.00380710643350706	0.000784099834430432	6.71541632960275e-05	
3.54513508281058e-06	2.08276686115121e-05	0.000352897343758012	0.00309154026239891	0.0144846660004419	0.0478255405659772	0.112404398980868	0.189611628105633	0.231873183427818	0.201578335846339	0.121642708200635	0.0550383785636525	0.0173924327162687	0.00381313165476922	0.000783735524998403	8.30500027487831e-05	
0.000234604517792331	0.00273149519544269	0.0144919218918885	0.0483896456837644	0.113895354230759	0.189074410269796	0.2295996654501	0.197942984205929	0.124291301604836	0.0565631254595682	0.017665648849274	0.0041546322528605	0.000809714545303073	0.00015261580073978	2.88004194609349e-06	
1.46539578353805e-05	0.000214179301145121	0.00251969148604261	0.0128120579394867	0.0470994779323629	0.11271774380404	0.189881618383103	0.228576722637858	0.197648558049234	0.125348192639509	0.0568542782808692	0.0197706095222997	0.00531496682904322	0.00101406966744119	0.000212627086580871	5.52483149987415e-07	
9.66252239597247e-06	0.00021084723667309	0.00255467665298394	0.0133661489003604	0.0467136871017581	0.110451010409181	0.189501651086788	0.227112875491774	0.199779511189489	0.125796143401888	0.059508883052737	0.019339185068622	0.00470630304927735	0.000728538477237794	0.000218414903265058	2.46145556970572e-06	
8.12046154607825e-07	0.000172730075596258	0.00262406166102207	0.0130277350434851	0.0444194747528302	0.112159814874433	0.187159087962149	0.223331107628335	0.201038004545887	0.129004166844575	0.0607724864093598	0.0206938960586161	0.00486245378867992	0.000615164254671296	9.94625564208358e-05	1.95414977850786e-05	
1.8110739878315e-06	0.000309253819664998	0.00268013077713521	0.0119673958041918	0.043891792054865	0.10877287085679	0.187391825520925	0.227087695488296	0.2009755272418	0.129025619685484	0.0612851913990854	0.0207672490761518	0.00497015621729152	0.000835603665499912	3.78773188312187e-05	
2.8618617541419e-05	0.000182368956104083	0.00302026489246834	0.0123538591984812	0.0429078075019768	0.104044296733215	0.185693680458189	0.230856744194268	0.200857986673758	0.128613756795297	0.0628369185884809	0.0223322691678455	0.0053597913882135	0.000823883471019816	8.77533631424438e-05	
