# <N_i^j*N_k^m*U^p> as a function of N_tot.
# number_of_species: 1
# max_order: 2
# species_total_upper_bound: 479
# species_total_lower_bound: 456
# volume: 729
#	N_tot	N_1^0*N_1^0*U^0	N_1^0*N_1^0*U^1	N_1^0*N_1^0*U^2	N_1^0*N_1^1*U^0	N_1^0*N_1^1*U^1	N_1^0*N_1^1*U^2	N_1^0*N_1^2*U^0	N_1^0*N_1^2*U^1	N_1^0*N_1^2*U^2	N_1^1*N_1^0*U^0	N_1^1*N_1^0*U^1	N_1^1*N_1^0*U^2	N_1^1*N_1^1*U^0	N_1^1*N_1^1*U^1	N_1^1*N_1^1*U^2	N_1^1*N_1^2*U^0	N_1^1*N_1^2*U^1	N_1^1*N_1^2*U^2	N_1^2*N_1^0*U^0	N_1^2*N_1^0*U^1	N_1^2*N_1^0*U^2	N_1^2*N_1^1*U^0	N_1^2*N_1^1*U^1	N_1^2*N_1^1*U^2	N_1^2*N_1^2*U^0	N_1^2*N_1^2*U^1	N_1^2*N_1^2*U^2	
456	1	-2226.40822805426	4957197.13891537	456	-1015242.15199274	2260481893.85407	207936	-462950421.30869	1030779744280.5	456	-1015242.15199274	2260481893.85407	207936	-462950421.30869	1030779744280.5	94818816	-211105392117.396	470035563470033	207936	-462950421.30869	1030779744280.5	94818816	-211105392117.396	470035563470033	43237380096	-96264058806680.5	2.1433621691546e+17	
457	1	-2235.95021907621	4999775.54010143	457	-1021829.25011783	2284897421.44647	208849	-466975967.302679	1044198121775.09	457	-1021829.25011783	2284897421.44647	208849	-466975967.302679	1044198121775.09	95443993	-213408017054.414	477198541630848	208849	-466975967.302679	1044198121775.09	95443993	-213408017054.414	477198541630848	43617904842.1615	-97527463792892.2	2.18079733522973e+17	
458	1	-2245.45194286626	5042353.63146956	458	-1028416.98983275	2309397963.16606	209764	-471014981.343397	1057704267304.56	458	-1028416.98983275	2309397963.16606	209764	-471014981.343397	1057704267304.56	96071912	-215724861463.075	484428554375658	209764	-471014981.343397	1057704267304.56	96071912	-215724861463.075	484428554375658	44000935681.0167	-98801986531663.3	2.21868277916529e+17	
459	1	-2254.80248334141	5084433.89132522	459	-1034954.33985371	2333755156.67481	210681	-475044041.991471	1071193616485.37	459	-1034954.33985371	2333755156.67481	210681	-475044041.991471	1071193616485.37	96702579	-218045215272.065	491677870107780	210681	-475044041.991471	1071193616485.37	96702579	-218045215272.065	491677870107780	44386483727.1595	-100082753836319	2.2568014236878e+17	
460	1	-2264.41153213521	5127858.88801419	460	-1041629.30478219	2358815089.8864	211600	-479149480.199809	1085054940795.45	460	-1041629.30478219	2358815089.8864	211600	-479149480.199809	1085054940795.45	97336000	-220408760893.447	499125272754452	211600	-479149480.199809	1085054940795.45	97336000	-220408760893.447	499125272754452	44774560000	-101388030013581	2.29597625427621e+17	
461	1	-2273.92496929385	5171034.15259903	461	-1048279.41084446	2383846743.77316	212521	-483256808.398707	1098953349159.23	461	-1048279.41084446	2383846743.77316	212521	-483256808.398707	1098953349159.23	97972181	-222781388670.181	506617494011092	212521	-483256808.398707	1098953349159.23	97972181	-222781388670.181	506617494011092	45165175489.1842	-102702220176130	2.33550664699283e+17	
462	1	-2283.64220590412	5215318.07163489	462	-1055042.6991277	2409476950.76886	213444	-487429726.996999	1113178350305.96	462	-1055042.6991277	2409476950.76886	213444	-487429726.996999	1113178350305.96	98611128	-225192533870.902	514288397870377	213444	-487429726.996999	1113178350305.96	98611128	-225192533870.902	514288397870377	45558341120.9845	-104038950650955	2.37601239842994e+17	
463	1	-2293.18712518534	5259003.0321894	463	-1061745.63896081	2434918404.23039	214369	-491588230.838748	1127367220825.94	463	-1061745.63896081	2434918404.23039	214369	-491588230.838748	1127367220825.94	99252847	-227605350870.663	521971023292554	214369	-491588230.838748	1127367220825.94	99252847	-227605350870.663	521971023292554	45954068203.1265	-105381277453262	2.41672583796049e+17	
464	1	-2302.76527115915	5303022.56984281	464	-1068483.08581784	2460602472.40706	215296	-495776151.81948	1141719547022.8	464	-1068483.08581784	2460602472.40706	215296	-495776151.81948	1141719547022.8	99897344	-230040134444.239	529757869919223	215296	-495776151.81948	1141719547022.8	99897344	-230040134444.239	529757869919223	46352367616	-106738622382580	2.4580765164346e+17	
465	1	-2312.23548900541	5346727.91615415	465	-1075189.50238751	2486228480.69001	216225	-499963118.610874	1156096243669.87	465	-1075189.50238751	2486228480.69001	216225	-499963118.610874	1156096243669.87	100544625	-232482850150.172	537584753190224	216225	-499963118.610874	1156096243669.87	100544625	-232482850150.172	537584753190224	46753250613.6728	-108104525314470	2.49976910280132e+17	
466	1	-2321.82544993815	5391169.52994872	466	-1081970.65967118	2512284999.23939	217156	-504198327.40677	1170724810366.12	466	-1081970.65967118	2512284999.23939	217156	-504198327.40677	1170724810366.12	101194696	-234956420573.059	545557761679600	217156	-504198327.40677	1170724810366.12	101194696	-234956420573.059	545557761679600	47156728320.9648	-109489691981366	2.54229916927753e+17	
467	1	-2331.54846536745	5436412.3187075	467	-1088833.1333266	2538804553.45131	218089	-508485073.262891	1185621726339.8	467	-1088833.1333266	2538804553.45131	218089	-508485073.262891	1185621726339.8	101847563	-237462529217.789	553685346116227	218089	-508485073.262891	1185621726339.8	101847563	-237462529217.789	553685346116227	47562811906.8964	-110895001142102	2.5857105665819e+17	
468	1	-2341.27254433391	5481850.66621837	468	-1095715.55074827	2565506110.34861	219024	-512794877.750189	1200656860340.77	468	-1095715.55074827	2565506110.34861	219024	-512794877.750189	1200656860340.77	102503232	-239988002788.755	561907410584315	219024	-512794877.750189	1200656860340.77	102503232	-239988002788.755	561907410584315	47971512565.3233	-112314385305938	2.62972668167988e+17	
469	1	-2350.95809239932	5527300.30664623	469	-1102599.34533528	2592303843.18787	219961	-517119092.96274	1215790502886.78	469	-1102599.34533528	2592303843.18787	219961	-517119092.96274	1215790502886.78	103161709	-242528854600.46	570205745696424	219961	-517119092.96274	1215790502886.78	103161709	-242528854600.46	570205745696424	48382841540.9546	-113746032804707	2.6742649473822e+17	
470	1	-2360.59155461815	5572687.53943801	470	-1109478.03067053	2619163143.48344	220900	-521454674.415149	1231006677410.26	470	-1109478.03067053	2619163143.48344	220900	-521454674.415149	1231006677410.26	103823000	-245083696982.105	578573138381653	220900	-521454674.415149	1231006677410.26	103823000	-245083696982.105	578573138381653	48796809999.3051	-115189337580321	2.71929375052574e+17	
471	1	-2370.31321359674	5618681.23642747	471	-1116417.52360407	2646398862.63544	221841	-525832653.61776	1246453864041.75	471	-1116417.52360407	2646398862.63544	221841	-525832653.61776	1246453864041.75	104487111	-247667179850.657	587079770038570	221841	-525832653.61776	1246453864041.75	104487111	-247667179850.657	587079770038570	49213429259.2686	-116651241713312	2.76514571653398e+17	
472	1	-2379.98383860554	5664613.70744576	472	-1123352.37182182	2673697671.75764	222784	-530222319.499897	1261985300224.27	472	-1123352.37182182	2673697671.75764	222784	-530222319.499897	1261985300224.27	105154048	-250264934803.84	595657061673432	222784	-530222319.499897	1261985300224.27	105154048	-250264934803.84	595657061673432	49632710656	-118125049226974	2.81150133119936e+17	
473	1	-2389.80361073837	5711452.16153226	473	-1130377.10787925	2701516872.14288	223729	-534668372.026657	1277817480573.04	473	-1130377.10787925	2701516872.14288	223729	-534668372.026657	1277817480573.04	105823817	-252898139976.717	604407668368591	223729	-534668372.026657	1277817480573.04	105823817	-252898139976.717	604407668368591	50054665448.3908	-119620820206777	2.85884827114819e+17	
474	1	-2399.76745620927	5759176.18492818	474	-1137489.77424319	2729849511.72341	224676	-539170152.991273	1293948668516.19	474	-1137489.77424319	2729849511.72341	224676	-539170152.991273	1293948668516.19	106496424	-255566652514.97	613331668803263	224676	-539170152.991273	1293948668516.19	106496424	-255566652514.97	613331668803263	50479304979.1999	-121138593291057	2.90719211075526e+17	
475	1	-2409.45694632876	5805776.67272788	475	-1144492.04950616	2757743920.21334	225625	-543633723.515143	1309928361742.7	475	-1144492.04950616	2757743920.21334	225625	-543633723.515143	1309928361742.7	107171875	-258226018640.04	622215971740436	225625	-543633723.515143	1309928361742.7	107171875	-258226018640.04	622215971740436	50906640618.3846	-122657358870095	2.95552586621757e+17	
476	1	-2419.37630910127	5853675.78468419	476	-1151623.12313221	2786349674.98505	226576	-548172606.61093	1326302444770.71	476	-1151623.12313221	2786349674.98505	226576	-548172606.61093	1326302444770.71	107850176	-260930160742.614	631319963585047	226576	-548172606.61093	1326302444770.71	107850176	-260930160742.614	631319963585047	51336683753.9073	-124202756515969	3.00508302688262e+17	
477	1	-2429.09975245512	5900822.23188032	477	-1158680.58192109	2814692203.92549	227529	-552690637.577554	1342608181736.79	477	-1158680.58192109	2814692203.92549	227529	-552690637.577554	1342608181736.79	108531333	-263633434119.333	640424102690259	227529	-552690637.577554	1342608181736.79	108531333	-263633434119.333	640424102690259	51769445876.2035	-125753148073351	3.05482296996891e+17	
478	1	-2439.01894313918	5949110.17020081	478	-1165851.05482053	2843674663.18915	228484	-557276804.204212	1359276488204.19	478	-1165851.05482053	2843674663.18915	228484	-557276804.204212	1359276488204.19	109215352	-266378312402.595	649734161320779	228484	-557276804.204212	1359276488204.19	109215352	-266378312402.595	649734161320779	52204938240.8937	-127328833335230	3.10572929098297e+17	
479	1	-2448.76154084553	5996732.21597003	479	-1172956.77806501	2872434731.67963	229441	-561846296.693197	1375896236508.35	479	-1172956.77806501	2872434731.67963	229441	-561846296.693197	1375896236508.35	109902239	-269124376098.179	659054297289310	229441	-561846296.693197	1375896236508.35	109902239	-269124376098.179	659054297289310	52643172523.4077	-128910576159555	3.1568700835697e+17	
