# <N_i^j*N_k^m*U^p> as a function of N_tot.
# number_of_species: 1
# max_order: 2
# species_total_upper_bound: 479
# species_total_lower_bound: 456
# volume: 729
#	N_tot	N_1^0*N_1^0*U^0	N_1^0*N_1^0*U^1	N_1^0*N_1^0*U^2	N_1^0*N_1^1*U^0	N_1^0*N_1^1*U^1	N_1^0*N_1^1*U^2	N_1^0*N_1^2*U^0	N_1^0*N_1^2*U^1	N_1^0*N_1^2*U^2	N_1^1*N_1^0*U^0	N_1^1*N_1^0*U^1	N_1^1*N_1^0*U^2	N_1^1*N_1^1*U^0	N_1^1*N_1^1*U^1	N_1^1*N_1^1*U^2	N_1^1*N_1^2*U^0	N_1^1*N_1^2*U^1	N_1^1*N_1^2*U^2	N_1^2*N_1^0*U^0	N_1^2*N_1^0*U^1	N_1^2*N_1^0*U^2	N_1^2*N_1^1*U^0	N_1^2*N_1^1*U^1	N_1^2*N_1^1*U^2	N_1^2*N_1^2*U^0	N_1^2*N_1^2*U^1	N_1^2*N_1^2*U^2	
456	1	-2226.3918483741	4957127.50007235	456	-1015234.68285859	2260450140.03299	207936	-462947015.383516	1030765263888.36	456	-1015234.68285859	2260450140.03299	207936	-462947015.383516	1030765263888.36	94818816	-211103839015.732	470028960360393	207936	-462947015.383516	1030765263888.36	94818816	-211103839015.732	470028960360393	43237380096	-96263350591056.9	2.14333205909026e+17	
457	1	-2235.95271372434	4999790.00192358	457	-1021830.39017202	2284904029.98178	208849	-466976488.307524	1044201142148.6	457	-1021830.39017202	2284904029.98178	208849	-466976488.307524	1044201142148.6	95443993	-213408255154.12	477199921961967	208849	-466976488.307524	1044201142148.6	95443993	-213408255154.12	477199921961967	43617904803.857	-97527572606173.2	2.1808036432365e+17	
458	1	-2245.57184972028	5042896.25631641	458	-1028471.90717189	2309646484.64965	209764	-471040133.484725	1057818090423.8	458	-1028471.90717189	2309646484.64965	209764	-471040133.484725	1057818090423.8	96071912	-215736381139.821	484480685381018	209764	-471040133.484725	1057818090423.8	96071912	-215736381139.821	484480685381018	44000935681.7309	-98807262547582.1	2.21892153910598e+17	
459	1	-2254.91339824614	5084936.56267587	459	-1035005.24979498	2333985882.19962	210681	-475067409.654436	1071299519912.41	459	-1035005.24979498	2333985882.19962	210681	-475067409.654436	1071299519912.41	96702579	-218055941025.085	491726479627210	210681	-475067409.654436	1071299519912.41	96702579	-218055941025.085	491726479627210	44386483737.6742	-100087676941311	2.25702454181174e+17	
460	1	-2264.5315819473	5128403.64105834	460	-1041684.52769576	2359065675.87414	211600	-479174882.740048	1085170210469.53	460	-1041684.52769576	2359065675.87414	211600	-479174882.740048	1085170210469.53	97336000	-220420446059.952	499178296774992	211600	-479174882.740048	1085170210469.53	97336000	-220420446059.952	499178296774992	44774560000	-101393405189483	2.29622016529796e+17	
461	1	-2274.05497264649	5171627.60157509	461	-1048339.34239003	2384120324.39162	212521	-483284436.841468	1099079469650.61	461	-1048339.34239003	2384120324.39162	212521	-483284436.841468	1099079469650.61	97972181	-222794125391.985	506675635512183	212521	-483284436.841468	1099079469650.61	97972181	-222794125391.985	506675635512183	45165175449.6624	-102708091801561	2.33577467940274e+17	
462	1	-2283.7076091113	5215619.3229241	462	-1055072.91540942	2409616127.95734	213444	-487443686.919153	1113242650774.62	462	-1055072.91540942	2409616127.95734	213444	-487443686.919153	1113242650774.62	98611128	-225198983355.752	514318104639778	213444	-487443686.919153	1113242650774.62	98611128	-225198983355.752	514318104639778	45558341121.6779	-104041930311431	2.37614964368105e+17	
463	1	-2293.29924924134	5259518.83621123	463	-1061797.55239874	2435157222.07574	214369	-491612266.760384	1127477793419.26	463	-1061797.55239874	2435157222.07574	214369	-491612266.760384	1127477793419.26	99252847	-227616479507.482	522022218372439	214369	-491612266.760384	1127477793419.26	99252847	-227616479507.482	522022218372439	45954068197.2744	-105386430007088	2.41696287106158e+17	
464	1	-2302.91410937054	5303706.37843974	464	-1068552.14674793	2460919759.59604	215296	-495808196.091041	1141866768377.93	464	-1068552.14674793	2460919759.59604	215296	-495808196.091041	1141866768377.93	99897344	-230055002986.243	529826180565455	215296	-495808196.091041	1141866768377.93	99897344	-230055002986.243	529826180565455	46352367616	-106745521385445	2.45839347787229e+17	
465	1	-2312.35313465478	5347268.65778662	465	-1075244.20761447	2486479924.9516	216225	-499988556.543057	1156213165456.12	465	-1075244.20761447	2486479924.9516	216225	-499988556.543057	1156213165456.12	100544625	-232494678781.759	537639121942681	216225	-499988556.543057	1156213165456.12	100544625	-232494678781.759	537639121942681	46753250640.7522	-108110025635153	2.50002191722361e+17	
466	1	-2322.03619310532	5392144.91266851	466	-1082068.86598708	2512739528.49504	217156	-504244091.54998	1170936620639.98	466	-1082068.86598708	2512739528.49504	217156	-504244091.54998	1170936620639.98	101194696	-234977746660.395	545656465212386	217156	-504244091.54998	1170936620639.98	101194696	-234977746660.395	545656465212386	47156728321.6604	-109499629940853	2.54275912807744e+17	
467	1	-2331.79087910398	5437539.66434912	467	-1088946.34054156	2539331023.22842	218089	-508537941.032282	1185867587912.84	467	-1088946.34054156	2539331023.22842	218089	-508537941.032282	1185867587912.84	101847563	-237487218461.373	553800163540458	218089	-508537941.032282	1185867587912.84	101847563	-237487218461.373	553800163540458	47562811908.9785	-110906531021714	2.58624676364572e+17	
468	1	-2341.47175728685	5482782.27120757	468	-1095808.78241025	2565942101.87976	219024	-512838510.167995	1200860904242.05	468	-1095808.78241025	2565942101.87976	219024	-512838510.167995	1200860904242.05	102503232	-240008422758.921	562002903177988	219024	-512838510.167995	1200860904242.05	102503232	-240008422758.921	562002903177988	47971512576	-112323941846913	2.63017358664838e+17	
469	1	-2351.17294475878	5528307.84139814	469	-1102700.11109187	2592776377.60795	219961	-517166352.101824	1216012121209.55	469	-1102700.11109187	2592776377.60795	219961	-517166352.101824	1216012121209.55	103161709	-242551019137.782	570309684756295	219961	-517166352.101824	1216012121209.55	103161709	-242551019137.782	570309684756295	48382841520.2365	-113756427975858	2.67475242172383e+17	
470	1	-2360.75726884961	5573468.46166117	470	-1109555.91635932	2619530177.62306	220900	-521491280.68888	1231179183218.44	470	-1109555.91635932	2619530177.62306	220900	-521491280.68888	1231179183218.44	103823000	-245100901928.557	578654216069805	220900	-521491280.68888	1231179183218.44	103823000	-245100901928.557	578654216069805	48796809985.6127	-115197423904754	2.7196748154616e+17	
471	1	-2370.43702281925	5619267.68637567	471	-1116475.83774786	2646675081.12133	221841	-525860119.579444	1246583962846.22	471	-1116475.83774786	2646675081.12133	221841	-525860119.579444	1246583962846.22	104487111	-247680116318.121	587141046486991	221841	-525860119.579444	1246583962846.22	104487111	-247680116318.121	587141046486991	49213429267.3277	-116657334793619	2.76543432848355e+17	
472	1	-2380.02114962295	5664791.24088312	472	-1123369.98262203	2673781465.98535	222784	-530230631.797599	1262024851860.76	472	-1123369.98262203	2673781465.98535	222784	-530230631.797599	1262024851860.76	105154048	-250268858208.686	595675730100689	222784	-530230631.797599	1262024851860.76	105154048	-250268858208.686	595675730100689	49632710656	-118126901074638	2.8115894456629e+17	
473	1	-2389.74040497539	5711149.63449205	473	-1130347.21155336	2701373776.29141	223729	-534654231.065292	1277749796710.99	473	-1130347.21155336	2701373776.29141	223729	-534654231.065292	1277749796710.99	105823817	-252891451305.329	604375653797083	223729	-534654231.065292	1277749796710.99	105823817	-252891451305.329	604375653797083	50054665465.6407	-119617656460965	2.85869684240318e+17	
474	1	-2399.67120663941	5758717.31708975	474	-1137444.15194708	2729632007.6823	224676	-539148528.022916	1293845571913.69	474	-1137444.15194708	2729632007.6823	224676	-539148528.022916	1293845571913.69	106496424	-255556402286.232	613282801094606	224676	-539148528.022916	1293845571913.69	106496424	-255556402286.232	613282801094606	50479304961.6035	-121133734681116	2.90696047733361e+17	
475	1	-2409.42204588368	5805612.31599427	475	-1144475.47179475	2757665850.16031	225625	-543625849.101967	1309891278931.11	475	-1144475.47179475	2757665850.16031	225625	-543625849.101967	1309891278931.11	107171875	-258222278324.736	622198357447429	225625	-543625849.101967	1309891278931.11	107171875	-258222278324.736	622198357447429	50906640638.4142	-122655582203698	2.95544219793658e+17	
476	1	-2419.36629917765	5853628.90324619	476	-1151618.35840856	2786327359.03776	226576	-548170338.602474	1326291822416.98	476	-1151618.35840856	2786327359.03776	226576	-548170338.602474	1326291822416.98	107850176	-260929081175.533	631314907421630	226576	-548170338.602474	1326291822416.98	107850176	-260929081175.533	631314907421630	51336683776	-124202242639095	3.00505895956191e+17	
477	1	-2429.08271548536	5900739.29136996	477	-1158672.45528652	2814652641.88569	227529	-552686761.17143	1342589310380.89	477	-1158672.45528652	2814652641.88569	227529	-552686761.17143	1342589310380.89	108531333	-263631585081.172	640415100932178	227529	-552686761.17143	1342589310380.89	108531333	-263631585081.172	640415100932178	51769445867.7602	-125752266081445	3.0547800316676e+17	
478	1	-2438.93791335286	5948713.37996927	478	-1165812.32258266	2843484996.65202	228484	-557258290.194514	1359185828094.07	478	-1165812.32258266	2843484996.65202	228484	-557258290.194514	1359185828094.07	109215352	-266369462712.43	649690825777504	228484	-557258290.194514	1359185828094.07	109215352	-266369462712.43	649690825777504	52204938241.5262	-127324603179472	3.10552214710281e+17	
479	1	-2448.89400007582	5997381.46329024	479	-1173020.22603632	2872745721.6703	229441	-561876688.270594	1376045200423.52	479	-1173020.22603632	2872745721.6703	229441	-561876688.270594	1376045200423.52	109902239	-269138933681.908	659125650996266	229441	-561876688.270594	1376045200423.52	109902239	-269138933681.908	659125650996266	52643172510.2381	-128917549232706	3.15721186798108e+17	
