# <N_i^j*N_k^m*U^p> as a function of N_tot.
# number_of_species: 1
# max_order: 2
# species_total_upper_bound: 103
# species_total_lower_bound: 0
# volume: 729
#	N_tot	N_1^0*N_1^0*U^0	N_1^0*N_1^0*U^1	N_1^0*N_1^0*U^2	N_1^0*N_1^1*U^0	N_1^0*N_1^1*U^1	N_1^0*N_1^1*U^2	N_1^0*N_1^2*U^0	N_1^0*N_1^2*U^1	N_1^0*N_1^2*U^2	N_1^1*N_1^0*U^0	N_1^1*N_1^0*U^1	N_1^1*N_1^0*U^2	N_1^1*N_1^1*U^0	N_1^1*N_1^1*U^1	N_1^1*N_1^1*U^2	N_1^1*N_1^2*U^0	N_1^1*N_1^2*U^1	N_1^1*N_1^2*U^2	N_1^2*N_1^0*U^0	N_1^2*N_1^0*U^1	N_1^2*N_1^0*U^2	N_1^2*N_1^1*U^0	N_1^2*N_1^1*U^1	N_1^2*N_1^1*U^2	N_1^2*N_1^2*U^0	N_1^2*N_1^2*U^1	N_1^2*N_1^2*U^2	
0	1	0	0	0	0	0	0	0	0	0	0	0	0	0	0	0	0	0	0	0	0	0	0	0	0	0	0	
1	1	0	0	1	0	0	1	0	0	1	0	0	1	0	0	1	0	0	1	0	0	1	0	0	1	0	0	
2	1	-0.0404917227833895	0.0404917227833895	2	-0.0809834455667789	0.0809834455667789	4	-0.161966891133558	0.161966891133558	2	-0.0809834455667789	0.0809834455667789	4	-0.161966891133558	0.161966891133558	8	-0.323933782267116	0.323933782267116	4	-0.161966891133558	0.161966891133558	8	-0.323933782267116	0.323933782267116	16	-0.647867564534231	0.647867564534231	
3	1	-0.121377691101521	0.13278459412167	3	-0.364133073304562	0.398353782365009	9	-1.09239921991369	1.19506134709503	3	-0.364133073304562	0.398353782365009	9	-1.09239921991369	1.19506134709503	27	-3.27719765974106	3.58518404128508	9	-1.09239921991369	1.19506134709503	27	-3.27719765974106	3.58518404128508	81	-9.83159297922318	10.7555521238552	
4	1	-0.243684915704036	0.301127222500996	4	-0.974739662816142	1.20450889000398	16	-3.89895865126457	4.81803556001593	4	-0.974739662816142	1.20450889000398	16	-3.89895865126457	4.81803556001593	64	-15.5958346050583	19.2721422400637	16	-3.89895865126457	4.81803556001593	64	-15.5958346050583	19.2721422400637	256	-62.3833384202331	77.0885689602549	
5	1	-0.408470597514301	0.579910377006036	5	-2.0423529875715	2.89955188503018	25	-10.2117649378575	14.4977594251509	5	-2.0423529875715	2.89955188503018	25	-10.2117649378575	14.4977594251509	125	-51.0588246892876	72.4887971257545	25	-10.2117649378575	14.4977594251509	125	-51.0588246892876	72.4887971257545	625	-255.294123446438	362.443985628772	
6	1	-0.616380833571607	1.01694189637359	6	-3.69828500142964	6.10165137824154	36	-22.1897100085778	36.6099082694492	6	-3.69828500142964	6.10165137824154	36	-22.1897100085778	36.6099082694492	216	-133.138260051467	219.659449616695	36	-22.1897100085778	36.6099082694492	216	-133.138260051467	219.659449616695	1296	-798.829560308802	1317.95669770017	
7	1	-0.866700773580079	1.66413217016998	7	-6.06690541506055	11.6489251911898	49	-42.4683379054239	81.5424763383288	7	-6.06690541506055	11.6489251911898	49	-42.4683379054239	81.5424763383288	343	-297.278365337967	570.797334368302	49	-42.4683379054239	81.5424763383288	343	-297.278365337967	570.797334368302	2401	-2080.94855736577	3995.58134057811	
8	1	-1.15919372505962	2.58267813999498	8	-9.27354980047699	20.6614251199598	64	-74.1883984038159	165.291400959678	8	-9.27354980047699	20.6614251199598	64	-74.1883984038159	165.291400959678	512	-593.507187230527	1322.33120767743	64	-74.1883984038159	165.291400959678	512	-593.507187230527	1322.33120767743	4096	-4748.05749784422	10578.6496614194	
9	1	-1.49644372106534	3.86973800708827	9	-13.467993489588	34.8276420637944	81	-121.211941406292	313.44877857415	9	-13.467993489588	34.8276420637944	81	-121.211941406292	313.44877857415	729	-1090.90747265663	2821.03900716735	81	-121.211941406292	313.44877857415	729	-1090.90747265663	2821.03900716735	6561	-9818.16725390968	25389.3510645061	
10	1	-1.87636439251575	5.60387081394521	10	-18.7636439251575	56.0387081394521	100	-187.636439251575	560.387081394521	10	-18.7636439251575	56.0387081394521	100	-187.636439251575	560.387081394521	1000	-1876.36439251575	5603.87081394521	100	-187.636439251575	560.387081394521	1000	-1876.36439251575	5603.87081394521	10000	-18763.6439251575	56038.7081394521	
11	1	-2.30184618384663	7.91042755713255	11	-25.3203080223129	87.014703128458	121	-278.523388245442	957.161734413038	11	-25.3203080223129	87.014703128458	121	-278.523388245442	957.161734413038	1331	-3063.75727069986	10528.7790785434	121	-278.523388245442	957.161734413038	1331	-3063.75727069986	10528.7790785434	14641	-33701.3299776985	115816.569863978	
12	1	-2.77009459522815	10.8960178917438	12	-33.2411351427378	130.752214700926	144	-398.893621712853	1569.02657641111	12	-33.2411351427378	130.752214700926	144	-398.893621712853	1569.02657641111	1728	-4786.72346055424	18828.3189169333	144	-398.893621712853	1569.02657641111	1728	-4786.72346055424	18828.3189169333	20736	-57440.6815266509	225939.8270032	
13	1	-3.29029006924745	14.7687254567382	13	-42.7737709002169	191.993430937597	169	-556.059021702819	2495.91460218876	13	-42.7737709002169	191.993430937597	169	-556.059021702819	2495.91460218876	2197	-7228.76728213665	32446.8898284539	169	-556.059021702819	2495.91460218876	2197	-7228.76728213665	32446.8898284539	28561	-93973.9746677764	421809.567769901	
14	1	-3.85301527536848	19.5713714965917	14	-53.9422138551587	273.999200952284	196	-755.190993972222	3835.98881333198	14	-53.9422138551587	273.999200952284	196	-755.190993972222	3835.98881333198	2744	-10572.6739156111	53703.8433866477	196	-755.190993972222	3835.98881333198	2744	-10572.6739156111	53703.8433866477	38416	-148017.434818556	751853.807413068	
15	1	-4.45599385688264	25.426605372555	15	-66.8399078532395	381.399080588325	225	-1002.59861779859	5720.98620882487	15	-66.8399078532395	381.399080588325	225	-1002.59861779859	5720.98620882487	3375	-15038.9792669789	85814.7931323731	225	-1002.59861779859	5720.98620882487	3375	-15038.9792669789	85814.7931323731	50625	-225584.689004683	1287221.8969856	
16	1	-5.11339417417903	32.6997780938951	16	-81.8143067868645	523.196449502321	256	-1309.02890858983	8371.14319203714	16	-81.8143067868645	523.196449502321	256	-1309.02890858983	8371.14319203714	4096	-20944.4625374373	133938.291072594	256	-1309.02890858983	8371.14319203714	4096	-20944.4625374373	133938.291072594	65536	-335111.400598997	2143012.65716151	
17	1	-5.82043127512944	41.534219354067	17	-98.9473316772005	706.081729019138	289	-1682.10463851241	12003.3893933254	17	-98.9473316772005	706.081729019138	289	-1682.10463851241	12003.3893933254	4913	-28595.778854711	204057.619686531	289	-1682.10463851241	12003.3893933254	4913	-28595.778854711	204057.619686531	83521	-486128.240530086	3468979.53467103	
18	1	-6.57788721423501	52.1294289159347	18	-118.40196985623	938.329720486824	324	-2131.23545741214	16889.9349687628	18	-118.40196985623	938.329720486824	324	-2131.23545741214	16889.9349687628	5832	-38362.2382334186	304018.829437731	324	-2131.23545741214	16889.9349687628	5832	-38362.2382334186	304018.829437731	104976	-690520.288201534	5472338.92987916	
19	1	-7.39069919721992	64.8627720403607	19	-140.423284747178	1232.39266876685	361	-2668.04241019639	23415.4607065702	19	-140.423284747178	1232.39266876685	361	-2668.04241019639	23415.4607065702	6859	-50692.8057937314	444893.753424834	361	-2668.04241019639	23415.4607065702	6859	-50692.8057937314	444893.753424834	130321	-963163.310080897	8452981.31507185	
20	1	-8.26012871979167	80.0269671365568	20	-165.202574395833	1600.53934273114	400	-3304.05148791667	32010.7868546227	20	-165.202574395833	1600.53934273114	400	-3304.05148791667	32010.7868546227	8000	-66081.0297583334	640215.737092454	400	-3304.05148791667	32010.7868546227	8000	-66081.0297583334	640215.737092454	160000	-1321620.59516667	12804314.7418491	
21	1	-9.17366046470369	97.6632600224038	21	-192.646869758777	2050.92846047048	441	-4045.58426493433	43069.4976698801	21	-192.646869758777	2050.92846047048	441	-4045.58426493433	43069.4976698801	9261	-84957.2695636208	904459.451067482	441	-4045.58426493433	43069.4976698801	9261	-84957.2695636208	904459.451067482	194481	-1784102.66083604	18993648.4724171	
22	1	-10.1402556822868	118.218786081284	22	-223.085625010309	2600.81329378825	484	-4907.8837502268	57217.8924633414	22	-223.085625010309	2600.81329378825	484	-4907.8837502268	57217.8924633414	10648	-107973.44250499	1258793.63419351	484	-4907.8837502268	57217.8924633414	10648	-107973.44250499	1258793.63419351	234256	-2375415.73510977	27693459.9522572	
23	1	-11.1728855227792	142.259140679962	23	-256.976367023922	3271.96023563913	529	-5910.45644155021	75255.0854197	23	-256.976367023922	3271.96023563913	529	-5910.45644155021	75255.0854197	12167	-135940.498155655	1730866.9646531	529	-5910.45644155021	75255.0854197	12167	-135940.498155655	1730866.9646531	279841	-3126631.45758006	39809940.1870213	
24	1	-12.2561811139363	169.809155238306	24	-294.148346734472	4075.41972571936	576	-7059.56032162732	97810.0734172645	24	-294.148346734472	4075.41972571936	576	-7059.56032162732	97810.0734172645	13824	-169429.447719056	2347441.76201435	576	-7059.56032162732	97810.0734172645	13824	-169429.447719056	2347441.76201435	331776	-4066306.74525734	56338602.2883444	
25	1	-13.3859559261097	201.157785412621	25	-334.648898152743	5028.94463531553	625	-8366.22245381858	125723.615882888	25	-334.648898152743	5028.94463531553	625	-8366.22245381858	125723.615882888	15625	-209155.561345464	3143090.39707221	625	-8366.22245381858	125723.615882888	15625	-209155.561345464	3143090.39707221	390625	-5228889.03363661	78577259.9268052	
26	1	-14.5853977387494	237.366657062794	26	-379.220341207484	6171.53308363264	676	-9859.72887139457	160459.860174449	26	-379.220341207484	6171.53308363264	676	-9859.72887139457	160459.860174449	17576	-256352.950656259	4171956.36453567	676	-9859.72887139457	160459.860174449	17576	-256352.950656259	4171956.36453567	456976	-6665176.71706273	108470865.477927	
27	1	-15.8460814481678	278.757129506952	27	-427.844199100531	7526.4424966877	729	-11551.7933757143	203213.947410568	27	-427.844199100531	7526.4424966877	729	-11551.7933757143	203213.947410568	19683	-311898.421144287	5486776.58008534	729	-11551.7933757143	203213.947410568	19683	-311898.421144287	5486776.58008534	531441	-8421257.37089575	148142967.662304	
28	1	-17.155198800269	325.079396587778	28	-480.345566407531	9102.22310445778	784	-13449.6758594109	254862.246924818	28	-480.345566407531	9102.22310445778	784	-13449.6758594109	254862.246924818	21952	-376590.924063505	7136142.9138949	784	-13449.6758594109	254862.246924818	21952	-376590.924063505	7136142.9138949	614656	-10544545.8737781	199812001.589057	
29	1	-18.542017715519	378.149345801979	29	-537.718513750052	10966.3310282574	841	-15593.8368987515	318023.599819464	29	-537.718513750052	10966.3310282574	841	-15593.8368987515	318023.599819464	24389	-452221.270063794	9222684.39476446	841	-15593.8368987515	318023.599819464	24389	-452221.270063794	9222684.39476446	707281	-13114416.83185	267457847.448169	
30	1	-19.9971702711532	438.178909760916	30	-599.915108134595	13145.3672928275	900	-17997.4532440378	394361.018784824	30	-599.915108134595	13145.3672928275	900	-17997.4532440378	394361.018784824	27000	-539923.597321135	11830830.5635447	900	-17997.4532440378	394361.018784824	27000	-539923.597321135	11830830.5635447	810000	-16197707.9196341	354924916.906342	
31	1	-21.527556069559	505.801038544948	31	-667.354238156328	15679.8321948934	961	-20687.9813828462	486074.798041695	31	-667.354238156328	15679.8321948934	961	-20687.9813828462	486074.798041695	29791	-641327.422868232	15068318.7392925	961	-20687.9813828462	486074.798041695	29791	-641327.422868232	15068318.7392925	923521	-19881150.1089152	467117880.918069	
32	1	-23.0642469010847	578.385098517048	32	-738.055900834709	18508.3231525455	1024	-23617.7888267107	592266.340881457	32	-738.055900834709	18508.3231525455	1024	-23617.7888267107	592266.340881457	32768	-755769.242454742	18952522.9082066	1024	-23617.7888267107	592266.340881457	32768	-755769.242454742	18952522.9082066	1048576	-24184615.7585518	606480733.062612	
33	1	-24.6784880869064	660.02837428192	33	-814.39010686791	21780.9363513034	1089	-26874.873526641	718770.899593011	33	-814.39010686791	21780.9363513034	1089	-26874.873526641	718770.899593011	35937	-886870.826379154	23719439.6865694	1089	-26874.873526641	718770.899593011	35937	-886870.826379154	23719439.6865694	1185921	-29266737.2705121	782741509.656789	
34	1	-26.3932974845013	753.085561895757	34	-897.372114473045	25604.9091044558	1156	-30510.6518920835	870566.909551496	34	-897.372114473045	25604.9091044558	1156	-30510.6518920835	870566.909551496	39304	-1037362.16433084	29599274.9247509	1156	-30510.6518920835	870566.909551496	39304	-1037362.16433084	29599274.9247509	1336336	-35270313.5872486	1006375347.44153	
35	1	-28.2102764928999	858.480876414382	35	-987.359677251496	30046.8306745034	1225	-34557.5887038024	1051639.07360762	35	-987.359677251496	30046.8306745034	1225	-34557.5887038024	1051639.07360762	42875	-1209515.60463308	36807367.5762666	1225	-34557.5887038024	1051639.07360762	42875	-1209515.60463308	36807367.5762666	1500625	-42333046.1621579	1288257865.16933	
36	1	-30.0614499379416	972.900348881269	36	-1082.2121977659	35024.4125597257	1296	-38959.6391195723	1260878.85215012	36	-1082.2121977659	35024.4125597257	1296	-38959.6391195723	1260878.85215012	46656	-1402547.0083046	45391638.6774045	1296	-38959.6391195723	1260878.85215012	46656	-1402547.0083046	45391638.6774045	1679616	-50491692.2989658	1634098992.38656	
37	1	-32.0078064137425	1100.39769653748	37	-1184.28883730847	40714.7147718866	1369	-43818.6869804135	1506444.4465598	37	-1184.28883730847	40714.7147718866	1369	-43818.6869804135	1506444.4465598	50653	-1621291.4182753	55738444.5227127	1369	-43818.6869804135	1506444.4465598	50653	-1621291.4182753	55738444.5227127	1874161	-59987782.4761861	2062322447.34037	
38	1	-34.0267477533874	1241.21914057044	38	-1293.01641462872	47166.3273416765	1444	-49134.6237558914	1792320.43898371	38	-1293.01641462872	47166.3273416765	1444	-49134.6237558914	1792320.43898371	54872	-1867115.70272387	68108176.6813809	1444	-49134.6237558914	1792320.43898371	54872	-1867115.70272387	68108176.6813809	2085136	-70950396.7035071	2588110713.89248	
39	1	-36.1138564637477	1396.33076514112	39	-1408.44040208616	54456.8998405037	1521	-54929.1756813602	2123819.09377965	39	-1408.44040208616	54456.8998405037	1521	-54929.1756813602	2123819.09377965	59319	-2142237.85157305	82828944.6574062	1521	-54929.1756813602	2123819.09377965	59319	-2142237.85157305	82828944.6574062	2313441	-83547276.2113489	3230328841.63884	
40	1	-38.3008489421491	1568.40878602104	40	-1532.03395768596	62736.3514408417	1600	-61281.3583074385	2509454.05763367	40	-1532.03395768596	62736.3514408417	1600	-61281.3583074385	2509454.05763367	64000	-2451254.33229754	100378162.305347	1600	-61281.3583074385	2509454.05763367	64000	-2451254.33229754	100378162.305347	2560000	-98050173.2919016	4015126492.21387	
41	1	-40.6108637684415	1760.36456766859	41	-1665.0454145061	72174.947274412	1681	-68266.8619947502	2959172.83825089	41	-1665.0454145061	72174.947274412	1681	-68266.8619947502	2959172.83825089	68921	-2798941.34178476	121326086.368287	1681	-68266.8619947502	2959172.83825089	68921	-2798941.34178476	121326086.368287	2825761	-114756595.013175	4974369541.07111	
42	1	-43.0034384453118	1971.73123349207	42	-1806.14441470309	82812.7118066671	1764	-75858.06541753	3478133.89588002	42	-1806.14441470309	82812.7118066671	1764	-75858.06541753	3478133.89588002	74088	-3186038.74753626	146081623.626961	1764	-75858.06541753	3478133.89588002	74088	-3186038.74753626	146081623.626961	3111696	-133813627.396523	6135428192.33235	
43	1	-45.4854826416079	2202.96657165231	43	-1955.87575358914	94727.5625810493	1849	-84102.6574043331	4073285.19098512	43	-1955.87575358914	94727.5625810493	1849	-84102.6574043331	4073285.19098512	79507	-3616414.26838632	175151263.21236	1849	-84102.6574043331	4073285.19098512	79507	-3616414.26838632	175151263.21236	3418801	-155505813.540612	7531504317.94371	
44	1	-48.0788785056449	2458.53089491776	44	-2115.47065424838	108175.359376381	1936	-93080.7087869285	4759715.81256078	44	-2115.47065424838	108175.359376381	1936	-93080.7087869285	4759715.81256078	85184	-4095551.18662486	209427495.752674	1936	-93080.7087869285	4759715.81256078	85184	-4095551.18662486	209427495.752674	3748096	-180204252.211494	9214809813.11767	
45	1	-50.795888108555	2741.19817489676	45	-2285.81496488498	123353.917870354	2025	-102861.673419824	5550926.30416593	45	-2285.81496488498	123353.917870354	2025	-102861.673419824	5550926.30416593	91125	-4628775.30389208	249791683.687467	2025	-102861.673419824	5550926.30416593	91125	-4628775.30389208	249791683.687467	4100625	-208294888.675143	11240625765.6473	
46	1	-53.6142821678639	3049.35833113338	46	-2466.25697972174	140270.483232135	2116	-113447.8210672	6452442.22867823	46	-2466.25697972174	140270.483232135	2116	-113447.8210672	6452442.22867823	97336	-5218599.7690912	296812342.519198	2116	-113447.8210672	6452442.22867823	97336	-5218599.7690912	296812342.519198	4477456	-240055589.378195	13653367755.8831	
47	1	-56.5267131860699	3385.05371242117	47	-2656.75551974528	159097.524483795	2209	-124867.509428028	7477583.65073835	47	-2656.75551974528	159097.524483795	2209	-124867.509428028	7477583.65073835	103823	-5868772.94311733	351446431.584703	2209	-124867.509428028	7477583.65073835	103823	-5868772.94311733	351446431.584703	4879681	-275832328.326515	16517982284.1268	
48	1	-59.5573533907507	3752.43771202075	48	-2858.75296275603	180117.010176996	2304	-137220.14221229	8645616.4884958	48	-2858.75296275603	180117.010176996	2304	-137220.14221229	8645616.4884958	110592	-6586566.8261899	414989591.447798	2304	-137220.14221229	8645616.4884958	110592	-6586566.8261899	414989591.447798	5308416	-316155207.657115	19919500389.4943	
49	1	-62.6675767185926	4148.09300019127	49	-3070.71125921104	203256.557009372	2401	-150464.851701341	9959571.29345925	49	-3070.71125921104	203256.557009372	2401	-150464.851701341	9959571.29345925	117649	-7372777.73336571	488018993.379503	2401	-150464.851701341	9959571.29345925	117649	-7372777.73336571	488018993.379503	5764801	-361266108.93492	23912930675.0343	
50	1	-65.8863421809596	4578.42162744088	50	-3294.31710904798	228921.081372044	2500	-164715.855452399	11446054.0686022	50	-3294.31710904798	228921.081372044	2500	-164715.855452399	11446054.0686022	125000	-8235792.77261995	572302703.43011	2500	-164715.855452399	11446054.0686022	125000	-8235792.77261995	572302703.43011	6250000	-411789638.630997	28615135171.5055	
51	1	-69.1849632237019	5039.8707915708	51	-3528.4331244088	257033.410370111	2601	-179950.089344849	13108703.9288756	51	-3528.4331244088	257033.410370111	2601	-179950.089344849	13108703.9288756	132651	-9177454.55658728	668543900.372658	2601	-179950.089344849	13108703.9288756	132651	-9177454.55658728	668543900.372658	6765201	-468050182.385951	34095738918.2143	
52	1	-72.6179490511401	5543.78631397792	52	-3776.13335065928	288276.888326852	2704	-196358.934234283	14990398.1929963	52	-3776.13335065928	288276.888326852	2704	-196358.934234283	14990398.1929963	140608	-10210664.5801827	779500706.035808	2704	-196358.934234283	14990398.1929963	140608	-10210664.5801827	779500706.035808	7311616	-530954558.169501	40534036713.862	
53	1	-76.0591370921201	6071.17162961355	53	-4031.13426588237	321772.096369518	2809	-213650.116091765	17053921.1075845	53	-4031.13426588237	321772.096369518	2809	-213650.116091765	17053921.1075845	148877	-11323456.1528636	903857818.701976	2809	-213650.116091765	17053921.1075845	148877	-11323456.1528636	903857818.701976	7890481	-600143176.101769	47904464390.6263	
54	1	-79.6532648712518	6647.12561292902	54	-4301.2763030476	358944.783098167	2916	-232268.92036457	19383018.287301	54	-4301.2763030476	358944.783098167	2916	-232268.92036457	19383018.287301	157464	-12542521.6996868	1046682987.51426	2916	-232268.92036457	19383018.287301	157464	-12542521.6996868	1046682987.51426	8503056	-677296171.783087	56520881325.7698	
55	1	-83.3453840509144	7263.55370362307	55	-4583.99612280029	399495.453699269	3025	-252119.786754016	21972249.9534598	55	-4583.99612280029	399495.453699269	3025	-252119.786754016	21972249.9534598	166375	-13866588.2714709	1208473747.44029	3025	-252119.786754016	21972249.9534598	166375	-13866588.2714709	1208473747.44029	9150625	-762662354.930899	66466056108.9365	
56	1	-87.062138826641	7911.9961177186	56	-4875.4797742919	443071.782592241	3136	-273026.867360346	24812019.8251655	56	-4875.4797742919	443071.782592241	3136	-273026.867360346	24812019.8251655	175616	-15289504.5721794	1389473110.20927	3136	-273026.867360346	24812019.8251655	175616	-15289504.5721794	1389473110.20927	9834496	-856212256.042046	77810494171.7191	
57	1	-90.8408255609396	8597.90027805602	57	-5177.92705697356	490080.315849193	3249	-295141.842247493	27934578.003404	57	-5177.92705697356	490080.315849193	3249	-295141.842247493	27934578.003404	185193	-16823085.0081071	1592270946.19403	3249	-295141.842247493	27934578.003404	185193	-16823085.0081071	1592270946.19403	10556001	-958915845.462104	90759443932.7657	
58	1	-94.6409642723874	9315.90353454366	58	-5489.17592779847	540322.405003532	3364	-318372.203812311	31338699.4902049	58	-5489.17592779847	540322.405003532	3364	-318372.203812311	31338699.4902049	195112	-18465587.8211141	1817644570.43188	3364	-318372.203812311	31338699.4902049	195112	-18465587.8211141	1817644570.43188	11316496	-1071004093.62462	105423385082.858	
59	1	-98.5262828711764	10078.0614956269	59	-5813.05068939941	594605.628241988	3481	-342969.990674565	35081732.0662773	59	-5813.05068939941	594605.628241988	3481	-342969.990674565	35081732.0662773	205379	-20235229.4497993	2069822191.91036	3481	-342969.990674565	35081732.0662773	205379	-20235229.4497993	2069822191.91036	12117361	-1193878537.53816	122119509322.194	
60	1	-102.473660567378	10883.9754274101	60	-6148.41963404268	653038.525644604	3600	-368905.178042561	39182311.5386762	60	-6148.41963404268	653038.525644604	3600	-368905.178042561	39182311.5386762	216000	-22134310.6825536	2350938692.32057	3600	-368905.178042561	39182311.5386762	216000	-22134310.6825536	2350938692.32057	12960000	-1328058640.95322	141056321539.234	
61	1	-106.508642663205	11739.1237177435	61	-6497.0272024555	716086.546782353	3721	-396318.659349785	43681279.3537235	61	-6497.0272024555	716086.546782353	3721	-396318.659349785	43681279.3537235	226981	-24175438.2203369	2664558040.57714	3721	-396318.659349785	43681279.3537235	226981	-24175438.2203369	2664558040.57714	13845841	-1474701731.44055	162538040474.726	
62	1	-110.602654021093	12639.3038116068	62	-6857.36454930776	783636.836319624	3844	-425156.602057081	48585483.8518167	62	-6857.36454930776	783636.836319624	3844	-425156.602057081	48585483.8518167	238328	-26359709.327539	3012299998.81264	3844	-425156.602057081	48585483.8518167	238328	-26359709.327539	3012299998.81264	14776336	-1634301978.30742	186762599921.651	
63	1	-114.726015308592	13579.5874033251	63	-7227.73896444129	855514.006409483	3969	-455347.554759801	53897382.4037974	63	-7227.73896444129	855514.006409483	3969	-455347.554759801	53897382.4037974	250047	-28686895.9498675	3395535091.43924	3969	-455347.554759801	53897382.4037974	250047	-28686895.9498675	3395535091.43924	15752961	-1807274444.84165	213918710760.904	
64	1	-118.870033496412	14557.2267198874	64	-7607.68214377038	931662.510072797	4096	-486891.657201304	59626400.644659	64	-7607.68214377038	931662.510072797	4096	-486891.657201304	59626400.644659	262144	-31161066.0608835	3816089641.25817	4096	-486891.657201304	59626400.644659	262144	-31161066.0608835	3816089641.25817	16777216	-1994308227.89654	244229737040.523	
65	1	-123.101554324408	15586.7644766029	65	-8001.60103108649	1013139.69097919	4225	-520104.067020622	65854079.9136472	65	-8001.60103108649	1013139.69097919	4225	-520104.067020622	65854079.9136472	274625	-33806764.3563404	4280515194.38707	4225	-520104.067020622	65854079.9136472	274625	-33806764.3563404	4280515194.38707	17850625	-2197439683.16213	278233487635.929	
66	1	-127.229178936166	16625.7342926953	66	-8397.12580978696	1097298.46331789	4356	-554210.303445939	72421698.5789809	66	-8397.12580978696	1097298.46331789	4356	-554210.303445939	72421698.5789809	287496	-36577880.027432	4779832106.21274	4356	-554210.303445939	72421698.5789809	287496	-36577880.027432	4779832106.21274	18974736	-2414140081.81051	315468919003.593	
67	1	-131.476289167287	17730.8390627594	67	-8808.91137420822	1187966.21720488	4489	-590197.062071951	79593736.5527271	67	-8808.91137420822	1187966.21720488	4489	-590197.062071951	79593736.5527271	300763	-39543203.1588207	5332780349.08315	4489	-590197.062071951	79593736.5527271	300763	-39543203.1588207	5332780349.08315	20151121	-2649394611.64099	357296283385.967	
68	1	-135.565589166827	18826.4458098363	68	-9218.46006334423	1280198.31506887	4624	-626855.284307408	87053485.4246831	68	-9218.46006334423	1280198.31506887	4624	-626855.284307408	87053485.4246831	314432	-42626159.3329037	5919637008.87845	4624	-626855.284307408	87053485.4246831	314432	-42626159.3329037	5919637008.87845	21381376	-2898578834.63745	402535316603.735	
69	1	-139.762256145782	19986.3886765583	69	-9643.59567405894	1379060.81868252	4761	-665408.101510067	95155196.489094	69	-9643.59567405894	1379060.81868252	4761	-665408.101510067	95155196.489094	328509	-45913159.0041946	6565708557.61173	4761	-665408.101510067	95155196.489094	328509	-45913159.0041946	6565708557.61173	22667121	-3168007971.28943	453033890484.98	
70	1	-143.925390030647	21171.2060352958	70	-10074.7773021453	1481984.42247071	4900	-705234.411150172	103738909.572949	70	-10074.7773021453	1481984.42247071	4900	-705234.411150172	103738909.572949	343000	-49366408.780512	7261723670.10645	4900	-705234.411150172	103738909.572949	343000	-49366408.780512	7261723670.10645	24010000	-3455648614.63584	508320656895.073	
71	1	-148.087733305238	22390.5825498033	71	-10514.2290646719	1589731.36103603	5041	-746510.263591703	112870926.633558	71	-10514.2290646719	1589731.36103603	5041	-746510.263591703	112870926.633558	357911	-53002228.7150109	8013835791.18525	5041	-746510.263591703	112870926.633558	357911	-53002228.7150109	8013835791.18525	25411681	-3763158238.76577	568982341159.783	
72	1	-152.276438397783	23654.5727025835	72	-10963.9035646404	1703129.23458601	5184	-789401.056654106	122625304.890193	72	-10963.9035646404	1703129.23458601	5184	-789401.056654106	122625304.890193	373248	-56836876.0790957	8829021952.0939	5184	-789401.056654106	122625304.890193	373248	-56836876.0790957	8829021952.0939	26873856	-4092255077.69489	635689580550.761	
73	1	-156.502633975853	24965.1906036857	73	-11424.6922802372	1822458.91406905	5329	-834002.536457318	133039500.727041	73	-11424.6922802372	1822458.91406905	5329	-834002.536457318	133039500.727041	389017	-60882185.1613842	9711883552.82014	5329	-834002.536457318	133039500.727041	389017	-60882185.1613842	9711883552.82014	28398241	-4444399516.78105	708967499375.358	
74	1	-160.894067845887	26363.6043331124	74	-11906.1610205957	1950906.72065032	5476	-881055.915524079	144367097.328123	74	-11906.1610205957	1950906.72065032	5476	-881055.915524079	144367097.328123	405224	-65198137.7487818	10683165202.2811	5476	-881055.915524079	144367097.328123	405224	-65198137.7487818	10683165202.2811	29986576	-4824662193.40985	790554224959.827	
75	1	-165.185715336692	27764.6920498974	75	-12388.9286502519	2082351.90374231	5625	-929169.648768893	156176392.780673	75	-12388.9286502519	2082351.90374231	5625	-929169.648768893	156176392.780673	421875	-69687723.657667	11713229458.845	5625	-929169.648768893	156176392.780673	421875	-69687723.657667	11713229458.845	31640625	-5226579274.3248	878492209393.755	
76	1	-169.34041280893	29161.150062143	76	-12869.8713734787	2216247.40472287	5776	-978110.224384379	168434802.758938	76	-12869.8713734787	2216247.40472287	5776	-978110.224384379	168434802.758938	438976	-74336377.0532128	12801045009.6793	5776	-978110.224384379	168434802.758938	438976	-74336377.0532128	12801045009.6793	33362176	-5649564656.04417	972879420735.627	
77	1	-173.558781604021	30612.2063942058	77	-13364.0261835096	2357139.89235384	5929	-1029030.01613024	181499771.711246	77	-13364.0261835096	2357139.89235384	5929	-1029030.01613024	181499771.711246	456533	-79235311.2420287	13975482421.4376	5929	-1029030.01613024	181499771.711246	456533	-79235311.2420287	13975482421.4376	35153041	-6101118965.63596	1076112146477.23	
78	1	-177.845804576632	32125.4369435279	78	-13871.9727569773	2505784.08159518	6084	-1082013.87504423	195451158.364424	78	-13871.9727569773	2505784.08159518	6084	-1082013.87504423	195451158.364424	474552	-84397082.25345	15245190352.4251	6084	-1082013.87504423	195451158.364424	474552	-84397082.25345	15245190352.4251	37015056	-6582972415.7691	1189124847485.74	
79	1	-182.144319910412	33680.3938470087	79	-14389.4012729226	2660751.11391369	6241	-1136762.70056088	210199337.999181	79	-14389.4012729226	2660751.11391369	6241	-1136762.70056088	210199337.999181	493039	-89804253.3443097	16605747702.2903	6241	-1136762.70056088	210199337.999181	493039	-89804253.3443097	16605747702.2903	38950081	-7094536014.20053	1311854068453	
80	1	-186.657042340941	35352.9941650797	80	-14932.5633872753	2828239.53320638	6400	-1194605.07098202	226259162.65651	80	-14932.5633872753	2828239.53320638	6400	-1194605.07098202	226259162.65651	512000	-95568405.6785617	18100733012.5208	6400	-1194605.07098202	226259162.65651	512000	-95568405.6785617	18100733012.5208	40960000	-7645472454.28494	1448058641001.67	
81	1	-191.101622898734	37034.5170639098	81	-15479.2314547975	2999795.88217669	6561	-1253817.7478386	242983466.456312	81	-15479.2314547975	2999795.88217669	6561	-1253817.7478386	242983466.456312	531441	-101559237.574926	19681660782.5536	6561	-1253817.7478386	242983466.456312	531441	-101559237.574926	19681660782.5536	43046721	-8226298243.56886	1594214523419.37	
82	1	-195.544977247752	38755.0279015657	82	-16034.6881343157	3177912.28792839	6724	-1314844.42701389	260588807.610128	82	-16034.6881343157	3177912.28792839	6724	-1314844.42701389	260588807.610128	551368	-107817243.015139	21368282224.0305	6724	-1314844.42701389	260588807.610128	551368	-107817243.015139	21368282224.0305	45212176	-8841013927.24138	1752199142362.39	
83	1	-199.994457158377	40518.0964862879	83	-16599.5399441453	3363002.0083619	6889	-1377761.81536406	279129166.694037	83	-16599.5399441453	3363002.0083619	6889	-1377761.81536406	279129166.694037	571787	-114354230.675217	23167720835.8011	6889	-1377761.81536406	279129166.694037	571787	-114354230.675217	23167720835.8011	47458321	-9491401146.04176	1922920829360.71	
84	1	-204.317208596623	42267.7828687858	84	-17162.6455221163	3550493.760978	7056	-1441662.22385777	298241475.922152	84	-17162.6455221163	3550493.760978	7056	-1441662.22385777	298241475.922152	592704	-121099626.804053	25052283977.4608	7056	-1441662.22385777	298241475.922152	592704	-121099626.804053	25052283977.4608	49787136	-10172368651.5404	2104391854051.97	
85	1	-208.614706037413	44039.5807776608	85	-17732.2500131801	3743364.36610117	7225	-1507241.25112031	318185971.118599	85	-17732.2500131801	3743364.36610117	7225	-1507241.25112031	318185971.118599	614125	-128115506.345226	27045807545.0097	7225	-1507241.25112031	318185971.118599	614125	-128115506.345226	27045807545.0097	52200625	-10889818039.3423	2298893641329.9	
86	1	-213.115781717861	45940.6773890373	86	-18327.957227736	3950898.25545721	7396	-1576204.3215853	339777249.96932	86	-18327.957227736	3950898.25545721	7396	-1576204.3215853	339777249.96932	636056	-135553571.656336	29220843497.3615	7396	-1576204.3215853	339777249.96932	636056	-135553571.656336	29220843497.3615	54700816	-11657607162.4449	2512992540763.7	
87	1	-217.509790218172	47833.2319107277	87	-18923.351748981	4161491.17623331	7569	-1646331.60216135	362049732.332298	87	-18923.351748981	4161491.17623331	7569	-1646331.60216135	362049732.332298	658503	-143230849.388037	31498326713.6907	7569	-1646331.60216135	362049732.332298	658503	-143230849.388037	31498326713.6907	57289761	-12461083896.7599	2740354424029.36	
88	1	-222.023129860527	49819.6977997932	88	-19538.0354277264	4384133.4063818	7744	-1719347.11763992	385803739.761599	88	-19538.0354277264	4384133.4063818	7744	-1719347.11763992	385803739.761599	681472	-151302546.352313	33950729099.0207	7744	-1719347.11763992	385803739.761599	681472	-151302546.352313	33950729099.0207	59969536	-13314624079.0036	2987664160713.82	
89	1	-226.434044731454	51797.7147654832	89	-20152.6299810994	4609996.614128	7921	-1793584.06831785	410289698.657392	89	-20152.6299810994	4609996.614128	7921	-1793584.06831785	410289698.657392	704969	-159628982.080288	36515783179.6373	7921	-1793584.06831785	410289698.657392	704969	-159628982.080288	36515783179.6373	62742241	-14206979405.1465	3249904703070.17	
90	1	-230.835634324498	53807.5628044364	90	-20775.2070892048	4842680.65239928	8100	-1869768.63802843	435841258.715935	90	-20775.2070892048	4842680.65239928	8100	-1869768.63802843	435841258.715935	729000	-168279177.422559	39225713284.2393	8100	-1869768.63802843	435841258.715935	729000	-168279177.422559	39225713284.2393	65610000	-15145125968.0303	3530314195604.34	
91	1	-235.35345648056	55916.6927232151	91	-21417.164539731	5088419.03781257	8281	-1948961.97311552	463046132.440944	91	-21417.164539731	5088419.03781257	8281	-1948961.97311552	463046132.440944	753571	-177355539.553512	42137198052.2037	8281	-1948961.97311552	463046132.440944	753571	-177355539.553512	42137198052.2037	68574961	-16139354099.3697	3834485022751.18	
92	1	-239.761079815626	58011.1685972859	92	-22058.0193430376	5337027.51095031	8464	-2029337.77955946	491006531.007428	92	-22058.0193430376	5337027.51095031	8464	-2029337.77955946	491006531.007428	778688	-186699075.71947	45172600852.6834	8464	-2029337.77955946	491006531.007428	778688	-186699075.71947	45172600852.6834	71639296	-17176314966.1913	4155879278354.53	
93	1	-244.265887607707	60189.6768153352	93	-22716.7275475167	5597639.94382618	8649	-2112655.66191905	520580514.775834	93	-22716.7275475167	5597639.94382618	8649	-2112655.66191905	520580514.775834	804357	-196476976.558472	48413987873.8699	8649	-2112655.66191905	520580514.775834	804357	-196476976.558472	48413987873.8699	74805201	-18272358819.9407	4502500872281.07	
94	1	-248.6496276645	62351.93362121	94	-23373.065000463	5861081.76039374	8836	-2197068.11004352	550941685.477012	94	-23373.065000463	5861081.76039374	8836	-2197068.11004352	550941685.477012	830584	-206524402.344091	51788518436.0267	8836	-2197068.11004352	550941685.477012	830584	-206524402.344091	51788518436.0267	78074896	-19413293820.3445	4868120732889.11	
95	1	-253.101741782254	64589.3944254028	95	-24044.6654693141	6135992.47041327	9025	-2284243.21958484	582919284.689261	95	-24044.6654693141	6135992.47041327	9025	-2284243.21958484	582919284.689261	857375	-217003105.86056	55377332045.8912	9025	-2284243.21958484	582919284.689261	857375	-217003105.86056	55377332045.8912	81450625	-20615295056.7503	5260846544319.32	
96	1	-257.349541623802	66757.8380708165	96	-24705.555995885	6408752.45479838	9216	-2371733.37560496	615240235.660645	96	-24705.555995885	6408752.45479838	9216	-2371733.37560496	615240235.660645	884736	-227686404.058076	59063062623.4219	9216	-2371733.37560496	615240235.660645	884736	-227686404.058076	59063062623.4219	84934656	-21857894789.5753	5670054011848.5	
97	1	-262.008232849534	69179.6035362087	97	-25414.7985864048	6710421.54301225	9409	-2465235.46288127	650910889.672188	97	-25414.7985864048	6710421.54301225	9409	-2465235.46288127	650910889.672188	912673	-239127839.899483	63138356297.9037	9409	-2465235.46288127	650910889.672188	912673	-239127839.899483	63138356297.9037	88529281	-23195400470.2498	6124420560895.04	
98	1	-266.504480334655	71559.1822271819	98	-26117.4390727962	7012799.85826382	9604	-2559509.02913403	687254386.109855	98	-26117.4390727962	7012799.85826382	9604	-2559509.02913403	687254386.109855	941192	-250831884.855135	67350929836.9227	9604	-2559509.02913403	687254386.109855	941192	-250831884.855135	67350929836.9227	92236816	-24581524715.8032	6600391124205.25	
99	1	-270.961918803501	73960.1723347797	99	-26825.2299615466	7322057.06114319	9801	-2655697.76619311	724883649.053175	99	-26825.2299615466	7322057.06114319	9801	-2655697.76619311	724883649.053175	970299	-262914078.853118	71763481256.9466	9801	-2655697.76619311	724883649.053175	970299	-262914078.853118	71763481256.9466	96059601	-26028493806.4566	7104584644408.73	
100	1	-275.487285152813	76435.3488534741	100	-27548.7285152813	7643534.88534741	10000	-2754872.85152813	764353488.534741	100	-27548.7285152813	7643534.88534741	10000	-2754872.85152813	764353488.534741	1000000	-275487285.152813	76435348853.4741	10000	-2754872.85152813	764353488.534741	1000000	-275487285.152813	76435348853.4741	100000000	-27548728515.2813	7643534885148.36	
101	1	-280.055239950555	78975.3617988518	101	-28285.579235006	7976511.54168403	10201	-2856843.50273561	805627665.710087	101	-28285.579235006	7976511.54168403	10201	-2856843.50273561	805627665.710087	1030301	-288541193.776297	81368394236.1509	10201	-2856843.50273561	805627665.710087	1030301	-288541193.776297	81368394236.1509	104060401	-29142660571.4056	8218207817912.92	
102	1	-284.606609441796	81548.6254271865	102	-29029.8741630632	8317959.79357302	10404	-2961047.16463245	848431898.944448	102	-29029.8741630632	8317959.79357302	10404	-2961047.16463245	848431898.944448	1061208	-302026810.792509	86540053694.6326	10404	-2961047.16463245	848431898.944448	1061208	-302026810.792509	86540053694.6326	108243216	-30806734700.836	8827085476624.19	
103	1	-289.111719275163	84135.4185505919	103	-29778.5070853418	8665948.11071096	10609	-3067186.2297902	892592655.403229	103	-29778.5070853418	8665948.11071096	10609	-3067186.2297902	892592655.403229	1092727	-315920181.668391	91937043506.9509	10609	-3067186.2297902	892592655.403229	1092727	-315920181.668391	91937043506.9509	112550881	-32539778711.8462	9469515481161.09	
