# lnPI (bias) matrix in single row (vectorized) notation.
# species_total_upper_bound: 103
# species_total_lower_bound: 0
# volume: 729
0
6.5911258644504
12.5121000379828
18.0495587813125
23.3205856464712
28.3886100845868
33.2956922532042
38.0719172166063
42.7376636836911
47.3075877657086
51.7938409819759
56.2062158246983
60.5544232122146
64.8451898491466
69.0842303495354
73.2747719307569
77.4227761019619
81.5328167325427
85.607854442999
89.6515246721929
93.6660749564949
97.6560827163891
101.620703808834
105.565209921655
109.488259956449
113.391491118046
117.279593845254
121.154691804189
125.01472239164
128.860577351166
132.69772896729
136.524906104615
140.341029043174
144.152928905844
147.957044812698
151.75661841131
155.547887929124
159.337733790143
163.122952898094
166.906347957525
170.689320458163
174.470566831927
178.25051791852
182.032839480022
185.815633719613
189.602381431021
193.3857424614
197.173767614475
200.967702904313
204.766815854575
208.570492139488
212.377261444301
216.191113095437
220.008315412339
223.833585687485
227.666967834463
231.503931794847
235.345719601306
239.193029140921
243.05012678936
246.91044843844
250.777162236682
254.646915431375
258.526101429227
262.413381888786
266.308825155954
270.209144150589
274.114649531651
278.024230875695
281.940037666196
285.860537645214
289.785174299109
293.714239060582
297.651771902409
301.595731410099
305.537764919942
309.490463875301
313.443054272091
317.402526593822
321.365073153014
325.329198353106
329.301836678993
333.277023170377
337.257076464366
341.241348685529
345.229660685731
349.220859948294
353.224928459283
357.229772131183
361.237397125107
365.253707456179
369.273128666923
373.293939558225
377.32463752255
381.357390349474
385.393715496278
389.430736795256
393.475760447809
397.527454024365
401.581011712608
405.640093535549
409.70162534884
413.768879526123
417.841157811679
