# lnPI (bias) matrix in single row (vectorized) notation.
# species_total_upper_bound: 103
# species_total_lower_bound: 0
# volume: 729
0
6.59179978793498
12.5145506724989
18.0527406421298
23.3240476906025
28.3926322865261
33.2991808047124
38.075375363694
42.7400242722683
47.3081881691544
51.7923847739759
56.2042217859496
60.5522680614324
64.8425079287696
69.0806486304043
73.2716643267288
77.4206934688222
81.5311972849182
85.6064190909293
89.6483771767017
93.6618738560426
97.6512771130995
101.614685385972
105.55905445392
109.48232427995
113.385889939013
117.272683384368
121.147575892105
125.006572653352
128.853945643327
132.691220046586
136.516960161607
140.332839208815
144.145296449251
147.949086515399
151.749960691353
155.543245423877
159.332455985591
163.116038066395
166.90085716381
170.685493000933
174.465692954677
178.243844903717
182.0243134844
185.807873492265
189.597074683242
193.378637222164
197.167002047843
200.959150371459
204.757822923855
208.558371270703
212.362808453207
216.17815380745
219.997663651806
223.824757791024
227.657077875321
231.495589384588
235.337447475131
239.186167917262
243.043256407579
246.90575334631
250.774545743737
254.644936947418
258.523713467082
262.409358177252
266.304599629661
270.206068707795
274.113276684272
278.018418336191
281.933975728738
285.850848059821
289.776503693341
293.704465282342
297.641258743296
301.58397142427
305.52537295384
309.477108904135
313.429020509802
317.383979647989
321.348076812686
325.310304995858
329.280052484746
333.25361942486
337.234421284867
341.21528548688
345.202389715433
349.194079130509
353.197676634943
357.19806621939
361.206840218282
365.220997744139
369.24071159023
373.257241503459
377.287603067256
381.319266453279
385.356964027022
389.393896515972
393.436732115449
397.490245486794
401.543150262694
405.606156579958
409.670817398785
413.74373205002
417.814011137807
