# lnPI (bias) matrix in single row (vectorized) notation.
# species_total_upper_bound: 103
# species_total_lower_bound: 0
# volume: 729
0
6.59168434560237
12.5124631290534
18.050161352556
23.3217066223512
28.3898866097118
33.2982711025568
38.0749382598177
42.7414990987031
47.3115935586646
51.7979514017122
56.2104232326103
60.5582987255983
64.8491004622415
69.0875122530282
73.2786783611334
77.426404772277
81.5360529934636
85.611419253447
89.6554359758595
93.670134466819
97.660947625075
101.626237549406
105.570277073801
109.49338315087
113.396137643372
117.283017026395
121.157978911264
125.017659931239
128.86373001929
132.700136871833
136.526289033214
140.342490694407
144.153556312256
147.957124357008
151.756273617916
155.548332734982
159.338199853009
163.12409542426
166.907792432223
170.691307534256
174.471999498786
178.252375544675
182.034766983216
185.816990213193
189.602941168093
193.388250367864
197.176333287962
200.969705494886
204.769673875478
208.571790937104
212.378813142702
216.192779098938
220.009749176809
223.833162129274
227.664920327381
231.499394387335
235.33897152039
239.185280882216
243.040802857722
246.899827337421
250.766160718777
254.638657802701
258.51793595961
262.402908475333
266.295218795796
270.194771165284
274.097068400619
278.004097658681
281.918299110347
285.836250122717
289.759826053969
293.690363683779
297.62543547554
301.565876402249
305.509959061022
309.462508682053
313.419607644838
317.379573943931
321.345009671383
325.311278870332
329.286182978805
333.26187218243
337.241773311239
341.228802254506
345.219846379986
349.214010453214
353.215692340047
357.218449395768
361.228393151448
365.242982279685
369.261535466186
373.283525484094
377.312073443962
381.343325073725
385.377414676032
389.415314788995
393.458058554345
397.506605901365
401.557595363401
405.615390263917
409.678025386418
413.743262960015
417.8147872441
