# lnPI (bias) matrix in single row (vectorized) notation.
# species_total_upper_bound: 103
# species_total_lower_bound: 0
# volume: 729
0
6.59217067022069
12.5158566375888
18.0542110476544
23.3260448302045
28.3958716979811
33.3023899658087
38.0783631713139
42.7435407348149
47.3112319064978
51.796383478552
56.2093340338989
60.5569475430544
64.8472076539103
69.0850073874559
73.2760930005921
77.4248288121124
81.535007100785
85.610220557357
89.6522330443985
93.6666633298002
97.6570072069074
101.61934277221
105.563890023995
109.486915318627
113.38880010359
117.274889005964
121.148699190814
125.00821681534
128.855705877064
132.69297874926
136.517848946998
140.334520797333
144.145725277801
147.950702019845
151.752486609131
155.546709057553
159.338053937028
163.123376464411
166.907623621763
170.691259048153
174.47172458292
178.250133428129
182.031448133286
185.814578808411
189.60314887066
193.384994045481
197.172550403045
200.963408189227
204.762061809532
208.563100376798
212.366150541917
216.18090047088
220.000250660427
223.825542461369
227.658545455874
231.494879196025
235.334174570322
239.180927196908
243.037255790557
246.898828856082
250.766001409675
254.635547237041
258.513382765265
262.398725368222
266.291313270334
270.19160898481
274.096230946515
278.000374978677
281.913569620903
285.829980454672
289.755892786733
293.684126556693
297.621279270895
301.564470065014
305.507415214744
309.462062167477
313.413506386965
317.369789429098
321.333577728395
325.295030527663
329.264015201924
333.238899347954
337.217000068647
341.199255074187
345.186771882974
349.181197886446
353.184286933363
357.184691653665
361.192791019703
365.206978541662
369.226444800911
373.241014991429
377.269540271369
381.300765328858
385.3384125107
389.372731817629
393.412447391598
397.461319567491
401.506679249815
405.569107232552
409.634845498814
413.709891113789
417.776707957246
