# lnPI (bias) matrix in single row (vectorized) notation.
# species_total_upper_bound: 103
# species_total_lower_bound: 0
# volume: 729
0
6.59188410066375
12.5127897802093
18.0503759224603
23.3218620017782
28.3904343233202
33.2985672885737
38.0753005109496
42.7419726557655
47.3119447178287
51.7984812031456
56.2110462318511
60.5589904427345
64.8498651883847
69.0883659492874
73.2797977765907
77.4273445694649
81.5364200786775
85.611827179703
89.6559465865387
93.6706032917324
97.6610483792313
101.626272009378
105.569762838782
109.492924682489
113.395782052237
117.28241499697
121.157143276259
125.016769956618
128.862951511777
132.699648714135
136.525936358479
140.342304401285
144.153714634738
147.957424423361
151.756621557608
155.548587488135
159.338254024998
163.124118022159
166.907665435457
170.691295378789
174.472059878714
178.25282851155
182.035508176993
185.818194008289
189.604742872682
193.390805473974
197.179792775364
200.974259800289
204.774297375906
208.57653300926
212.383721475035
216.197821215156
220.015064585401
223.83943942367
227.671837680322
231.506699657434
235.347413663444
239.193954921983
243.049822088104
246.909999024753
250.777515339452
254.650514080747
258.530241121275
262.416320186097
266.309400067514
270.20948760153
274.1125132441
278.020087603178
281.935219057829
285.853702155369
289.778275147632
293.709218117891
297.644110156664
301.584457912959
305.528897962995
309.481570029
313.438727006373
317.398956370596
321.364205101679
325.330389991216
329.30441825818
333.279689062282
337.25839326962
341.244871545691
345.235130800179
349.228989998673
353.229626233173
357.231587029178
361.240735117607
365.253575733906
369.271585414813
373.293903284891
377.321666712966
381.351946918028
385.386557465544
389.424556285738
393.467435933442
397.515927469902
401.566447928659
405.624545158684
409.687111996219
413.751945291908
417.823334886812
