# lnPI (bias) matrix in single row (vectorized) notation.
# species_total_upper_bound: 103
# species_total_lower_bound: 0
# volume: 729
0
6.59277625489913
12.517147351233
18.0556851003651
23.3274826581566
28.3979361180951
33.305025167138
38.0807591815347
42.7455532006643
47.3134627628256
51.798335455587
56.2105582038579
60.5578974503814
64.8479203893485
69.085299065048
73.2764744306626
77.4249016631137
81.5348884277407
85.6101134725276
89.6524597346899
93.6662678409331
97.6565015970021
101.618649231798
105.56368937459
109.486351566281
113.387546614101
117.274239385339
121.148436114185
125.008646001913
128.856193110936
132.693286957859
136.517205105061
140.334425258387
144.145616833807
147.951397811483
151.753722993115
155.547768252541
159.33945969626
163.125567606662
166.911374417195
170.695468602482
174.476049040823
178.254830660937
182.036486745913
185.819429672134
189.608396700065
193.392195338744
197.180226626285
200.972070878916
204.771731154603
208.573402856003
212.377010848399
216.191592626982
220.010083144401
223.835738125615
227.668827088241
231.504618633683
235.342672451633
239.188999614823
243.04603997931
246.907991256505
250.77636697599
254.64663563484
258.52534728316
262.410323568573
266.302317267981
270.203444936073
274.108303743253
278.012915511494
281.926796560651
285.844008556628
289.770369905147
293.699921536984
297.636921949329
301.580259618416
305.523726141461
309.478723594596
313.429719200769
317.386332101269
321.35084115951
325.312326150472
329.280425401131
333.255285834922
337.232328586403
341.212791466372
345.199466332711
349.194628255364
353.197074700928
357.196199677947
361.204009724594
365.218341931955
369.237934092478
373.253067131029
377.281154510652
381.31241258008
385.350618556108
389.385447723177
393.424926153542
397.473910468968
401.518996731877
405.581953022804
409.646868358005
413.72074049546
417.786605840222
