# lnPI (bias) matrix in single row (vectorized) notation.
# species_total_upper_bound: 103
# species_total_lower_bound: 0
# volume: 729
0
6.59125347358512
12.5122936213496
18.0500668999177
23.3209236160648
28.3893337726682
33.2967033118841
38.0725745419956
42.7377819338648
47.307162535343
51.7928116683069
56.2048903148016
60.553193856281
64.844090178046
69.0829669390499
73.273101687793
77.4211659856497
81.5310007841894
85.6061210394925
89.6493743179472
93.6642575714785
97.6548813876149
101.619844405805
105.564016039678
109.486819320849
113.390498842798
117.278513468597
121.153857149142
125.014024549962
128.859158032117
132.695807410383
136.521858812877
140.337405144025
144.149508662098
147.953471203314
151.753212787127
155.544070375261
159.333753986359
163.118342654867
166.902523246676
170.685058819478
174.465029914897
178.244780319756
182.027567420832
185.809781641842
189.596811464093
193.380203195945
197.168322847563
200.961840853018
204.761777341316
208.565112540194
212.371257020263
216.184697731074
220.001033138908
223.825499999256
227.658564226471
231.495162130939
235.33676736067
239.183799609746
243.04019753499
246.901175774154
250.768091078816
254.638013737844
258.517030547003
262.403908709626
266.299140211938
270.199115901496
274.104034727291
278.011692847482
281.926436216516
285.846139702211
289.769345137739
293.69709166016
297.633423556207
301.577582968562
305.519139940843
309.471539562117
313.423301813147
317.380988558667
321.345398898083
325.310345028184
329.284253880685
333.259554508052
337.240716720917
341.22381355649
345.210717833157
349.201443960893
353.205265874588
357.209235898574
361.216190580906
365.232262087805
369.252253170741
373.270793080451
377.301246420424
381.334263564829
385.370194045152
389.407343634989
393.452232320116
397.504895325271
401.558909150531
405.620516500903
409.683968033569
413.753656872454
417.827608189643
