# <P(U)> as a function of N_tot.
# number_of_species: 1
# species_total_upper_bound: 445
# species_total_lower_bound: 421
# volume: 729
# Bin widths for each
10	10	10	10	10	10	10	10	10	10	10	10	10	10	10	10	10	10	10	10	10	10	10	10	10	
# Bin lower bound for each
-2000	-2020	-2020	-2030	-2030	-2030	-2070	-2070	-2080	-2090	-2100	-2100	-2100	-2110	-2120	-2120	-2130	-2140	-2150	-2160	-2160	-2180	-2190	-2190	-2200	
# Bin upper bound for each
-1840	-1850	-1850	-1860	-1870	-1880	-1890	-1900	-1910	-1920	-1920	-1940	-1940	-1940	-1950	-1960	-1960	-1970	-1990	-1990	-2020	-2030	-2030	-2040	-2040	
# Normalized histogram for each
2.70406164316583e-05	0.000116717133470467	0.000768838472287768	0.00300671988817181	0.0109021865681588	0.0313719332069242	0.0716323628587202	0.132803497856146	0.196318464321111	0.212960587121597	0.168988218305091	0.102178131486522	0.048427089132214	0.016125696191398	0.00378047483617443	0.000535699193889725	5.63428116921462e-05	
5.41841012222061e-07	3.94066190706954e-05	3.90125528799884e-05	0.000520413663102371	0.00225464971012984	0.0088714151182903	0.0263077603750486	0.0651806660487052	0.124043219603532	0.187737172431248	0.214461854836064	0.179959783574907	0.111597771910351	0.0539283030061635	0.0192965347099904	0.00469928858245426	0.00092640035607821	0.000135805060972384	
2.47375489818342e-05	9.76612655194657e-05	0.000274938770848201	0.00187727756481783	0.0068577542350783	0.0228112920615173	0.0580195663601855	0.11491543327594	0.178528461863821	0.214665955838071	0.189764613545945	0.122140185657536	0.0593133054699629	0.0236897477087279	0.00571377892384622	0.00113217664057541	0.000156109302091775	1.70039665346075e-05	
3.47033970064651e-07	7.8479253516049e-05	0.000295127603399267	0.0013371218866591	0.00553276258474074	0.0185213021349133	0.0507783575338299	0.105617855314201	0.169398485028161	0.214141624364878	0.19618251726147	0.134202547665612	0.0684818493301451	0.0267460072254456	0.00712019511637933	0.00126920238108931	0.000291607687417183	4.61059417371608e-06	
1.00827050020051e-05	0.000215114262875291	0.000985969344801988	0.00465016341432378	0.016107692428425	0.0436224506774435	0.0944392838875493	0.162818649487724	0.210070277943919	0.203237283399407	0.144448904675524	0.0776942452986035	0.0304219050789317	0.00944247806862657	0.00153103143688083	0.00029706728382755	7.40060613447666e-06	
0.000120957935291669	0.000962854908676263	0.00378816458329843	0.013009521669862	0.0393397342554162	0.0855914213459624	0.152801698090778	0.205867877647281	0.210711796799394	0.15439006415827	0.0847430798924188	0.0353240795225057	0.010814928311107	0.0023355291825395	0.00017905740257111	1.92342946283473e-05	
4.57526451866949e-06	3.38171725292962e-06	1.98924544289978e-06	5.43561317272365e-05	0.00069777757023317	0.00274476086211311	0.0113699799091183	0.0336576847759118	0.0788465778040889	0.143569711888134	0.202225199791109	0.209762649698801	0.164860307476673	0.095358011216062	0.0413332380484766	0.0120361284768094	0.00299112891021625	0.000451111135313597	3.14300779978165e-05	
1.27878446809283e-05	3.28403793362362e-06	2.87602109944614e-05	0.00046314886494195	0.00221055559453277	0.00928865250450187	0.0291831055156412	0.0714605161611985	0.135806661720707	0.195988099840724	0.213066191774878	0.172214600932169	0.104729362931472	0.0466537892573148	0.0145130095172414	0.00375504858634606	0.000565003799034791	5.74209056879039e-05	
3.89448482531463e-06	1.65765251539033e-05	3.12557371877815e-05	0.000294582826530209	0.00208429832093281	0.00736846514808055	0.0240110966854289	0.0642313387895731	0.127190079768536	0.187780025317147	0.214697605985284	0.181733038757164	0.114052035210337	0.0536359933879636	0.0176078646225148	0.00439712301424338	0.000831073075863616	3.3652343234129e-05	
2.77391740938305e-06	1.05913210176444e-05	6.33461866579112e-05	0.000304929175584181	0.00176032798799449	0.00676175151197412	0.0203461294143428	0.0563704400265186	0.118717915547328	0.183054642894699	0.213219179066708	0.191318344596699	0.119659433550935	0.0603063262212613	0.0214722894476903	0.00542003287848653	0.00115223485699573	5.93113976988086e-05	
1.23620140637336e-05	2.09901953082171e-05	3.10311781599843e-05	0.000219186077930036	0.00136078023381564	0.00560549220569968	0.0176069391163743	0.049943949619091	0.110582050547317	0.175527279004148	0.211480002020306	0.198185488438565	0.131339991362736	0.0661284498029318	0.0240181823530281	0.00638313857610891	0.00136517001023827	0.000185077010554183	4.44023362289207e-06	
3.623642819943e-06	5.62671204541149e-05	0.000211429492869174	0.00111572968993495	0.00459498040917772	0.0155218740192258	0.0454704263437223	0.0990682809055967	0.169240728054263	0.212887405163731	0.201807261659423	0.142130645610349	0.0711855069587028	0.0273238773702902	0.00780225660343477	0.00136998862780095	0.000209718328204201	
4.44473316215412e-05	0.000150135443689957	0.000756761072664951	0.00368932964373553	0.0145153219605819	0.0391499538330997	0.0924746846300926	0.160983609392827	0.20994762455158	0.206712572782506	0.1511821180139	0.0799465706872463	0.0300035075179343	0.00805668221384717	0.0018981625151317	0.000447087865134326	4.14305444074095e-05	
2.8157089618395e-05	0.000107513491474555	0.000501358250399479	0.00294206136938967	0.0121717122635115	0.0348073789198302	0.0840289088231405	0.153625232884705	0.209881831886071	0.209975874539706	0.156710713099058	0.0874376385033818	0.0348375110571017	0.0101365522626222	0.00226973489137922	0.0004893560377384	4.42613243281964e-05	4.20330654375321e-06	
1.70942000495174e-05	3.69275300772957e-05	0.000404934715119576	0.00233318077055683	0.0101758678692394	0.0313562411507714	0.0763742481405239	0.145635026452133	0.206338154016105	0.215211109059018	0.165258711587316	0.0941738756087019	0.0385871384963465	0.0111705271237527	0.00243696336195538	0.000438362245780205	4.99637597886487e-05	1.6739127644928e-06	
8.03341575550106e-05	0.000192395222903899	0.00192522333912688	0.00775911019853316	0.0282503200146757	0.0707384458126786	0.137340089266502	0.200118081042725	0.21909346665685	0.172691135298585	0.102902920543213	0.0424051985758686	0.0129424937593579	0.0029386539900044	0.000552221066585424	6.02506181662579e-05	9.6604366680076e-06	
2.57439884977494e-05	0.000156149549280992	0.00142572660108965	0.00697151294866434	0.0244949964208705	0.0632999216545048	0.127946601246969	0.193518174489689	0.223394277458696	0.182841059577617	0.110137379934175	0.0474362614089542	0.0140715926017907	0.00343156129219703	0.000675881856750436	0.000153493423483605	1.28719942488747e-05	6.79355252023942e-06	
9.71824194226624e-06	0.000236425801325609	0.00097321251450409	0.00603518250395594	0.0206161961854923	0.0576162684809853	0.12174591867261	0.187559498522262	0.222630576921119	0.189780245354243	0.117332705606891	0.0541613563416054	0.0163026336641341	0.00407538846486845	0.000739563353733414	0.000160788055838447	2.24188015176089e-05	1.90251297282461e-06	
9.01845107320871e-06	0.000103581862904426	0.000792528969167584	0.00525019815830718	0.0188591972171041	0.0536127628285512	0.113567946860993	0.1832607643424	0.220233598734706	0.195978969806174	0.124901012073517	0.0592165051208381	0.0184277711992898	0.00478003971767556	0.000820470528562034	0.000132044720048773	5.35894086893558e-05	
3.60632989294688e-06	6.71613610498079e-05	0.000721893166396845	0.00396696288224157	0.0170091242759574	0.0467721126167974	0.108798530289904	0.178604062870351	0.221081663772456	0.199147756300951	0.132975888548727	0.0626453997734284	0.0217248971346664	0.00542224765817219	0.000955834218582791	9.41304367709758e-05	6.84680023153683e-06	1.88156342240707e-06	
0.000110969149483408	0.00065842389351084	0.00399410864160801	0.0151239708092842	0.0433135179838467	0.100602434440369	0.172850637658817	0.21771938931366	0.204860292599414	0.140324393220743	0.0689472874158746	0.0237643660676536	0.00620526783877224	0.00132075148599506	0.000204189480967828	
5.73330539649976e-07	6.45778671478474e-05	0.00049322062697343	0.00333532435393466	0.0132468021186127	0.0402387348367102	0.0960549646776267	0.167838502168753	0.216292594550024	0.204756662882685	0.14761963584129	0.0742365061445398	0.0271973935351248	0.00685890960870712	0.00155857301155939	0.000207024445771792	
1.04231142138535e-05	9.62822015006968e-05	0.000506995015119306	0.00311493189021281	0.0118956686275106	0.0363209733798927	0.0896168831708924	0.163265397440188	0.216586048966948	0.208728126331513	0.150798615852546	0.0791394424223486	0.0294685127721578	0.00861444068779499	0.00163053302858534	0.000199039367891818	7.68573068294245e-06	
6.11568550703059e-05	0.000363414874578711	0.00242611665075378	0.00999114593999271	0.0333338543771072	0.0826268585013002	0.154540004398873	0.215289182189166	0.215976959970628	0.155876665886154	0.0859203288280941	0.0318726160602638	0.00965504639052715	0.00186349463638066	0.000188417849528137	1.47365915832062e-05	
2.75682025183395e-05	0.000327702483958422	0.00230226178617236	0.00940218300026332	0.0305547577911596	0.0782350731122462	0.148520416683347	0.211016950853289	0.218708426543257	0.16221552862979	0.0881675479161238	0.0368339704475207	0.0113973392353933	0.00208134647748613	0.000154212933627493	5.02776413744428e-05	4.43626247421554e-06	
