# <N_i^j*N_k^m*U^p> as a function of N_tot.
# number_of_species: 1
# max_order: 2
# species_total_upper_bound: 445
# species_total_lower_bound: 421
# volume: 729
#	N_tot	N_1^0*N_1^0*U^0	N_1^0*N_1^0*U^1	N_1^0*N_1^0*U^2	N_1^0*N_1^1*U^0	N_1^0*N_1^1*U^1	N_1^0*N_1^1*U^2	N_1^0*N_1^2*U^0	N_1^0*N_1^2*U^1	N_1^0*N_1^2*U^2	N_1^1*N_1^0*U^0	N_1^1*N_1^0*U^1	N_1^1*N_1^0*U^2	N_1^1*N_1^1*U^0	N_1^1*N_1^1*U^1	N_1^1*N_1^1*U^2	N_1^1*N_1^2*U^0	N_1^1*N_1^2*U^1	N_1^1*N_1^2*U^2	N_1^2*N_1^0*U^0	N_1^2*N_1^0*U^1	N_1^2*N_1^0*U^2	N_1^2*N_1^1*U^0	N_1^2*N_1^1*U^1	N_1^2*N_1^1*U^2	N_1^2*N_1^2*U^0	N_1^2*N_1^2*U^1	N_1^2*N_1^2*U^2	
421	1	-1913.01465819917	3659983.70897176	421	-805379.171101849	1540853141.29345	177241	-339064631.033878	648699172578.223	421	-805379.171101849	1540853141.29345	177241	-339064631.033878	648699172578.223	74618461	-142746209665.702	273102351653432	177241	-339064631.033878	648699172578.223	74618461	-142746209665.702	273102351653432	31414372088.1011	-60096154269157.4	1.14976090040795e+17	
422	1	-1921.53326688339	3692645.35988199	422	-810887.038624789	1558296341.8702	178084	-342194330.299661	657601056284.198	422	-810887.038624789	1558296341.8702	178084	-342194330.299661	657601056284.198	75151448	-144406007386.479	277507645745786	178084	-342194330.299661	657601056284.198	75151448	-144406007386.479	277507645745786	31713911047.8534	-60939335116997.4	1.17108226501326e+17	
423	1	-1930.11751733153	3725710.3036501	423	-816439.709831237	1575975458.63439	178929	-345353997.258613	666637618928.268	423	-816439.709831237	1575975458.63439	178929	-345353997.258613	666637618928.268	75686967	-146084740839.73	281987712797179	178929	-345353997.258613	666637618928.268	75686967	-146084740839.73	281987712797179	32015587040.877	-61793845375655.8	1.19280802517387e+17	
424	1	-1938.42964243469	3757862.50109155	424	-821894.168392307	1593333700.46282	179776	-348483127.398338	675573488961.45	424	-821894.168392307	1593333700.46282	179776	-348483127.398338	675573488961.45	76225024	-147756846016.895	286443159328564	179776	-348483127.398338	675573488961.45	76225024	-147756846016.895	286443159328564	32319410176	-62648902711173.7	1.21451899559315e+17	
425	1	-1946.82819192146	3790489.69713699	425	-827401.98156662	1610958121.08634	180625	-351645842.165813	684657201549.259	425	-827401.98156662	1610958121.08634	180625	-351645842.165813	684657201549.259	76765625	-149449482919.778	290979310658234	180625	-351645842.165813	684657201549.259	76765625	-149449482919.778	290979310658234	32625390625.2455	-63516030241560.9	1.23666207027945e+17	
426	1	-1955.53376752127	3824460.42632517	426	-833057.38496406	1629220141.61452	181476	-354882445.99469	694047780336.412	426	-833057.38496406	1629220141.61452	181476	-354882445.99469	694047780336.412	77308776	-151179921993.952	295664354417697	181476	-354882445.99469	694047780336.412	77308776	-151179921993.952	295664354417697	32933538567.6	-64402646769296.5	1.25953014977554e+17	
427	1	-1964.18118413211	3858353.13869045	427	-838705.365624411	1647516790.41905	182329	-358127191.121624	703489669430.199	427	-838705.365624411	1647516790.41905	182329	-358127191.121624	703489669430.199	77854483	-152920310608.95	300390088845171	182329	-358127191.121624	703489669430.199	77854483	-152920310608.95	300390088845171	33243864248.3904	-65296972629767.5	1.28266567939723e+17	
428	1	-1973.02364790968	3893164.79828323	428	-844454.121305344	1666274533.66522	183184	-361426363.918687	713165500410.384	428	-844454.121305344	1666274533.66522	183184	-361426363.918687	713165500410.384	78402752	-154690483757.226	305234834182194	183184	-361426363.918687	713165500410.384	78402752	-154690483757.226	305234834182194	33556377856	-66207527048377	1.306405090228e+17	
429	1	-1981.58810185341	3927030.31019015	429	-850101.295695114	1684696002.86635	184041	-364693455.853204	722734585330.862	429	-850101.295695114	1684696002.86635	184041	-364693455.853204	722734585330.862	78953589	-156453492560.982	310053137100856	184041	-364693455.853204	722734585330.862	78953589	-156453492560.982	310053137100856	33871089686.5962	-67118548309655.2	1.33012795814906e+17	
430	1	-1990.24658216236	3961422.81361333	430	-855806.030329814	1703411809.85373	184900	-367996593.04182	732467078234.18	430	-855806.030329814	1703411809.85373	184900	-367996593.04182	732467078234.18	79507000	-158238535008.217	314960843648040	184900	-367996593.04182	732467078234.18	79507000	-158238535008.217	314960843648040	34188009991.5052	-68042570053499.6	1.35433162765331e+17	
431	1	-1998.92776770856	3996052.4179565	431	-861537.867882388	1722298592.34826	185761	-371322821.057309	742310693219.622	431	-861537.867882388	1722298592.34826	185761	-371322821.057309	742310693219.622	80062991	-160040135874.247	319935908778374	185761	-371322821.057309	742310693219.622	80062991	-160040135874.247	319935908778374	34507149120.0291	-68977298562534.4	1.37892376683163e+17	
432	1	-2007.84989335623	4031791.2703617	432	-867391.153929892	1741733828.79625	186624	-374712978.497713	752429013955.275	432	-867391.153929892	1741733828.79625	186624	-374712978.497713	752429013955.275	80621568	-161876006711.012	325049334069017	186624	-374712978.497713	752429013955.275	80621568	-161876006711.012	325049334069017	34828517376	-69930434899222.2	1.40421312315588e+17	
433	1	-2016.59715734531	4066995.30263865	433	-873186.56913052	1761008965.82847	187489	-378089784.433515	762516882289.352	433	-873186.56913052	1761008965.82847	187489	-378089784.433515	762516882289.352	81182737	-163712876658.788	330169810042580	187489	-378089784.433515	762516882289.352	81182737	-163712876658.788	330169810042580	35152125120.0285	-70887675593954.6	1.42963527741372e+17	
434	1	-2025.26997410062	4102047.52851931	434	-878967.168759668	1780288627.37738	188356	-381471751.241696	772645264284.215	434	-878967.168759668	1780288627.37738	188356	-381471751.241696	772645264284.215	81746504	-165558740039.504	335328044703672	188356	-381471751.241696	772645264284.215	81746504	-165558740039.504	335328044703672	35477982727.3703	-71852493176924.5	1.45532371398419e+17	
435	1	-2034.2334376919	4138431.85495925	435	-884891.545395976	1800217857.12287	189225	-384927822.247249	783094767770.084	435	-884891.545395976	1800217857.12287	189225	-384927822.247249	783094767770.084	82312875	-167443602680.415	340646223975769	189225	-384927822.247249	783094767770.084	82312875	-167443602680.415	340646223975769	35806100630.039	-72837967164567.4	1.4818110743353e+17	
436	1	-2043.22241923431	4175078.37352483	436	-890844.974786161	1820334170.85683	190096	-388408409.006766	793665698498.497	436	-890844.974786161	1820334170.85683	190096	-388408409.006766	793665698498.497	82881856	-169346066326.909	346038244543788	190096	-388408409.006766	793665698498.497	82881856	-169346066326.909	346038244543788	36136489216	-73834884918431.1	1.50872674619319e+17	
437	1	-2051.96353549306	4210869.04280484	437	-896708.065010468	1840149771.48826	190969	-391861424.409574	804145450236.44	437	-896708.065010468	1840149771.48826	190969	-391861424.409574	804145450236.44	83453453	-171243442467.096	351411561753266	190969	-391861424.409574	804145450236.44	83453453	-171243442467.096	351411561753266	36469158968.7225	-74833384358468.9	1.53566852485788e+17	
438	1	-2060.78335635218	4247141.68186751	438	-902623.110082256	1860248056.65797	191844	-395348922.216028	814788648810.888	438	-902623.110082256	1860248056.65797	191844	-395348922.216028	814788648810.888	84027672	-173162827931.042	356877428184655	191844	-395348922.216028	814788648810.888	84027672	-173162827931.042	356877428184655	36804120327.3493	-75845318633414.1	1.56312313540668e+17	
439	1	-2069.88025589388	4284716.19925687	439	-908677.432337411	1880990411.68957	192721	-398909392.796124	825754790641.248	439	-908677.432337411	1880990411.68957	192721	-398909392.796124	825754790641.248	84604519	-175121223436.019	362506353090509	192721	-398909392.796124	825754790641.248	84604519	-175121223436.019	362506353090509	37141383842.5567	-76878217088683	1.59140289005514e+17	
440	1	-2078.91561264839	4322201.9424967	440	-914722.869565289	1901768854.69855	193600	-402478062.608727	836778296039.858	440	-914722.869565289	1901768854.69855	193600	-402478062.608727	836778296039.858	85184000	-177090347547.84	368182450267055	193600	-402478062.608727	836778296039.858	85184000	-177090347547.84	368182450267055	37480960000	-77919752920979.1	1.62000278120285e+17	
441	1	-2087.93817251717	4359794.44618857	441	-920780.734080071	1922669350.54405	194481	-406064303.729311	847897183708.582	441	-920780.734080071	1922669350.54405	194481	-406064303.729311	847897183708.582	85766121	-179074357943.987	373922658001377	194481	-406064303.729311	847897183708.582	85766121	-179074357943.987	373922658001377	37822859363.3335	-78971791853737.3	1.6489989218409e+17	
442	1	-2097.1460473182	4398334.24848319	442	-926938.552914645	1944063737.82957	195364	-409706840.388273	859276172126.193	442	-926938.552914645	1944063737.82957	195364	-409706840.388273	859276172126.193	86350888	-181090423452.132	379800068067548	195364	-409706840.388273	859276172126.193	86350888	-181090423452.132	379800068067548	38167092487.1328	-80041967165292.7	1.67871630087091e+17	
443	1	-2106.47423985623	4437547.89598412	443	-933168.088256311	1965833718.14718	196249	-413393463.097546	870864337051.298	443	-933168.088256311	1965833718.14718	196249	-413393463.097546	870864337051.298	86938307	-183133304153.732	385792901307594	196249	-413393463.097546	870864337051.298	86938307	-183133304153.732	385792901307594	38513670008.8703	-81128053740122.4	1.70906255280225e+17	
444	1	-2115.6666679835	4476354.04758363	444	-939356.000584674	1987501197.12713	197136	-417074064.259595	882450531531.314	444	-939356.000584674	1987501197.12713	197136	-417074064.259595	882450531531.314	87528384	-185180884531.357	391808036001598	197136	-417074064.259595	882450531531.314	87528384	-185180884531.357	391808036001598	38862602496	-82220312732222.7	1.73962767985658e+17	
445	1	-2124.90307458251	4515523.33886338	445	-945581.868189217	2009407885.56262	198025	-420783931.344202	894186509197.487	445	-945581.868189217	2009407885.56262	198025	-420783931.344202	894186509197.487	88121125	-187248849448.911	397912996587682	198025	-420783931.344202	894186509197.487	88121125	-187248849448.911	397912996587682	39213900629.1546	-83325738004286.1	1.77071283479224e+17	
