# <N_i^j*N_k^m*U^p> as a function of N_tot.
# number_of_species: 1
# max_order: 2
# species_total_upper_bound: 445
# species_total_lower_bound: 421
# volume: 729
#	N_tot	N_1^0*N_1^0*U^0	N_1^0*N_1^0*U^1	N_1^0*N_1^0*U^2	N_1^0*N_1^1*U^0	N_1^0*N_1^1*U^1	N_1^0*N_1^1*U^2	N_1^0*N_1^2*U^0	N_1^0*N_1^2*U^1	N_1^0*N_1^2*U^2	N_1^1*N_1^0*U^0	N_1^1*N_1^0*U^1	N_1^1*N_1^0*U^2	N_1^1*N_1^1*U^0	N_1^1*N_1^1*U^1	N_1^1*N_1^1*U^2	N_1^1*N_1^2*U^0	N_1^1*N_1^2*U^1	N_1^1*N_1^2*U^2	N_1^2*N_1^0*U^0	N_1^2*N_1^0*U^1	N_1^2*N_1^0*U^2	N_1^2*N_1^1*U^0	N_1^2*N_1^1*U^1	N_1^2*N_1^1*U^2	N_1^2*N_1^2*U^0	N_1^2*N_1^2*U^1	N_1^2*N_1^2*U^2	
421	1	-1912.18214715896	3656793.4114299	421	-805028.683953924	1539510026.21199	177241	-338917075.944602	648133721033.988	421	-805028.683953924	1539510026.21199	177241	-338917075.944602	648133721033.988	74618461	-142684088972.807	272864296554318	177241	-338917075.944602	648133721033.988	74618461	-142684088972.807	272864296554318	31414372080.0748	-60070001457361.7	1.14875868850049e+17	
422	1	-1920.80152741223	3689835.48389779	422	-810578.24456796	1557110574.20487	178084	-342064019.207679	657100662317.201	422	-810578.24456796	1557110574.20487	178084	-342064019.207679	657100662317.201	75151448	-144351016105.622	277296479495977	178084	-342064019.207679	657100662317.201	75151448	-144351016105.622	277296479495977	31713911056	-60916128796477.7	1.17019114347456e+17	
423	1	-1929.34609264086	3722738.018966	423	-816113.397187082	1574718182.02262	178929	-345215967.010136	666105790998.324	423	-816113.397187082	1574718182.02262	178929	-345215967.010136	666105790998.324	75686967	-146026354045.315	281762749588511	178929	-345215967.010136	666105790998.324	75686967	-146026354045.315	281762749588511	32015587040.075	-61769147761326.9	1.19185643078291e+17	
424	1	-1937.63193796299	3754774.06006726	424	-821555.94169631	1592024201.46852	179776	-348339719.279235	675018261392.024	424	-821555.94169631	1592024201.46852	179776	-348339719.279235	675018261392.024	76225024	-147696040974.396	286207742843209	179776	-348339719.279235	675018261392.024	76225024	-147696040974.396	286207742843209	32319410176	-62623121373104.3	1.21352082965938e+17	
425	1	-1945.97985250693	3787189.23093161	425	-827041.437315446	1609555423.14593	180625	-351492610.859064	684061054841.702	425	-827041.437315446	1609555423.14593	180625	-351492610.859064	684061054841.702	76765625	-149384359614.493	290725948303800	180625	-351492610.859064	684061054841.702	76765625	-149384359614.493	290725948303800	32625390624.0742	-63488352836481.2	1.23558528028561e+17	
426	1	-1954.58414665175	3820747.99114853	426	-832652.846473645	1627638644.22927	181476	-354710112.597773	693374062444.775	426	-832652.846473645	1627638644.22927	181476	-354710112.597773	693374062444.775	77308776	-151106507966.697	295377350602322	181476	-354710112.597773	693374062444.775	77308776	-151106507966.697	295377350602322	32933538576	-64371372393867.5	1.25830751356142e+17	
427	1	-1963.19667963816	3854489.30930487	427	-838284.982205495	1645866935.07318	182329	-357947687.401746	702785181280.436	427	-838284.982205495	1645866935.07318	182329	-357947687.401746	702785181280.436	77854483	-152843662520.836	300089272404943	182329	-357947687.401746	702785181280.436	77854483	-152843662520.836	300089272404943	33243864240.0745	-65264243896309.8	1.28138119316079e+17	
428	1	-1972.16191898473	3889768.18834016	428	-844085.301325466	1664820784.60959	183184	-361268508.967299	712543295807.322	428	-844085.301325466	1664820784.60959	183184	-361268508.967299	712543295807.322	78402752	-154622921838.004	304968530605509	183184	-361268508.967299	712543295807.322	78402752	-154622921838.004	304968530605509	33556377856	-66178610546709.5	1.30526531099316e+17	
429	1	-1980.84028105406	3924074.90470007	429	-849780.480572192	1683428134.11633	184041	-364555826.16547	722190669536.44	429	-849780.480572192	1683428134.11633	184041	-364555826.16547	722190669536.44	78953589	-156394449424.925	309819797230465	184041	-364555826.16547	722190669536.44	78953589	-156394449424.925	309819797230465	33871089680.0749	-67093218804221.4	1.32912693011879e+17	
430	1	-1989.39516729254	3958041.61134404	430	-855439.921935793	1701957892.87794	184900	-367839166.432391	731841893939.984	430	-855439.921935793	1701957892.87794	184900	-367839166.432391	731841893939.984	79507000	-158170841565.828	314692014394392	184900	-367839166.432391	731841893939.984	79507000	-158170841565.828	314692014394392	34188010000	-68013461873489.2	1.35317566189683e+17	
431	1	-1998.40821759239	3993983.2266028	431	-861313.941782321	1721406770.66581	185761	-371226308.90818	741926318158.736	431	-861313.941782321	1721406770.66581	185761	-371226308.90818	741926318158.736	80062991	-159998539139.38	319770243123981	185761	-371226308.90818	741926318158.736	80062991	-159998539139.38	319770243123981	34507149120.0753	-68959370368913.4	1.37820974786795e+17	
432	1	-2007.39719166347	4029979.01324623	432	-867195.586798619	1740950933.72237	186624	-374628493.497004	752090803353.825	432	-867195.586798619	1740950933.72237	186624	-374628493.497004	752090803353.825	80621568	-161839509190.706	324903227055422	186624	-374628493.497004	752090803353.825	80621568	-161839509190.706	324903227055422	34828517376	-69914667970384.8	1.40358194088298e+17	
433	1	-2016.51118436315	4066655.44139765	433	-873149.342829245	1760861806.12518	187489	-378073665.445063	762453162051.906	433	-873149.342829245	1760861806.12518	187489	-378073665.445063	762453162051.906	81182737	-163705897137.983	330142219169027	187489	-378073665.445063	762453162051.906	81182737	-163705897137.983	330142219169027	35152125120.0752	-70884653460617.8	1.42951580900448e+17	
434	1	-2025.00683262379	4100999.98030745	434	-878852.965358723	1779833991.45343	188356	-381422186.965686	772447952292.817	434	-878852.965358723	1779833991.45343	188356	-381422186.965686	772447952292.817	81746504	-165537229143.172	335242411294559	188356	-381422186.965686	772447952292.817	81746504	-165537229143.172	335242411294559	35477982736	-71843157447912.4	1.4549520650144e+17	
435	1	-2034.16754855025	4138170.90706	435	-884862.883619359	1800104344.5711	189225	-384915354.374421	783045389890.368	435	-884862.883619359	1800104344.5711	189225	-384915354.374421	783045389890.368	82312875	-167438179153.246	340624744603260	189225	-384915354.374421	783045389890.368	82312875	-167438179153.246	340624744603260	35806100624.0757	-72835607931539.4	1.48171763903173e+17	
436	1	-2043.19784162382	4174978.62338831	436	-890834.258947984	1820290679.7973	190096	-388403736.901321	793646736385.889	436	-890834.258947984	1820290679.7973	190096	-388403736.901321	793646736385.889	82881856	-169344029288.976	346029977063572	190096	-388403736.901321	793646736385.889	82881856	-169344029288.976	346029977063572	36136489216	-73833996769980.4	1.50869070001523e+17	
437	1	-2051.91182649761	4210657.75665187	437	-896685.468179457	1840057439.65687	190969	-391851549.594423	804105101138.699	437	-896685.468179457	1840057439.65687	190969	-391851549.594423	804105101138.699	83453453	-171239127172.598	351393929196709	190969	-391851549.594423	804105101138.699	83453453	-171239127172.598	351393929196709	36469158960.0769	-74831498574454.6	1.53559147057147e+17	
438	1	-2060.74511380395	4246978.81470402	438	-902606.359846129	1860176720.84036	191844	-395341585.612605	814757403729.808	438	-902606.359846129	1860176720.84036	191844	-395341585.612605	814757403729.808	84027672	-173159614498.307	356863742832272	191844	-395341585.612605	814757403729.808	84027672	-173159614498.307	356863742832272	36804120336	-75843911150362.2	1.5630631936167e+17	
439	1	-2069.73773237723	4284126.43875061	439	-908614.864513605	1880731506.61152	192721	-398881925.521473	825641131406.211	439	-908614.864513605	1880731506.61152	192721	-398881925.521473	825641131406.211	84604519	-175109165304.209	362456456687568	192721	-398881925.521473	825641131406.211	84604519	-175109165304.209	362456456687568	37141383840.078	-76872923568202.5	1.59118384485459e+17	
440	1	-2078.80430936645	4321736.04451093	440	-914673.896121239	1901563859.58481	193600	-402456514.293345	836688098185.842	440	-914673.896121239	1901563859.58481	193600	-402456514.293345	836688098185.842	85184000	-177080866289.072	368142763213876	193600	-402456514.293345	836688098185.842	85184000	-177080866289.072	368142763213876	37480960000	-77915581167247.2	1.61982815814276e+17	
441	1	-2087.66047117664	4358634.94147385	441	-920658.267788899	1922158009.18997	194481	-406010296.094904	847671682055.563	441	-920658.267788899	1922158009.18997	194481	-406010296.094904	847671682055.563	85766121	-179050540577.687	373823211785206	194481	-406010296.094904	847671682055.563	85766121	-179050540577.687	373823211785206	37822859360.0778	-78961288394899.5	1.64856036396842e+17	
442	1	-2096.92011045178	4397378.00627153	442	-926838.688819685	1943641078.77202	195364	-409662700.458301	859089356819.171	442	-926838.688819685	1943641078.77202	195364	-409662700.458301	859089356819.171	86350888	-181070913602.592	379717495712082	195364	-409662700.458301	859089356819.171	86350888	-181070913602.592	379717495712082	38167092496	-80033343812334.6	1.67835133106446e+17	
443	1	-2106.16842495935	4436256.30726307	443	-933032.612256993	1965261544.11754	196249	-413333447.229848	870610864046.415	443	-933032.612256993	1965261544.11754	196249	-413333447.229848	870610864046.415	86938307	-183106717122.83	385680612772903	196249	-413333447.229848	870610864046.415	86938307	-183106717122.83	385680612772903	38513670000.0804	-81116275685632.5	1.70856511457041e+17	
444	1	-2115.6774630581	4476395.29231217	444	-939360.793597796	1987519509.7866	197136	-417076192.357422	882458662339.498	444	-939360.793597796	1987519509.7866	197136	-417076192.357422	882458662339.498	87528384	-185181829406.695	391811646077297	197136	-417076192.357422	882458662339.498	87528384	-185181829406.695	391811646077297	38862602496	-82220732256424.6	1.73964370862441e+17	
445	1	-2125.15460478539	4516592.22964297	445	-945693.7991295	2009883542.19112	198025	-420833740.612627	894398176278.01	445	-945693.7991295	2009883542.19112	198025	-420833740.612627	894398176278.01	88121125	-187271014572.772	398007188444776	198025	-420833740.612627	894398176278.01	88121125	-187271014572.772	398007188444776	39213900624.0774	-83335601484906.4	1.77113198858076e+17	
