# <N_i^j*N_k^m*U^p> as a function of N_tot.
# number_of_species: 1
# max_order: 2
# species_total_upper_bound: 445
# species_total_lower_bound: 421
# volume: 729
#	N_tot	N_1^0*N_1^0*U^0	N_1^0*N_1^0*U^1	N_1^0*N_1^0*U^2	N_1^0*N_1^1*U^0	N_1^0*N_1^1*U^1	N_1^0*N_1^1*U^2	N_1^0*N_1^2*U^0	N_1^0*N_1^2*U^1	N_1^0*N_1^2*U^2	N_1^1*N_1^0*U^0	N_1^1*N_1^0*U^1	N_1^1*N_1^0*U^2	N_1^1*N_1^1*U^0	N_1^1*N_1^1*U^1	N_1^1*N_1^1*U^2	N_1^1*N_1^2*U^0	N_1^1*N_1^2*U^1	N_1^1*N_1^2*U^2	N_1^2*N_1^0*U^0	N_1^2*N_1^0*U^1	N_1^2*N_1^0*U^2	N_1^2*N_1^1*U^0	N_1^2*N_1^1*U^1	N_1^2*N_1^1*U^2	N_1^2*N_1^2*U^0	N_1^2*N_1^2*U^1	N_1^2*N_1^2*U^2	
421	1	-1913.12739827048	3660417.80212593	421	-805426.634671873	1541035894.61313	177241	-339084613.197333	648776111700.815	421	-805426.634671873	1541035894.61313	177241	-339084613.197333	648776111700.815	74618461	-142754622152.113	273134743036092	177241	-339084613.197333	648776111700.815	74618461	-142754622152.113	273134743036092	31414372093.8968	-60099695928638	1.14989726810947e+17	
422	1	-1921.66611125115	3693157.55759933	422	-810943.098947986	1558512489.97348	178084	-342217987.75605	657692270463.086	422	-810943.098947986	1558512489.97348	178084	-342217987.75605	657692270463.086	75151448	-144415990833.339	277546138148044	178084	-342217987.75605	657692270463.086	75151448	-144415990833.339	277546138148044	31713911042.097	-60943548132968.4	1.17124470304036e+17	
423	1	-1930.20707085081	3726051.31024882	423	-816477.590969895	1576119704.98344	178929	-345370020.979697	666698634923.421	423	-816477.590969895	1576119704.98344	178929	-345370020.979697	666698634923.421	75686967	-146091518875.506	282013522589386	178929	-345370020.979697	666698634923.421	75686967	-146091518875.506	282013522589386	32015587063.6838	-61796712484156.5	1.1929172004207e+17	
424	1	-1938.7565014341	3759126.55692834	424	-822032.756608057	1593869660.13762	179776	-348541888.801816	675800735891.656	424	-822032.756608057	1593869660.13762	179776	-348541888.801816	675800735891.656	76225024	-147781760852.168	286539512024773	179776	-348541888.801816	675800735891.656	76225024	-147781760852.168	286539512024773	32319410176	-62659466599834.7	1.21492753092652e+17	
425	1	-1947.25121293336	3792133.29710003	425	-827581.765496679	1611656650.50277	180625	-351722250.336071	684954076744.669	425	-827581.765496679	1611656650.50277	180625	-351722250.336071	684954076744.669	76765625	-149481956395.893	291105482614963	180625	-351722250.336071	684954076744.669	76765625	-149481956395.893	291105482614963	32625390616.5222	-63529831459606.9	1.23719830140823e+17	
426	1	-1955.81777941394	3825565.85819777	426	-833178.374030339	1629691054.91184	181476	-354933987.336925	694248389702.292	426	-833178.374030339	1629691054.91184	181476	-354933987.336925	694248389702.292	77308776	-151201878604.609	295749814005852	181476	-354933987.336925	694248389702.292	77308776	-151201878604.609	295749814005852	32933538562.0208	-64412000285432.4	1.25989420763514e+17	
427	1	-1964.4635092872	3859458.52210031	427	-838825.918465634	1647988788.98267	182329	-358178667.185014	703691212912.934	427	-838825.918465634	1647988788.98267	182329	-358178667.185014	703691212912.934	77854483	-152942290889.044	300476147908526	182329	-358178667.185014	703691212912.934	77854483	-152942290889.044	300476147908526	33243864222.0966	-65306358209229.4	1.28303315158236e+17	
428	1	-1973.10749719688	3893493.30060108	428	-844490.008800267	1666415133.40443	183184	-361441723.766514	713225676780.143	428	-844490.008800267	1666415133.40443	183184	-361441723.766514	713225676780.143	78402752	-154697057772.072	305260589673575	183184	-361441723.766514	713225676780.143	78402752	-154697057772.072	305260589673575	33556377856	-66210340726204.2	1.30651532382904e+17	
429	1	-1981.72707233308	3927580.61871497	429	-850160.914030889	1684932085.39381	184041	-364719032.120248	722835864671.787	429	-850160.914030889	1684932085.39381	184041	-364719032.120248	722835864671.787	78953589	-156464464777.602	310096585936515	184041	-364719032.120248	722835864671.787	78953589	-156464464777.602	310096585936515	33871089669.9302	-67123255391710	1.3303143537331e+17	
430	1	-1990.38470774642	3961968.31919693	430	-855865.424330961	1703646377.94477	184900	-368022132.462313	732567942292.457	430	-855865.424330961	1703646377.94477	184900	-368022132.462313	732567942292.457	79507000	-158249516956.26	315004215123608	184900	-368022132.462313	732567942292.457	79507000	-158249516956.26	315004215123608	34188009985.9672	-68047292293599.6	1.35451812535603e+17	
431	1	-1999.11795714456	3996808.92757202	431	-861619.839529303	1722624648.58753	185761	-371358150.837139	742451223174.379	431	-861619.839529303	1722624648.58753	185761	-371358150.837139	742451223174.379	80062991	-160055363012.69	319996477173275	185761	-371358150.837139	742451223174.379	80062991	-160055363012.69	319996477173275	34507149149.7348	-68983861457840.2	1.37918481666448e+17	
432	1	-2007.90605556306	4032021.56513861	432	-867415.416003242	1741833316.13988	186624	-374723459.7134	752471992439.451	432	-867415.416003242	1741833316.13988	186624	-374723459.7134	752471992439.451	80621568	-161880534596.189	325067900800802	186624	-374723459.7134	752471992439.451	80621568	-161880534596.189	325067900800802	34828517376	-69932390945606.4	1.40429333142013e+17	
433	1	-2016.65330050363	4067222.02811642	433	-873210.879118071	1761107137.35637	187489	-378100310.658575	762559390888.265	433	-873210.879118071	1761107137.35637	187489	-378100310.658575	762559390888.265	81182737	-163717434517.459	330188216210114	187489	-378100310.658575	762559390888.265	81182737	-163717434517.459	330188216210114	35152125153.3101	-70889649141386.2	1.42971497628367e+17	
434	1	-2025.43239006249	4102707.54744016	434	-879037.657287121	1780575074.88541	188356	-381502343.26261	772769582890.36	434	-879037.657287121	1780575074.88541	188356	-381502343.26261	772769582890.36	81746504	-165572016972.656	335381998924548	188356	-381502343.26261	772769582890.36	81746504	-165572016972.656	335381998924548	35477982721.9041	-71858255368304.8	1.45555787534804e+17	
435	1	-2034.37215329974	4138997.71760441	435	-884951.886685388	1800464007.1653	189225	-384954070.708604	783201843127.774	435	-884951.886685388	1800464007.1653	189225	-384954070.708604	783201843127.774	82312875	-167455020762.156	340692801767237	189225	-384954070.708604	783201843127.774	82312875	-167455020762.156	340692801767237	35806100620.5768	-72842934030024.8	1.48201368764758e+17	
436	1	-2043.1728694943	4174881.30447809	436	-890823.371099514	1820248247.91428	190096	-388398989.799388	793628236454.035	436	-890823.371099514	1820248247.91428	190096	-388398989.799388	793628236454.035	82881856	-169341959552.117	346021911112375	190096	-388398989.799388	793628236454.035	82881856	-169341959552.117	346021911112375	36136489216	-73833094365460.8	1.50865553236226e+17	
437	1	-2052.04859923329	4211224.251263	437	-896745.23786495	1840304997.80937	190969	-391877668.947112	804213284032.888	437	-896745.23786495	1840304997.80937	190969	-391877668.947112	804213284032.888	83453453	-171250541330.47	351441205130754	190969	-391877668.947112	804213284032.888	83453453	-171250541330.47	351441205130754	36469158939.8886	-74836486563850.5	1.53579806634064e+17	
438	1	-2060.89868912226	4247622.10723075	438	-902673.62583555	1860458483.68318	191844	-395371048.115971	814880815537.993	438	-902673.62583555	1860458483.68318	191844	-395371048.115971	814880815537.993	84027672	-173172519073.198	356917797211616	191844	-395371048.115971	814880815537.993	84027672	-173172519073.198	356917797211616	36804120321.8485	-75849563355213.1	1.56329995175922e+17	
439	1	-2069.96447632676	4285070.54269711	439	-908714.405107448	1881145969.0942	192721	-398925623.8427	825823080066.436	439	-908714.405107448	1881145969.0942	192721	-398925623.8427	825823080066.436	84604519	-175128348857.103	362536332121244	192721	-398925623.8427	825823080066.436	84604519	-175128348857.103	362536332121244	37141383839.9918	-76881345152446.3	1.59153449803066e+17	
440	1	-2078.9848505407	4322492.71711894	440	-914753.334237906	1901896795.53233	193600	-402491467.064679	836834590052.514	440	-914753.334237906	1901896795.53233	193600	-402491467.064679	836834590052.514	85184000	-177096245508.691	368207219595153	193600	-402491467.064679	836834590052.514	85184000	-177096245508.691	368207219595153	37480960000	-77922348022686	1.62011176630045e+17	
441	1	-2088.07647653471	4360380.28135873	441	-920841.726151805	1922927703.21221	194481	-406091201.232913	848011117485.782	441	-920841.726151805	1922927703.21221	194481	-406091201.232913	848011117485.782	85766121	-179086219742.909	373972902824205	194481	-406091201.232913	848011117485.782	85766121	-179086219742.909	373972902824205	37822859372.5467	-78977022907828.3	1.64922050141655e+17	
442	1	-2097.20940613023	4398602.41330082	442	-926966.557509563	1944182265.95254	195364	-409719218.419227	859328561893.748	442	-926966.557509563	1944182265.95254	195364	-409719218.419227	859328561893.748	86350888	-181095894538.208	379823224375399	195364	-409719218.419227	859328561893.748	86350888	-181095894538.208	379823224375399	38167092481.7911	-80044385387118.8	1.67881865161402e+17	
443	1	-2106.42791457265	4437352.59963322	443	-933147.566155686	1965747201.6106	196249	-413384371.807554	870826010373.159	443	-933147.566155686	1965747201.6106	196249	-413384371.807554	870826010373.159	86938307	-183129276710.136	385775922579100	196249	-413384371.807554	870826010373.159	86938307	-183129276710.136	385775922579100	38513670000.9457	-81126269552502.2	1.7089873369446e+17	
444	1	-2115.44874208998	4475433.11334647	444	-939259.241487951	1987092303.24329	197136	-417031103.22065	882268982349.242	444	-939259.241487951	1987092303.24329	197136	-417031103.22065	882268982349.242	87528384	-185161809829.723	391727428113378	197136	-417031103.22065	882268982349.242	87528384	-185161809829.723	391727428113378	38862602496	-82211843564333.8	1.73926978062849e+17	
445	1	-2124.59651296868	4514221.27769632	445	-945445.448271062	2008828468.61027	198025	-420723224.481192	893928668447.656	445	-945445.448271062	2008828468.61027	198025	-420723224.481192	893928668447.656	88121125	-187221834890.997	397798257484207	198025	-420723224.481192	893928668447.656	88121125	-187221834890.997	397798257484207	39213900633.6829	-83313716528044.3	1.77020224576212e+17	
