# lnPI (bias) matrix in single row (vectorized) notation.
# species_total_upper_bound: 100
# species_total_lower_bound: 0
# volume: 512
0
9.22977245304538
17.7680434157911
25.903076619179
33.7490760100727
41.3731055586021
48.8181781086471
56.1057000154185
63.2535484127265
70.2859885097017
77.2126913014812
84.042512245003
90.7860033563148
97.4515097677329
104.041511223382
110.5594706854
117.016604003931
123.40856524495
129.746835626493
136.03033491647
142.267460990359
148.455128188309
154.593339846674
160.684983225116
166.736053344987
172.745989652778
178.7186174836
184.655625591196
190.552366430935
196.418440599078
202.252393213592
208.050188345562
213.812899443909
219.548153167891
225.25446786686
230.930777142265
236.577310645489
242.197878398538
247.786633909692
253.351798182151
258.89367128939
264.412280192394
269.905555741999
275.377721443411
280.820885787434
286.243627880891
291.64300242456
297.020664032907
302.379158384915
307.712850017121
313.030759361295
318.328041847785
323.605749534444
328.865755586305
334.107046930943
339.328670892191
344.528809515277
349.709836471348
354.880321983605
360.033820724308
365.170394494347
370.291646236231
375.395377577004
380.485630116449
385.557213323018
390.613520190111
395.65588447481
400.680283385978
405.691219034596
410.688675273342
415.670892184731
420.63729546274
425.591818114891
430.527930476683
435.453564588466
440.365731729888
445.264196623581
450.150535204543
455.023695706112
459.887216188224
464.734075185658
469.567461667987
474.388718771219
479.200022857912
483.999273985779
488.78677178906
493.560877775464
498.326461513967
503.078693291052
507.82016450859
512.55120208372
517.270662541476
521.979526486698
526.675594746477
531.360671298792
536.033411890713
540.69616853098
545.348809636169
549.991727437214
554.622338317005
559.244869690122
