# lnPI (bias) matrix in single row (vectorized) notation.
# species_total_upper_bound: 100
# species_total_lower_bound: 0
# volume: 512
0
9.23102491020988
17.7677513991314
25.9005883887807
33.7454328840549
41.3679036851338
48.812739954181
56.0995202173959
63.2474710980725
70.2785210458405
77.2054674489128
84.0351270636723
90.7800504377226
97.4434393412228
104.033125670238
110.553246952119
117.009746040662
123.402223754493
129.74110006224
136.02569089065
142.25988132067
148.44555564534
154.582992128242
160.674113352319
166.724668556362
172.734425982901
178.7059905084
184.642295469566
190.539367176473
196.404413684602
202.236873001976
208.034851013005
213.797896333618
219.534402915987
225.239907105289
230.91554050982
236.565352813077
242.184676065954
247.773862073086
253.338694702695
258.879869837716
264.396140030319
269.889446827499
275.361138057757
280.806131053922
286.229774954476
291.630339975455
297.010241897227
302.368971817687
307.704105362264
313.022157574337
318.319567200172
323.597926726002
328.85656192983
334.096325309877
339.317018468293
344.517247605925
349.700825240329
354.870750149731
360.022529332131
365.158458302498
370.278758689056
375.382404998934
380.470123661107
385.54140517446
390.597866228038
395.63970940291
400.66447223953
405.676460272153
410.673688623031
415.655842092388
420.623884108276
425.578682144362
430.515163493615
435.440868434148
440.351920229249
445.249723033538
450.136223474576
455.011172972917
459.873429150731
464.720791190537
469.55451885579
474.377105396747
479.188000949292
483.986943348673
488.772618019778
493.547620903457
498.312742954815
503.064956015876
507.806546637253
512.537526094025
517.256203144309
521.964450581127
526.66134259594
531.347297411538
536.020139095951
540.685287560421
545.339822718872
549.982883418351
554.615935565831
559.240040300168
