# <P(U)> as a function of N_tot.
# number_of_species: 1
# species_total_upper_bound: 511
# species_total_lower_bound: 490
# volume: 729
# Bin widths for each
10	10	10	10	10	10	10	10	10	10	10	10	10	10	10	10	10	10	10	10	10	10	
# Bin lower bound for each
-2640	-2650	-2660	-2670	-2680	-2690	-2700	-2710	-2720	-2740	-2750	-2760	-2760	-2770	-2780	-2790	-2800	-2810	-2820	-2830	-2840	-2850	
# Bin upper bound for each
-2480	-2490	-2500	-2500	-2510	-2530	-2530	-2550	-2560	-2570	-2580	-2590	-2590	-2610	-2620	-2640	-2650	-2650	-2660	-2670	-2680	-2690	
# Normalized histogram for each
4.14692733581296e-06	3.12220147301974e-05	0.000473359749411889	0.00313000859913082	0.0144496470607903	0.0469265129172049	0.109928385225693	0.189113125529918	0.225414795271065	0.199871488084703	0.126846148450705	0.0590238657420399	0.0193123703971638	0.00457880483243844	0.000796683797608348	9.05250225465649e-05	8.91037751497839e-06	
2.62773933614107e-06	5.95404106015727e-05	0.000529060192083453	0.00331100359798005	0.0143738057160498	0.0457334746042425	0.108208309040566	0.18913891460095	0.230472116105023	0.200388253690359	0.126727614218674	0.0573854431995573	0.0182664373014467	0.0045111129665726	0.000779391389682615	0.00010960404839929	3.29117847546382e-06	
3.43874777882846e-06	5.46760896833726e-05	0.000527276822154816	0.00329108275864288	0.0139634441127444	0.0463328895229219	0.11080593918716	0.18954425120787	0.229442653210098	0.200509126722086	0.124403987151489	0.057071294298987	0.0183785497090326	0.00462022365719365	0.000916783134242381	0.000126318831143418	8.06483677185619e-06	
7.82720911899619e-07	5.31603343305047e-05	0.000546403884184603	0.00300996943862965	0.0139259311201069	0.0461481058687605	0.110563527036167	0.188881339477412	0.229379358271706	0.2004907983556	0.125869149310774	0.0570728909496083	0.018845286770021	0.00419821093933981	0.000853029949845379	0.000134576246703799	2.23107803730726e-05	5.16854552568426e-06	
7.97490133905475e-07	6.77094849173939e-05	0.000507255176140263	0.00304912635052301	0.0140847176470424	0.046861234150583	0.111030422402805	0.18799882565719	0.229979214384366	0.199286674659533	0.12606979362248	0.0573235329427771	0.0183325424139179	0.00442902224294525	0.000783649821258986	0.000175666496108824	1.49336458945848e-05	4.88141138414722e-06	
1.08529248105773e-06	4.74253548675226e-05	0.000454814611751193	0.00308026556040985	0.014288337886253	0.0475100783213842	0.112200169649838	0.188208827638035	0.229880912204642	0.200050152071953	0.123700654448063	0.0575021414297677	0.0181099160078663	0.00405248212426956	0.00080067613336259	8.01832066182651e-05	3.18780584376957e-05	
3.30379022039317e-06	6.13879939600082e-05	0.000400817360251715	0.00299802379769844	0.0151809798424406	0.0489946668406918	0.114558721796984	0.190054901339895	0.22635254747993	0.199463783366878	0.123774185402686	0.0555158129859824	0.0176783518622815	0.00409347261874791	0.000773571637550283	8.5994215331199e-05	9.23530548094461e-06	2.42362989140811e-07	
3.73830992254505e-06	8.21672968834144e-05	0.000514074255409377	0.00331089019461635	0.0154800833577661	0.0494507412624888	0.115363728146754	0.190965224888009	0.229829003221888	0.19659949357984	0.122136878620595	0.0548287028669369	0.0167285970570325	0.00396575524342178	0.000632479243427496	0.000106057237061834	2.38521794721309e-06	
3.31341657700427e-06	0.000128022368768427	0.000568530728606473	0.00357811266408564	0.0164496169231463	0.0518889398091786	0.117913461732522	0.191302621000535	0.22920565458745	0.194997099345849	0.119796733524539	0.0532263152173277	0.0164777778203918	0.00372058957689682	0.000592523134029335	0.000130480710099753	2.0207439997138e-05	
2.78800242016312e-06	1.77774666791353e-05	0.000103231953557468	0.000609921363917589	0.00387452046990573	0.0168151380161086	0.0525166027124621	0.116923024226767	0.192950889280471	0.229976553974387	0.194358495436603	0.119744956826044	0.0522113259304557	0.0156379940827083	0.00356752410364015	0.000570453111969566	0.000103231953557468	1.55710883466253e-05	
2.10374360795984e-06	2.51627951666788e-05	0.000152423489577318	0.000641433321331466	0.00402847948279192	0.0172147633701293	0.05355497575764	0.120492584806027	0.193792798981657	0.227892966655076	0.194923033655646	0.116649026281639	0.0507548614277036	0.0154398355198484	0.00376745101914722	0.000566134462282597	7.87671931052349e-05	2.31980376229085e-05	
9.04200484641441e-06	5.27492027882237e-05	0.000104277359215609	0.000522564010005417	0.00404680437264341	0.0173607682788636	0.0542382093383922	0.119462053811501	0.197604142981498	0.227471813616277	0.193814472187119	0.116207808715461	0.0498184974071488	0.0151766419516864	0.00348236786512555	0.000528418770761232	9.43211350426179e-05	5.04699162479918e-06	
2.0225665666229e-05	0.000154983874114452	0.000701101972153153	0.00413911966596748	0.0179153356147717	0.0573417910115886	0.124196359556055	0.196643519376376	0.226275074329321	0.190571058479434	0.113379962495837	0.04880777866539	0.0153650801746643	0.00370957552106528	0.000690178856440863	7.05448605892603e-05	1.80460675338745e-05	2.63813030429074e-07	
1.70107535141753e-05	8.71942350794868e-05	0.0008280784594454	0.00417541185215526	0.0186603572128931	0.0580457314461122	0.127066989370495	0.199995943782686	0.228179209556232	0.18682198141621	0.111314611055304	0.0471167365972885	0.0141809989745152	0.00298014592100554	0.000468718445169926	5.53320266521975e-05	5.54889524226235e-06	
1.22109959279588e-05	7.48241656937911e-05	0.000656867153092652	0.00447778524343294	0.0193648206186074	0.0588172820443693	0.129093872959282	0.201398352100337	0.227888205035869	0.18513051195634	0.109660336776909	0.0458207410153795	0.0142387972430986	0.0028849362509655	0.00044582861391067	3.31503397332485e-05	1.47748705178149e-06	
3.11048167127524e-07	9.34761951851635e-05	0.000701027917145328	0.00481317178005799	0.0205749279948377	0.0608705648450574	0.13030019855822	0.200588343875544	0.228794907081452	0.183332803721987	0.106117130487593	0.0465852174184386	0.0138927859768139	0.00291506877075904	0.00038362814644506	3.64361822973182e-05	
1.85400083048001e-06	0.000133450605232329	0.000895831977036009	0.00494962039894814	0.0210861507180448	0.0619054060935064	0.13064518985446	0.203796846379545	0.226773516126246	0.182200202463133	0.105624175192017	0.0447329699770534	0.0138408153513616	0.00296277447865856	0.000388272719377192	6.29236645496245e-05	
1.5418533584296e-05	0.000110148318298745	0.000877536419267309	0.00509595548996564	0.0217009539095969	0.0645636840374853	0.134409591597068	0.204927333250651	0.226181608276128	0.179118331686407	0.103027787884829	0.0439195193943927	0.0128348880860799	0.0026868468003782	0.000472186393859264	5.2713041265282e-05	5.49688074327594e-06	
4.93108151937882e-06	9.19116143960166e-05	0.00100183971785425	0.00561764411375988	0.0229078198226756	0.0664716717293893	0.139742406043953	0.208519171127392	0.22318485672106	0.174422746062872	0.09926513028398	0.0423906789526248	0.0128717643787934	0.00304900005718806	0.000405266240264188	4.41363005361109e-05	9.02575174306553e-06	
9.43706110842173e-06	0.000114694175532474	0.00113524582320632	0.00568394065067407	0.0235028124512735	0.0688893601841984	0.142759028974099	0.209257631454528	0.222465658101676	0.171456717678458	0.0996996956485046	0.0401964841300194	0.0116018438662083	0.00276345259649379	0.000431971432811294	2.52366088949948e-05	6.78916231337255e-06	
7.53163498921626e-07	0.000105493951781158	0.00108794467419229	0.00634745772118294	0.024661304768063	0.0708887825226291	0.145146490906901	0.210404967779634	0.221615085211291	0.169932520826933	0.0971242053861798	0.0388824549790614	0.0111213207316825	0.00228385980387405	0.000338993784671411	5.58936674581075e-05	2.47012096680228e-06	
9.68861711009782e-06	9.81599733505129e-05	0.00111478926871785	0.00666631540604634	0.0264956722246905	0.0753541073753536	0.150248327105212	0.211684459368089	0.220218355438949	0.166280852551986	0.0922739776225111	0.0365039493659746	0.0103408360285831	0.00230732550807018	0.000320322665689828	7.58234005707921e-05	7.03807909591435e-06	
