# <N_i^j*N_k^m*U^p> as a function of N_tot.
# number_of_species: 1
# max_order: 2
# species_total_upper_bound: 511
# species_total_lower_bound: 490
# volume: 729
#	N_tot	N_1^0*N_1^0*U^0	N_1^0*N_1^0*U^1	N_1^0*N_1^0*U^2	N_1^0*N_1^1*U^0	N_1^0*N_1^1*U^1	N_1^0*N_1^1*U^2	N_1^0*N_1^2*U^0	N_1^0*N_1^2*U^1	N_1^0*N_1^2*U^2	N_1^1*N_1^0*U^0	N_1^1*N_1^0*U^1	N_1^1*N_1^0*U^2	N_1^1*N_1^1*U^0	N_1^1*N_1^1*U^1	N_1^1*N_1^1*U^2	N_1^1*N_1^2*U^0	N_1^1*N_1^2*U^1	N_1^1*N_1^2*U^2	N_1^2*N_1^0*U^0	N_1^2*N_1^0*U^1	N_1^2*N_1^0*U^2	N_1^2*N_1^1*U^0	N_1^2*N_1^1*U^1	N_1^2*N_1^1*U^2	N_1^2*N_1^2*U^0	N_1^2*N_1^2*U^1	N_1^2*N_1^2*U^2	
490	1	-2559.38931838035	6550772.10261072	490	-1254100.76600637	3209878330.06629	240100	-614509375.340542	1572840382041.66	490	-1254100.76600637	3209878330.06629	240100	-614509375.340542	1572840382041.66	117649000	-301109593887.737	770691787348934	240100	-614509375.340542	1572840382041.66	117649000	-301109593887.737	770691787348934	57648010091.1268	-147543701031606	3.77638975713481e+17	
491	1	-2569.41802868844	6602202.56712442	491	-1261584.25208603	3241681462.21746	241081	-619437867.773504	1591665596970.66	491	-1261584.25208603	3241681462.21746	241081	-619437867.773504	1591665596970.66	118370771.56494	-304143993082.99	781507808092221	241081	-619437867.773504	1591665596970.66	118370771.56494	-304143993082.99	781507808092221	58120048628.886	-149334700596883	3.83720333559755e+17	
492	1	-2579.53314325304	6654285.68157367	492	-1269130.3064805	3273908558.16368	242064	-624412110.788404	1610763009411.57	492	-1269130.3064805	3273908558.16368	242064	-624412110.788404	1610763009411.57	119095488	-307210758513.184	792495400634659	242064	-624412110.788404	1610763009411.57	119095488	-307210758513.184	792495400634659	58594979897.6643	-151147693192940	3.8990773709624e+17	
493	1	-2589.44685089764	6705529.15089727	493	-1276597.29749254	3305825869.62716	243049	-629362467.66206	1629772154670	493	-1276597.29749254	3305825869.62716	243049	-629362467.66206	1629772154670	119823156.430129	-310275696573.561	803477672579510	243049	-629362467.66206	1629772154670	119823156.430129	-310275696573.561	803477672579510	59072816409.353	-152965918418237	3.96114492573938e+17	
494	1	-2599.48444511297	6757614.93707247	494	-1284145.31588581	3338261780.48316	244036	-634367786.046154	1649101318607.62	494	-1284145.31588581	3338261780.48316	244036	-634367786.046154	1649101318607.62	120553784	-313377686317.228	814656051424799	244036	-634367786.046154	1649101318607.62	120553784	-313377686317.228	814656051424799	59553569446.5191	-154808577021630	4.02440089297264e+17	
495	1	-2609.61334905851	6810376.1946065	495	-1291758.60778396	3371136215.5359	245025	-639420510.858506	1668712427013.87	495	-1291758.60778396	3371136215.5359	245025	-639420510.858506	1668712427013.87	121287375.576648	-316513152846.561	826012651577608	245025	-639420510.858506	1668712427013.87	121287375.576648	-316513152846.561	826012651577608	60037250858.3096	-156674010791597	4.08876262622581e+17	
496	1	-2619.81271808347	6863714.2368624	496	-1299427.1081694	3404402268.19752	246016	-644515845.652024	1688583521910.96	496	-1299427.1081694	3404402268.19752	246016	-644515845.652024	1688583521910.96	122023936	-319679859443.99	837537426773804	246016	-644515845.652024	1688583521910.96	122023936	-319679859443.99	837537426773804	60523872256	-158561210331245	4.15418563684631e+17	
497	1	-2630.04597448426	6917436.60486989	497	-1307132.84931868	3437965993.35696	247009	-649645026.113358	1708669098229.39	497	-1307132.84931868	3437965993.35696	247009	-649645026.113358	1708669098229.39	122763472.41178	-322873577957.492	849208541602887	247009	-649645026.113358	1708669098229.39	122763472.41178	-322873577957.492	849208541602887	61013446001.0242	-160468168236152	4.22056645351569e+17	
498	1	-2640.3394083607	6971688.60257493	498	-1314889.02536363	3471900922.84858	248004	-654814734.629597	1729006659538.85	498	-1314889.02536363	3471900922.84858	248004	-654814734.629597	1729006659538.85	123505992	-326097737838.269	861045316590985	248004	-654814734.629597	1729006659538.85	123505992	-326097737838.269	861045316590985	61505984296.6645	-162396673464664	4.2880056773789e+17	
499	1	-2650.48232719581	7025351.21731918	499	-1322590.68127071	3505650259.09407	249001	-659972749.960226	1749319478478.26	499	-1322590.68127071	3505650259.09407	249001	-659972749.960226	1749319478478.26	124251499.590965	-329326402190.345	872910418985160	249001	-659972749.960226	1749319478478.26	124251499.590965	-329326402190.345	872910418985160	62001498099.2002	-164333874720420	4.35582299621451e+17	
500	1	-2660.71658286071	7079709.7998483	500	-1330358.29143035	3539854897.47283	250000	-665179145.715177	1769927449566.9	500	-1330358.29143035	3539854897.47283	250000	-665179145.715177	1769927449566.9	125000000	-332589572836.566	884963725346562	250000	-665179145.715177	1769927449566.9	125000000	-332589572836.566	884963725346562	62499999797.1174	-166294786424255	4.42481862384311e+17	
501	1	-2670.81398000147	7133542.5404972	501	-1338077.80398074	3573904811.20997	251001	-670376979.796782	1790526310794.46	501	-1338077.80398074	3573904811.20997	251001	-670376979.796782	1790526310794.46	125751500.398935	-335858866861.652	897053682212721	251001	-670376979.796782	1790526310794.46	125751500.398935	-335858866861.652	897053682212721	63001501855.6132	-168265292323730	4.49423894632875e+17	
502	1	-2681.07227888484	7188447.93493843	502	-1345898.28400019	3608600864.27477	252004	-675640938.568819	1811517632340.78	502	-1345898.28400019	3608600864.27477	252004	-675640938.568819	1811517632340.78	126506008	-339171751178.159	909381852036514	252004	-675640938.568819	1811517632340.78	126506008	-339171751178.159	909381852036514	63506016204.2107	-170264219226203	4.56509689804873e+17	
503	1	-2691.50288181458	7244482.95835713	503	-1353825.94955273	3643974927.35817	253009	-680974452.627061	1832919389130.11	503	-1353825.94955273	3643974927.35817	253009	-680974452.627061	1832919389130.11	127263527.603556	-342530149698.754	921958452542941	253009	-680974452.627061	1832919389130.11	127263527.603556	-342530149698.754	921958452542941	64013553860.1199	-172292665258121	4.63745101515828e+17	
504	1	-2701.68697793213	7299407.57402547	504	-1361650.2368778	3678901423.28275	254016	-686271719.386409	1854166313247.11	504	-1361650.2368778	3678901423.28275	254016	-686271719.386409	1854166313247.11	128024064	-345880946571.342	934499822219968	254016	-686271719.386409	1854166313247.11	128024064	-345880946571.342	934499822219968	64524128256	-174323997063363	4.70987910399172e+17	
505	1	-2711.93213586315	7354873.73547659	505	-1369525.72861089	3714211236.66661	255025	-691610492.954414	1875676673543.74	505	-1369525.72861089	3714211236.66661	255025	-691610492.954414	1875676673543.74	128787624.388288	-349263298949.325	947216720737889	255025	-691610492.954414	1875676673543.74	128787624.388288	-349263298949.325	947216720737889	65037750434.9802	-176377965991129	4.78344443848158e+17	
506	1	-2722.12751988415	7410275.41150022	506	-1377396.52506138	3749599357.04652	256036	-696962641.675777	1897297275556.68	506	-1377396.52506138	3749599357.04652	256036	-696962641.675777	1897297275556.68	129554216	-352663096681.036	960032420923455	256036	-696962641.675777	1897297275556.68	129554216	-352663096681.036	960032420923455	65554433397.0227	-178447526927314	4.85776405471296e+17	
507	1	-2732.53042158548	7467019.89860855	507	-1385392.92374384	3785779090.00978	257049	-702394212.335709	1919389998089.98	507	-1385392.92374384	3785779090.00978	257049	-702394212.335709	1919389998089.98	130323843.618432	-356113865718.695	973130728672772	257049	-702394212.335709	1919389998089.98	130323843.618432	-356113865718.695	973130728672772	66074188380.0066	-180549729881000	4.93377279560237e+17	
508	1	-2742.92992740038	7523964.20872274	508	-1393408.40311939	3822173819.73955	258064	-707851468.784651	1941664299551.37	508	-1393408.40311939	3822173819.73955	258064	-707851468.784651	1941664299551.37	131096512	-359588546512.738	986365464003594	258064	-707851468.784651	1941664299551.37	131096512	-359588546512.738	986365464003594	66597027889.2546	-182670981460214	5.01073655857996e+17	
509	1	-2753.23794378992	7580617.6800857	509	-1401398.11338907	3858534397.83955	259081	-713311639.709412	1963994009098.4	509	-1401398.11338907	3858534397.83955	259081	-713311639.709412	1963994009098.4	131872228.382985	-363075624663.005	999672950711547	259081	-713311639.709412	1963994009098.4	131872228.382985	-363075624663.005	999672950711547	67122964489.8244	-184805492921608	5.08833531936953e+17	
510	1	-2763.59034997507	7637731.2019846	510	-1409431.07848729	3895242913.66707	260100	-718809850.029622	1986573885576.81	510	-1409431.07848729	3895242913.66707	260100	-718809850.029622	1986573885576.81	132651000	-366593023875.214	1.01315268142845e+15	260100	-718809850.029622	1986573885576.81	132651000	-366593023875.214	1.01315268142845e+15	67652009984.1939	-186962441981407	5.16707867556987e+17	
511	1	-2774.19241655455	7696444.4981896	511	-1417612.32485937	3932883137.87597	261121	-724399898.003036	2009703283430.08	511	-1417612.32485937	3932883137.87597	261121	-724399898.003036	2009703283430.08	133432831.612947	-370168347846.175	1.02695837791251e+15	261121	-724399898.003036	2009703283430.08	133432831.612947	-370168347846.175	1.02695837791251e+15	68184176640.0008	-189156025903507	5.24775731000473e+17	
