# <N_i^j*N_k^m*U^p> as a function of N_tot.
# number_of_species: 1
# max_order: 2
# species_total_upper_bound: 511
# species_total_lower_bound: 490
# volume: 729
#	N_tot	N_1^0*N_1^0*U^0	N_1^0*N_1^0*U^1	N_1^0*N_1^0*U^2	N_1^0*N_1^1*U^0	N_1^0*N_1^1*U^1	N_1^0*N_1^1*U^2	N_1^0*N_1^2*U^0	N_1^0*N_1^2*U^1	N_1^0*N_1^2*U^2	N_1^1*N_1^0*U^0	N_1^1*N_1^0*U^1	N_1^1*N_1^0*U^2	N_1^1*N_1^1*U^0	N_1^1*N_1^1*U^1	N_1^1*N_1^1*U^2	N_1^1*N_1^2*U^0	N_1^1*N_1^2*U^1	N_1^1*N_1^2*U^2	N_1^2*N_1^0*U^0	N_1^2*N_1^0*U^1	N_1^2*N_1^0*U^2	N_1^2*N_1^1*U^0	N_1^2*N_1^1*U^1	N_1^2*N_1^1*U^2	N_1^2*N_1^2*U^0	N_1^2*N_1^2*U^1	N_1^2*N_1^2*U^2	
490	1	-2559.22077667557	6549908.73103261	490	-1254018.18057103	3209455275.22355	240100	-614468908.471071	1572633086704.24	490	-1254018.18057103	3209455275.22355	240100	-614468908.471071	1572633086704.24	117649000	-301089765137.236	770590212038903	240100	-614468908.471071	1572633086704.24	117649000	-301089765137.236	770590212038903	57648009717.0819	-147533984907073	3.77589204216149e+17	
491	1	-2569.26455612644	6601414.19644344	491	-1261508.89705808	3241294372.16005	241081	-619400868.410241	1591475535230.2	491	-1261508.89705808	3241294372.16005	241081	-619400868.410241	1591475535230.2	118370771.735032	-304125826499.775	781414487732553	241081	-619400868.410241	1591475535230.2	118370771.735032	-304125826499.775	781414487732553	58120048633.639	-149325780773630	3.83674514037366e+17	
492	1	-2579.40890991895	6653644.2483716	492	-1269069.18368013	3273592970.95142	242064	-624382038.36673	1610607740708.21	492	-1269069.18368013	3273592970.95142	242064	-624382038.36673	1610607740708.21	119095488	-307195962383.147	792419009742857	242064	-624382038.36673	1610607740708.21	119095488	-307195962383.147	792419009742857	58594979872.9066	-151140413728073	3.89870152431991e+17	
493	1	-2589.47732969951	6705686.37352711	493	-1276612.32354186	3305903380.42589	243049	-629369875.492464	1629810367932.46	493	-1276612.32354186	3305903380.42589	243049	-629369875.492464	1629810367932.46	119823156.313788	-310279348651.251	803496511347892	243049	-629369875.492464	1629810367932.46	119823156.313788	-310279348651.251	803496511347892	59072816727.6998	-152967718885253	3.96123780030514e+17	
494	1	-2599.60161253818	6758223.53597015	494	-1284203.19659386	3338562425.53719	244036	-634396379.11477	1649249837239.96	494	-1284203.19659386	3338562425.53719	244036	-634396379.11477	1649249837239.96	120553784	-313391811278.789	814729420680999	244036	-634396379.11477	1649249837239.96	120553784	-313391811278.789	814729420680999	59553569156.7733	-154815554810062	4.02476333600965e+17	
495	1	-2609.77375973893	6811213.03544385	495	-1291838.01107077	3371550452.90896	245025	-639459815.550529	1668917473410.58	495	-1291838.01107077	3371550452.90896	245025	-639459815.550529	1668917473410.58	121287375.757794	-316532608647.177	826114149097461	245025	-639459815.550529	1668917473410.58	121287375.757794	-316532608647.177	826114149097461	60037250949.7447	-156683641889324	4.0892650402797e+17	
496	1	-2619.94748226814	6864419.43606891	496	-1299493.951205	3404752054.34257	246016	-644548999.797679	1688757011495.04	496	-1299493.951205	3404752054.34257	246016	-644548999.797679	1688757011495.04	122023936	-319696303898.252	837623478169066	246016	-644548999.797679	1688757011495.04	122023936	-319696303898.252	837623478169066	60523872256	-158569366652658	4.15461244887893e+17	
497	1	-2630.16809006021	6918078.36866679	497	-1307193.54075993	3438284949.47295	247009	-649675189.702315	1708827619014.06	497	-1307193.54075993	3438284949.47295	247009	-649675189.702315	1708827619014.06	122763472.235853	-322888569214.197	849287327075920	247009	-649675189.702315	1708827619014.06	122763472.235853	-322888569214.197	849287327075920	61013446280.8525	-160475618926648	4.22095801320051e+17	
498	1	-2640.41060810165	6972062.17843864	498	-1314924.48283462	3472086966.32343	248004	-654832392.450123	1729099310200.5	498	-1314924.48283462	3472086966.32343	248004	-654832392.450123	1729099310200.5	123505992	-326106531430.468	861091456543691	248004	-654832392.450123	1729099310200.5	123505992	-326106531430.468	861091456543691	61505984304.6947	-162401052658133	4.28823545099907e+17	
499	1	-2650.58968177169	7025921.38098344	499	-1322644.25120408	3505934769.92485	249001	-659999481.318113	1749461449711.1	499	-1322644.25120408	3505934769.92485	249001	-659999481.318113	1749461449711.1	124251499.473692	-329339741123.659	872981263135505	249001	-659999481.318113	1749461449711.1	124251499.473692	-329339741123.659	872981263135505	62001498003.2756	-164340530842285	4.35617650869112e+17	
500	1	-2660.85158488853	7080428.01401514	500	-1330425.79244427	3540214006.54252	250000	-665212896.221733	1770107004231.55	500	-1330425.79244427	3540214006.54252	250000	-665212896.221733	1770107004231.55	125000000	-332606448084.822	885053501426830	250000	-665212896.221733	1770107004231.55	125000000	-332606448084.822	885053501426830	62499999774.0139	-166303224049199	4.42526750479487e+17	
501	1	-2671.01683593879	7134627.1539062	501	-1338179.43480533	3574448203.42272	251001	-670427896.910359	1790798549088.77	501	-1338179.43480533	3574448203.42272	251001	-670427896.910359	1790798549088.77	125751500.603361	-335884376263.681	897190074056041	251001	-670427896.910359	1790798549088.77	125751500.603361	-335884376263.681	897190074056041	63001501786.5992	-168278072506439	4.49492227016317e+17	
502	1	-2681.26300435319	7189470.20940134	502	-1345994.0281853	3609114048.70338	252004	-675689002.154214	1811775250289.23	502	-1345994.0281853	3609114048.70338	252004	-675689002.154214	1811775250289.23	126506008	-339195879109.279	909511176578166	252004	-675689002.154214	1811775250289.23	126506008	-339195879109.279	909511176578166	63506016055.3345	-170276331322492	4.56574610231307e+17	
503	1	-2691.64658892217	7245257.96154424	503	-1353898.23422785	3644364754.28155	253009	-681010811.793762	1833115469951.03	503	-1353898.23422785	3644364754.28155	253009	-681010811.793762	1833115469951.03	127263527.776505	-342548438315.573	922057082063715	253009	-681010811.793762	1833115469951.03	127263527.776505	-342548438315.573	922057082063715	64013553774.5626	-172301864919054	4.63794712655693e+17	
504	1	-2701.83049698582	7300184.60821886	504	-1361722.57048085	3679293044.51432	254016	-686308175.522351	1854363692177.47	504	-1361722.57048085	3679293044.51432	254016	-686308175.522351	1854363692177.47	128024064	-345899320502.617	934599300607787	254016	-686308175.522351	1854363692177.47	128024064	-345899320502.617	934599300607787	64524128256	-174333257483706	4.71038047784052e+17	
505	1	-2712.10145633166	7355791.00071562	505	-1369611.23544749	3714674454.58005	255025	-691653673.846994	1875910597911.74	505	-1369611.23544749	3714674454.58005	255025	-691653673.846994	1875910597911.74	128787624.21762	-349285105196.322	947334853758154	255025	-691653673.846994	1875910597911.74	128787624.21762	-349285105196.322	947334853758154	65037750363.3441	-176388978211595	4.78404100804219e+17	
506	1	-2722.25001856803	7410941.8743072	506	-1377458.50939542	3749936584.96159	256036	-696994005.744835	1897467915573.82	506	-1377458.50939542	3749936584.96159	256036	-696994005.744835	1897467915573.82	129554216	-352678966955.949	960118763971172	256036	-696994005.744835	1897467915573.82	129554216	-352678966955.949	960118763971172	65554433428.2626	-178455557238318	4.85820094756031e+17	
507	1	-2732.56800048555	7467224.89605712	507	-1385411.97624618	3785883022.89573	257049	-702403872.037088	1919442693700.84	507	-1385411.97624618	3785883022.89573	257049	-702403872.037088	1919442693700.84	130323843.208032	-356118763407.841	973157444276078	257049	-702403872.037088	1919442693700.84	130323843.208032	-356118763407.841	973157444276078	66074188393.2544	-180552212891039	4.93390824566642e+17	
508	1	-2742.9704759099	7524185.98346017	508	-1393429.00176223	3822286482.0584	258064	-707861932.89913	1941721531462.82	508	-1393429.00176223	3822286482.0584	258064	-707861932.89913	1941721531462.82	131096512	-359593861988.159	986394537441525	258064	-707861932.89913	1941721531462.82	131096512	-359593861988.159	986394537441525	66597027867.4243	-182673681640343	5.01088425054596e+17	
509	1	-2753.30704178964	7580998.08382746	509	-1401433.28427093	3858728023.59202	259081	-713329541.682269	1964092562528.57	509	-1401433.28427093	3858728023.59202	259081	-713329541.682269	1964092562528.57	131872228.811651	-363084736811.728	999723115742020	259081	-713329541.682269	1964092562528.57	131872228.811651	-363084736811.728	999723115742020	67122964781.9263	-184810131004445	5.08859065844342e+17	
510	1	-2763.63872638278	7637998.61721246	510	-1409455.75045522	3895379293.59051	260100	-718822432.734138	1986643439884.85	510	-1409455.75045522	3895379293.59051	260100	-718822432.734138	1986643439884.85	132651000	-366599441164.573	1.01318815412682e+15	260100	-718822432.734138	1986643439884.85	132651000	-366599441164.573	1.01318815412682e+15	67652009984.1071	-186965714811895	5.16725958536051e+17	
511	1	-2774.14039549639	7696153.91172314	511	-1417585.74209866	3932734647.41272	261121	-724386314.133882	2009627405186.87	511	-1417585.74209866	3932734647.41272	261121	-724386314.133882	2009627405186.87	133432831.787935	-370161406526.841	1.02691960405255e+15	261121	-724386314.133882	2009627405186.87	133432831.787935	-370161406526.841	1.02691960405255e+15	68184176947.361	-189152478907232	5.24755917459289e+17	
