# <N_i^j*N_k^m*U^p> as a function of N_tot.
# number_of_species: 1
# max_order: 2
# species_total_upper_bound: 511
# species_total_lower_bound: 490
# volume: 729
#	N_tot	N_1^0*N_1^0*U^0	N_1^0*N_1^0*U^1	N_1^0*N_1^0*U^2	N_1^0*N_1^1*U^0	N_1^0*N_1^1*U^1	N_1^0*N_1^1*U^2	N_1^0*N_1^2*U^0	N_1^0*N_1^2*U^1	N_1^0*N_1^2*U^2	N_1^1*N_1^0*U^0	N_1^1*N_1^0*U^1	N_1^1*N_1^0*U^2	N_1^1*N_1^1*U^0	N_1^1*N_1^1*U^1	N_1^1*N_1^1*U^2	N_1^1*N_1^2*U^0	N_1^1*N_1^2*U^1	N_1^1*N_1^2*U^2	N_1^2*N_1^0*U^0	N_1^2*N_1^0*U^1	N_1^2*N_1^0*U^2	N_1^2*N_1^1*U^0	N_1^2*N_1^1*U^1	N_1^2*N_1^1*U^2	N_1^2*N_1^2*U^0	N_1^2*N_1^2*U^1	N_1^2*N_1^2*U^2	
490	1	-2559.20656576139	6549835.06806738	490	-1254011.21722308	3209419180.05196	240100	-614465496.430217	1572615400243.9	490	-1254011.21722308	3209419180.05196	240100	-614465496.430217	1572615400243.9	117649000	-301088093247.973	770581545595528	240100	-614465496.430217	1572615400243.9	117649000	-301088093247.973	770581545595528	57648009678.242	-147533165673057	3.77584957720608e+17	
491	1	-2569.24675690301	6601322.12168973	491	-1261500.15763938	3241249163.45932	241081	-619396577.343414	1591453337696.13	491	-1261500.15763938	3241249163.45932	241081	-619396577.343414	1591453337696.13	118370771.442569	-304123719615.522	781403588742696	241081	-619396577.343414	1591453337696.13	118370771.442569	-304123719615.522	781403588742696	58120048634.1371	-149324746282274	3.83669162746687e+17	
492	1	-2579.38218441884	6653506.22241497	492	-1269056.03473407	3273525061.96815	242064	-624375569.086764	1610574329507.78	492	-1269056.03473407	3273525061.96815	242064	-624375569.086764	1610574329507.78	119095488	-307192779362.61	792402571585977	242064	-624375569.086764	1610574329507.78	119095488	-307192779362.61	792402571585977	58594979870.3854	-151138847740396	3.89862064815148e+17	
493	1	-2589.46013236031	6705596.89446564	493	-1276603.84525363	3305859267.24756	243049	-629365695.69422	1629788620186.94	493	-1276603.84525363	3305859267.24756	243049	-629365695.69422	1629788620186.94	119823156.59873	-310277288011.538	803485789656733	243049	-629365695.69422	1629788620186.94	119823156.59873	-310277288011.538	803485789656733	59072816641.634	-152966702985574	3.96118494231866e+17	
494	1	-2599.59154561437	6758171.1836355	494	-1284198.2235335	3338536563.19721	244036	-634393922.424817	1649237061229.76	494	-1284198.2235335	3338536563.19721	244036	-634393922.424817	1649237061229.76	120553784	-313390597672.623	814723109449733	244036	-634393922.424817	1649237061229.76	120553784	-313390597672.623	814723109449733	59553569261.9306	-154814955304217	4.02473215844307e+17	
495	1	-2609.74793215289	6811078.5651167	495	-1291825.22641568	3371483890.19732	245025	-639453487.164372	1668884524765.3	495	-1291825.22641568	3371483890.19732	245025	-639453487.164372	1668884524765.3	121287375.776302	-316529476095.496	826097839460756	245025	-639453487.164372	1668884524765.3	121287375.776302	-316529476095.496	826097839460756	60037250959.0866	-156682091377139	4.0891843077151e+17	
496	1	-2619.91887557089	6864269.82905871	496	-1299479.76228316	3404677850.00187	246016	-644541962.092448	1688720205715.27	496	-1299479.76228316	3404677850.00187	246016	-644541962.092448	1688720205715.27	122023936	-319692813196.145	837605222553563	246016	-644541962.092448	1688720205715.27	122023936	-319692813196.145	837605222553563	60523872256	-158567635220497	4.15452190072036e+17	
497	1	-2630.15988808009	6918035.41570292	497	-1307189.46437581	3438263601.80788	247009	-649673163.734392	1708817009188.92	497	-1307189.46437581	3438263601.80788	247009	-649673163.734392	1708817009188.92	122763472.218548	-322887562298.542	849282054049808	247009	-649673163.734392	1708817009188.92	122763472.218548	-322887562298.542	849282054049808	61013446308.3776	-160475118498075	4.22093180585018e+17	
498	1	-2640.41436480687	6972082.76489138	498	-1314926.35367382	3472097218.50766	248004	-654833324.128429	1729104415939.01	498	-1314926.35367382	3472097218.50766	248004	-654833324.128429	1729104415939.01	123505992	-326106995405.605	861093999200135	248004	-654833324.128429	1729104415939.01	123505992	-326106995405.605	861093999200135	61505984169.5614	-162401283712600	4.28824811311142e+17	
499	1	-2650.60620034315	7026009.07706501	499	-1322652.49397123	3505978530.26661	249001	-660003594.456124	1749483286120.32	499	-1322652.49397123	3505978530.26661	249001	-660003594.456124	1749483286120.32	124251499.223086	-329341793577.923	872992159549833	249001	-660003594.456124	1749483286120.32	124251499.223086	-329341793577.923	872992159549833	62001497863.3687	-164341555014276	4.35623088177915e+17	
500	1	-2660.8729513167	7080541.76717415	500	-1330436.47565835	3540270882.70537	250000	-665218237.827731	1770135442690.33	500	-1330436.47565835	3540270882.70537	250000	-665218237.827731	1770135442690.33	125000000	-332609118889.558	885067720505272	250000	-665218237.827731	1770135442690.33	125000000	-332609118889.558	885067720505272	62499999771.8802	-166304559451339	4.42533860025705e+17	
501	1	-2671.00998175288	7134590.81381719	501	-1338176.0008582	3574429997.16253	251001	-670426176.515442	1790789427687.22	501	-1338176.0008582	3574429997.16253	251001	-670426176.515442	1790789427687.22	125751500.845118	-335883514334.529	897185504233773	251001	-670426176.515442	1790789427687.22	125751500.845118	-335883514334.529	897185504233773	63001501780.1508	-168277640672119	4.49489937546118e+17	
502	1	-2681.26802604282	7189496.77868027	502	-1345996.54907349	3609127386.21207	252004	-675690267.636023	1811781945936.12	502	-1345996.54907349	3609127386.21207	252004	-675690267.636023	1811781945936.12	126506008	-339196514383.15	909514537709031	252004	-675690267.636023	1811781945936.12	126506008	-339196514383.15	909514537709031	63506015926.3187	-170276650202978	4.56576297521186e+17	
503	1	-2691.63666395135	7245204.70117925	503	-1353893.24196753	3644337963.54507	253009	-681008300.683498	1833101994484.73	503	-1353893.24196753	3644337963.54507	253009	-681008300.683498	1833101994484.73	127263527.792186	-342547175220.213	922050304034928	253009	-681008300.683498	1833101994484.73	127263527.792186	-342547175220.213	922050304034928	64013553766.8053	-172301229658410	4.63791303234264e+17	
504	1	-2701.81774074727	7300115.97281038	504	-1361716.14133663	3679258452.96425	254016	-686304935.233659	1854346258437.9	504	-1361716.14133663	3679258452.96425	254016	-686304935.233659	1854346258437.9	128024064	-345897687403.152	934590513977235	254016	-686304935.233659	1854346258437.9	128024064	-345897687403.152	934590513977235	64524128256	-174332434397449	4.71033619056494e+17	
505	1	-2712.08797878623	7355718.02697539	505	-1369604.42928704	3714637603.69898	255025	-691650236.72752	1875891988479.96	505	-1369604.42928704	3714637603.69898	255025	-691650236.72752	1875891988479.96	128787624.202747	-349283369436.934	947325455671115	255025	-691650236.72752	1875891988479.96	128787624.202747	-349283369436.934	947325455671115	65037750357.101	-176388101661920	4.78399354749e+17	
506	1	-2722.26132316981	7411004.05693671	506	-1377464.22952392	3749968049.61687	256036	-696996900.130995	1897483835844.64	506	-1377464.22952392	3749968049.61687	256036	-696996900.130995	1897483835844.64	129554216	-352680431520.131	960126820032015	256036	-696996900.130995	1897483835844.64	129554216	-352680431520.131	960126820032015	65554433330.4594	-178456298302556	4.85824170956829e+17	
507	1	-2732.57317937697	7467254.04097444	507	-1385414.60194412	3785897799.40015	257049	-702405203.274666	1919450185137.81	507	-1385414.60194412	3785897799.40015	257049	-702405203.274666	1919450185137.81	130323842.990727	-356119438370.129	973161242232123	257049	-702405203.274666	1919450185137.81	130323842.990727	-356119438370.129	973161242232123	66074188490.1699	-180552555084449	4.93392750349578e+17	
508	1	-2743.00157606878	7524356.65571423	508	-1393444.80064294	3822373182.70954	258064	-707869958.730854	1941765575566.83	508	-1393444.80064294	3822373182.70954	258064	-707869958.730854	1941765575566.83	131096512	-359597939069.898	986416912056667	258064	-707869958.730854	1941765575566.83	131096512	-359597939069.898	986416912056667	66597027865.581	-182675752790734	5.01099791331469e+17	
509	1	-2753.33488913079	7581151.18117359	509	-1401447.45856757	3858805949.56619	259081	-713336756.397393	1964132227257.43	509	-1401447.45856757	3858805949.56619	259081	-713336756.397393	1964132227257.43	131872229.02016	-363088409108.38	999743305129155	259081	-713336756.397393	1964132227257.43	131872229.02016	-363088409108.38	999743305129155	67122964896.1142	-184812000202415	5.08869342126653e+17	
510	1	-2763.64878673517	7638054.14828231	510	-1409460.88123494	3895407614.835	260100	-718825049.42856	1986657883508.66	510	-1409460.88123494	3895407614.835	260100	-718825049.42856	1986657883508.66	132651000	-366600775689.21	1.0131955203544e+15	260100	-718825049.42856	1986657883508.66	132651000	-366600775689.21	1.0131955203544e+15	67652009984.1001	-186966395421443	5.16729715280813e+17	
511	1	-2774.1147131885	7696011.11953956	511	-1417572.61843932	3932661679.74773	261121	-724379607.938424	2009590119454.1	511	-1417572.61843932	3932661679.74773	261121	-724379607.938424	2009590119454.1	133432831.80142	-370157979663.917	1.026900550954e+15	261121	-724379607.938424	2009590119454.1	133432831.80142	-370157979663.917	1.026900550954e+15	68184177058.0498	-189150727781698	5.24746181229664e+17	
