# <P(U)> as a function of N_tot.
# number_of_species: 1
# species_total_upper_bound: 389
# species_total_lower_bound: 363
# volume: 729
# Bin widths for each
10	10	10	10	10	10	10	10	10	10	10	10	10	10	10	10	10	10	10	10	10	10	10	10	10	10	10	
# Bin lower bound for each
-1810	-1820	-1830	-1840	-1840	-1850	-1850	-1860	-1860	-1870	-1870	-1870	-1880	-1880	-1890	-1900	-1900	-1910	-1910	-1920	-1920	-1930	-1940	-1940	-1940	-1950	-1950	
# Bin upper bound for each
-1560	-1560	-1570	-1570	-1580	-1580	-1590	-1590	-1600	-1610	-1610	-1610	-1620	-1620	-1630	-1640	-1650	-1650	-1650	-1650	-1660	-1660	-1670	-1680	-1680	-1690	-1700	
# Normalized histogram for each
1.79080835053934e-05	0.000100936470666763	0.00043345702121009	0.000580791708231736	0.000853075977893285	0.00218356518196444	0.00452708210978388	0.0074452857173673	0.0151742517575359	0.0291466269107213	0.0516115036644416	0.0737414178562315	0.10689579245508	0.127019594292368	0.133654946233014	0.134795772552687	0.111400082458585	0.0827003436317024	0.0500840255418111	0.0283537872137098	0.0168364475083547	0.00943348998836382	0.00722794670391548	0.00370656628371858	0.00165039269578114	0.000424909981355243	
5.78158811966236e-05	6.27715281563341e-05	0.000306424170342105	0.000681401456960206	0.000689247897979748	0.00172539108313924	0.00366057122090622	0.00645927284140278	0.011781224705552	0.0229908981284173	0.0442407122916563	0.0626468110411814	0.0911331086773378	0.118871929563738	0.135778119166791	0.131911888597056	0.121152766076945	0.0950092505409915	0.0656800799511043	0.036713084559856	0.0207583791730677	0.011729190412475	0.00721872573797843	0.00522903348365462	0.00273510415118027	0.00072517633843765	5.16213224969853e-05	
3.70590742231492e-06	0.000134236202186074	0.000184060068641641	0.000556709648329974	0.000985771374335768	0.00133165606708516	0.00316566847363967	0.00549174303237934	0.0104576589782813	0.0182520058223923	0.0325654555898466	0.0548997243216645	0.0767983430476147	0.107216842937467	0.129702642106108	0.132386542614847	0.130866297036715	0.105534360967736	0.0790284757808656	0.0498279841304809	0.0277131874715623	0.0153543979856334	0.00766546361931272	0.00573633292225212	0.00300466738451466	0.000957359417431353	0.000178707091253853	
3.27588509024441e-05	5.55656458345255e-05	7.29817437826604e-05	0.000248801399259069	0.00112789967664111	0.00146461090363839	0.00210195715474037	0.00460780191427797	0.00793552062936802	0.0146875759362604	0.02414037043211	0.0458806366993675	0.0684738770970848	0.0952768371702656	0.122301645157786	0.131643723030965	0.130146353276424	0.117238122013865	0.0889137413842149	0.0631590645399123	0.0366455434278696	0.0207707701481446	0.0104413653889056	0.00619681351754589	0.00390037660238468	0.00170802160591351	0.000777089703685827	5.0174948850579e-05	
0.000118589783740673	6.47232974640995e-05	6.72287154304517e-05	0.000634288315148175	0.00133288235809939	0.00178093460441538	0.00380197176393952	0.00578751550227367	0.0116234690852301	0.0212538781782271	0.0368772470467386	0.0623565126252187	0.0834329236974958	0.106896162952385	0.125814991585971	0.133772199047106	0.123076152179087	0.102933844438598	0.0729339697094968	0.0472087556006531	0.0267975329984425	0.0156776529244491	0.00688196558390854	0.00490059754218498	0.002937602565548	0.000731164476513794	0.000305243422233914	
3.24585207154024e-05	3.0377846310569e-05	0.000197664068459182	0.000188092966196947	0.00118556827587412	0.00158214481743539	0.00284178510212158	0.00546218644756888	0.00902804624257251	0.0167173865730752	0.030126916977346	0.0518749581264276	0.0758418304608236	0.101548978867422	0.115276020185871	0.133470269451497	0.124835470671438	0.113384271016996	0.0855931191265162	0.0579621791652085	0.0330839714414954	0.0197464323716318	0.00986655802772041	0.00526535464887163	0.00285676595783638	0.00151847618064748	0.000481051922397503	1.66453952386679e-06	
9.86464948517816e-05	8.06727690948892e-05	0.000302627382511398	0.00045435906738935	0.00126610268180528	0.00257191475772463	0.00516180324120615	0.00780226895298032	0.0136947250458853	0.024702169094304	0.0408145692513024	0.0669621602913583	0.091792653427694	0.111031645879147	0.127215104951929	0.130554038006488	0.115275535125885	0.0989089948465566	0.0684238839883781	0.0432088367195693	0.0236876985730952	0.0127216358932795	0.0073207403001445	0.00335648878669409	0.00178943069686643	0.000687181514984444	0.000114112258875154	
1.75052515754726e-05	0.000104614717748658	0.00028258477543263	0.000603931179353806	0.000676452935880764	0.0020914607715648	0.00369152412390384	0.00847129138741622	0.0130980960954953	0.0200114200926945	0.0345666199859958	0.0550756893734787	0.0834854623053583	0.102325697709313	0.119313710779901	0.129814777766663	0.122547180820913	0.108067420226068	0.079134573705445	0.0519485012170318	0.0311589310126371	0.0156509452835851	0.00931404421326398	0.00489480177386549	0.00223733786802707	0.00123745456970424	0.000152545763729119	2.54242939548531e-05	
7.22283022589718e-05	2.53432639505164e-05	0.00035184898117967	0.000663571127771022	0.00132756464327455	0.00385977909966365	0.00632272196792134	0.00975800139641384	0.0178023757620403	0.0282497139379082	0.0466844041355138	0.0751748790809519	0.0957231974920306	0.112938454305884	0.125803117474899	0.127039446367951	0.11335197189601	0.0910651055779257	0.0606502321231784	0.0380546003726305	0.0214416684653344	0.0102728920423418	0.00692082299715353	0.00332081235298267	0.00228891912246414	0.000727351675379822	0.000108976034987221	
9.32886848034005e-06	7.71751847009949e-05	0.000451178002867355	0.000644540004096221	0.000884546347726788	0.0026082668192078	0.00526275394134092	0.00938611380965122	0.0148426537916974	0.0232076805422278	0.0380308285180117	0.0611655742703023	0.0886827680109707	0.11082695754644	0.120445869028623	0.127785144285792	0.119038906045997	0.0998231331344023	0.0727516048834082	0.0456715958428866	0.0288355324727311	0.0138677870355019	0.00751949203463046	0.00422004086892473	0.002356811409715	0.00140993125896048	0.000193786040705246	
0.000113534518794263	0.000260613327232286	0.000630460623304508	0.000737114262171846	0.00207028474801358	0.00450697635213591	0.00644351399656988	0.0125545954816702	0.0205162036121179	0.0307312999186336	0.0522761950798268	0.0781470134400787	0.104832786016676	0.118526167126252	0.126629693405193	0.124606284651681	0.101667151195295	0.0834908768133269	0.0539452385171016	0.0363353465641186	0.019814783914567	0.00959280672812439	0.00530472836866379	0.00356687613211978	0.00184235560043418	0.000774098991779069	8.30006141185335e-05	
0.000385884475242385	0.000200056308952477	0.00076012774285176	0.00126458007361555	0.00316856425537015	0.0058852771922442	0.0108401200855241	0.0163515851659972	0.0263901865481965	0.0438563095560949	0.0661319759397796	0.0926894509532209	0.113708729224217	0.121512649896717	0.126722305890408	0.115690321456858	0.0921862920899719	0.0649044752682544	0.0420148429708879	0.0264742619366572	0.0135758038792815	0.00712700600643198	0.0043658840182172	0.00226874202092227	0.00118136699683144	0.000335439242166006	7.76080508867367e-06	
0.000114526606203482	0.000189161922605751	0.000618529461218803	0.000947096428828792	0.0020198718674614	0.00515669984935676	0.00866541759746343	0.0158016690858804	0.0230953410405021	0.0351866912362697	0.0575202373231486	0.0802831509486406	0.110424237432957	0.120857311001074	0.124731484436392	0.120922080729676	0.100185044112046	0.0742162433900562	0.0504680578003342	0.0311932728701483	0.0179527961649458	0.00927150783928185	0.00544709128156559	0.00292579019068894	0.00109808281603338	0.000659278628220042	4.93279390014996e-05	
0.000250313770507065	0.000192785517987021	0.000593726697764127	0.00186330057589733	0.00392816960909772	0.00664078041685587	0.0138032674290844	0.018802077340807	0.0297372759362394	0.0480347734133401	0.0721263759572306	0.0967093839558534	0.11857011991347	0.124971565233964	0.124522757034915	0.108916352164248	0.0848761298153563	0.0599185294549044	0.0382804410089489	0.0214615513657032	0.012961861842608	0.00682170896676624	0.00337879675487958	0.00169993790461904	0.000703513439214594	0.000228356422216972	6.14805752122617e-06	
0.000155875456819879	0.000295595754249462	0.000166354479127097	0.00102825406389584	0.00272323592208847	0.00539320348078191	0.0107217863240026	0.0178095350370477	0.0245082500469373	0.0417754956795864	0.0651651100952281	0.0914565404381105	0.111657039064922	0.123732365770274	0.123060835090753	0.1116670814613	0.0942448336236896	0.0680996729671788	0.0464941120993411	0.0280558357238603	0.0152478507088622	0.00867663047037711	0.00398726798789673	0.00189059027459405	0.00122735548773299	0.000719996157691821	3.92963336520703e-05	
8.2716694884669e-06	0.000215498757725848	0.000242925872345502	0.000546365537264524	0.00186939730439352	0.00472138187381176	0.00794863902739098	0.0138393737562565	0.0215485697195077	0.0364066648759228	0.0552151352396194	0.0802904836183939	0.106998398343576	0.119155140385469	0.125571343802365	0.115632279885433	0.101329257286797	0.0778020171554425	0.0556779133799478	0.0344475852602333	0.0192124761155544	0.0101937442669712	0.00622247221045565	0.00281628578531012	0.00118241338582506	0.000787114654481482	0.000118850830018498	
0.000171711507279264	0.000445580493572773	0.000355160256828249	0.00126631802709999	0.00335250416237388	0.00687585040667371	0.0129048805192208	0.0191860439842286	0.0318214026439225	0.0488725726730917	0.0716249994566091	0.0963797128288058	0.114566352369401	0.122512465386003	0.121770845559627	0.107501836661059	0.0849285115003239	0.0636575855188513	0.0397383899111882	0.0251281315614445	0.0137730017345036	0.0075992123006299	0.00293735355616705	0.00168146863330682	0.000742054539052413	0.000206053808735117	
5.17961863960389e-05	0.000228693331460477	0.000541665203497559	0.000960863152719739	0.00182340134143344	0.00521780735330267	0.0102973452259718	0.0166981248024722	0.0262843698423289	0.0427529234118763	0.0600791867120834	0.0875136074726973	0.106341082276925	0.123228833795695	0.12583137268673	0.1099470625417	0.0957781718579907	0.0732907258489307	0.0488350247568213	0.0295475295852793	0.0178332513958633	0.00873292481651859	0.00486225726024511	0.00186071215366787	0.000794500825227377	0.000618481581627278	4.82845805386803e-05	
0.000128972560438576	0.000498145694848325	0.00119970448837494	0.00155805777711031	0.00368567223051984	0.00705367379203997	0.0151274426342602	0.0222642128410794	0.0348632739381512	0.0544246893297712	0.0762664953957229	0.0985553774849399	0.116973351585692	0.127234460429444	0.115053910963057	0.103936735929548	0.0837971079850894	0.0565146507202338	0.0359011135352374	0.02136703123776	0.0114737971469365	0.00624651330473143	0.00288803320740476	0.00191294871522988	0.000701991587353591	0.000338011978867543	3.4623506158007e-05	
8.2715715514511e-05	0.000304719553009416	0.000826728576308248	0.00156516991222277	0.00264476000228004	0.00629968032304558	0.0116526299954613	0.0194231928866199	0.0286886387607557	0.0487495569566274	0.0667468680530049	0.0932514690611081	0.113595677868146	0.122331400299919	0.123113128098357	0.107376998945267	0.0889125369167096	0.0662535738117759	0.0418982956705394	0.0245507100908459	0.0157335576800685	0.00770070454074992	0.00411307109737183	0.002488757305662	0.00105130388682433	0.000477008245428242	0.000109716182236864	5.74295641396087e-05	
0.000255463077921348	0.000742971784954587	0.00151574759566666	0.00236090461178979	0.00415468119059419	0.00919581926157546	0.016125255250192	0.0245517048754277	0.039747074521986	0.0615253019147809	0.0843309166526162	0.107034346159283	0.119973976827796	0.124380289150142	0.113927591545194	0.0945949973516994	0.0782449345929366	0.0503462376249427	0.0303047333902164	0.0172101217877647	0.00943382569583885	0.00503773189660898	0.00300680042713427	0.00115043539423914	0.000442376896600468	0.000387452334847378	1.83081872510299e-05	
7.48674974377244e-05	0.000435005976491606	0.000881199050301492	0.00238500309366268	0.00321758129792703	0.00690071795348405	0.0128668830079179	0.0234911832764943	0.0322717638524233	0.0518478933404931	0.077286061823342	0.0980699675488123	0.119112897604498	0.118718337287542	0.118766958133579	0.104624746031377	0.0841953852363016	0.0599460609800069	0.0373541482187129	0.0220093231547959	0.0121754343390534	0.00678239288569454	0.00370594112316736	0.00163977030307568	0.000783096812279646	0.000364010935817902	9.29389623364855e-05	4.30272973780026e-07	
6.37475122533343e-06	0.000372285471559472	0.000862716332495124	0.00126900047725637	0.00335439409477045	0.00469989158673083	0.00971639581765322	0.0184808287856566	0.0271424157672247	0.0402935275450876	0.0634058255876564	0.0890714239876789	0.115753157733019	0.117375319428159	0.12226985341897	0.113989051577262	0.0923318967477294	0.0720376637301729	0.0474243242657455	0.0270289451954137	0.0148667698243076	0.00896332520623383	0.00502882874995803	0.00207179414823337	0.0013841709827274	0.000594126814201076	0.00012961994158178	7.60720312889789e-05	
0.000119883387716149	0.00070602752265689	0.000875576885284014	0.00242335705169072	0.00387308973314386	0.00768067175799997	0.0141492368351984	0.0227688524119895	0.0348385406252689	0.0488696066925757	0.0804730084693332	0.103220453133516	0.122961393695761	0.120675046230031	0.119872683842245	0.100250342202849	0.0798975682082957	0.0570709148772287	0.0351198384314458	0.0216179718899145	0.0103065461039398	0.00652893492601268	0.00303733125877985	0.00157304130881832	0.000631100405334297	0.000387908390252967	7.1073722717431e-05	
0.000376200181295104	0.000933010688536209	0.00111790088002595	0.00322915855275491	0.0061223476603259	0.0105721238661566	0.0180914196399606	0.0311860962576	0.0403056337582098	0.0667449311412433	0.0984792781749969	0.11775279667814	0.120848851412484	0.119687295903912	0.111636440829575	0.0869193613413441	0.066158161575196	0.044430140182716	0.0262556911512068	0.0145215837899237	0.00769091838210811	0.00423449896898039	0.0017911237300569	0.000559806413121725	0.000254224013298398	7.8749526004891e-05	2.22553008274692e-05	
0.000374629203186364	0.000591342957495965	0.000505665426722402	0.00209573960078471	0.00433007520723253	0.00708141591359337	0.0139503179518366	0.0253718887821653	0.0399215294615209	0.0519138638424441	0.0875893156759222	0.111646642343768	0.124767064213209	0.121875447549602	0.115846521303256	0.0959386750473851	0.0734424433887815	0.0551381109196433	0.0320816154078439	0.0172749421361676	0.00893734242579129	0.0055896189071831	0.002241055412783	0.00101595072030024	0.000314990921961629	0.000130616235640089	3.31790437799583e-05	
0.000426668968797549	0.000465268398854136	0.00141821776885333	0.00438788359740047	0.00558612611969476	0.0104098097338632	0.0190905310202452	0.0355069101280754	0.04996467944626	0.0685476072088794	0.102544989088398	0.12849833275365	0.12799778530582	0.115300233007742	0.103394591597278	0.0811069486444959	0.0601300261230981	0.0430047456546588	0.0188780266311165	0.011742112642268	0.00625974843132746	0.00354616699358585	0.00135264024252063	0.000334528393823759	8.50847651784995e-05	2.03373341158365e-05	
