# <P(N_2)> as a function of N_tot.
# number_of_species: 2
# species_total_upper_bound: 100
# species_total_lower_bound: 0
# volume: 512
# Bin widths for each species index 
1	1	1	1	1	1	1	1	1	1	1	1	1	1	1	1	1	1	1	1	1	1	1	1	1	1	1	1	1	1	1	1	1	1	1	1	1	1	1	1	1	1	1	1	1	1	1	1	1	1	1	1	1	1	1	1	1	1	1	1	1	1	1	1	1	1	1	1	1	1	1	1	1	1	1	1	1	1	1	1	1	1	1	1	1	1	1	1	1	1	1	1	1	1	1	1	1	1	1	1	1	
# Bin lower bound for each species index 
0	0	0	0	0	0	0	0	0	0	0	0	0	0	1	1	1	2	2	2	2	3	3	3	3	3	4	4	4	5	6	6	6	6	6	7	8	8	6	6	6	6	8	7	8	8	8	8	8	8	7	8	8	8	9	10	11	11	13	14	15	16	16	16	17	17	18	19	19	19	19	20	21	21	22	22	23	22	22	23	23	24	25	25	25	26	26	26	27	27	28	29	29	29	30	31	32	32	33	33	34	
# Bin upper bound for each species index 
0	1	2	3	4	5	6	7	8	9	10	11	12	13	13	14	15	16	17	18	19	19	19	20	21	22	22	23	24	25	26	27	27	27	29	29	30	30	29	30	31	32	32	32	33	34	34	35	36	38	39	39	39	39	40	40	40	41	43	43	44	45	45	46	47	48	49	49	50	50	51	52	53	53	54	55	55	56	56	57	57	58	57	58	59	59	64	65	65	66	66	66	67	68	69	69	70	70	70	70	69	
# Normalized histogram for each species index 
1	
0.50445072561593	0.49554927438407	
0.244832630217719	0.505798053889042	0.249369315893239	
0.123447772096421	0.373630387143901	0.383040433119924	0.119881407639754	
0.0649222308155023	0.25077339520495	0.373206152788519	0.251525307209762	0.0595729139812666	
0.0330785000427095	0.16285128555565	0.310497992653968	0.308682839326898	0.152366105748697	0.0325232766720765	
0.0170498084291188	0.0987228607918263	0.240953597275436	0.308897403150277	0.228373776074926	0.0906130268199234	0.015389527458493	
0.0068418927820156	0.0576886301340756	0.169644944011219	0.277202898242781	0.266132630729023	0.163886705054926	0.0516541656927948	0.00694813335316491	
0.00363347811560307	0.0325551286334781	0.113055462746408	0.225839458737053	0.274515536251253	0.210198797193451	0.107521717340461	0.0290051787504176	0.00367524223187437	
0.00233674108074275	0.0166075526809931	0.0704986438556228	0.168641769246818	0.253035677029001	0.242186522011266	0.160045900271229	0.0686417692468183	0.0166701439599416	0.00133528061756729	
0.00128499504960924	0.00954266815529481	0.0431421288786838	0.121442564934381	0.212951064860652	0.245349792504898	0.200058983379326	0.111415390448906	0.0451854816624887	0.00888963788418192	0.000737292241579069	
0.000658537621617029	0.00499214003483876	0.0287844670093895	0.0853762161702851	0.161065556358075	0.23212389004546	0.222309555168458	0.157432977864639	0.0760079874240557	0.0264264774610188	0.00420614351871521	0.000616051323448188	
0.000237575862292391	0.00371482257402648	0.015615213494309	0.0576877389257251	0.121876417355997	0.200492429969115	0.228072827800695	0.190298265696205	0.112675752143582	0.0514243752834712	0.0150320727414095	0.00252694326256452	0.000345564890607114	
4.38183292071073e-05	0.00168700567447363	0.00911421247507833	0.0337839318186798	0.0896742107223452	0.160835177354687	0.218828736060294	0.206778695528339	0.151238963258331	0.0862782902087943	0.0326884735885021	0.00773393510505444	0.00127073154700611	4.38183292071073e-05	
0.000646342777119466	0.00532155553161693	0.0210923192933319	0.0606484972530432	0.12351610470753	0.184035333405149	0.212043520413659	0.183776796294301	0.121835613487019	0.0603468706237208	0.0214801249596036	0.00491220510610794	0.000344716147797048	
0.000192492781520693	0.00303710833065982	0.0129184044487221	0.0403807079456743	0.0925034755641108	0.15298898513528	0.198288953053149	0.196855951235162	0.154828360603144	0.0907710405304245	0.0402096032509892	0.0131750614907497	0.0037429151962357	0.000106940434178163	
8.58977387420276e-05	0.00171795477484055	0.00818175961517813	0.0257263727532373	0.0646380484033758	0.125646917344901	0.178259282324393	0.20188116047845	0.172031696265596	0.11967702450233	0.063714647711899	0.0271866343118517	0.00893336482917087	0.00214744346855069	0.000171795477484055	
0.00138294654047279	0.00484031289165478	0.0169843122001815	0.0468905311379057	0.0937378451964216	0.151216560784822	0.190608928648602	0.184947491248541	0.147629543195471	0.0926142011322875	0.0444703746920783	0.0186481697566878	0.00455940187562125	0.00140455508016768	6.48256190846623e-05	
0.00082358040745557	0.00312093628088427	0.0109449501517122	0.0294755093194625	0.0680104031209363	0.124425661031643	0.169939315127872	0.188144776766363	0.169570871261378	0.119094061551799	0.0691807542262679	0.0328131772865193	0.0102730819245774	0.00342436064152579	0.0005851755526658	0.000173385348938015	
0.000346635469474414	0.00179817149789852	0.00717102127475194	0.0215563932579401	0.0467091295116773	0.0949347892023051	0.145976862082413	0.178928896399324	0.181701980155119	0.142900472290827	0.0940032063780926	0.0519736557043199	0.021968022877941	0.00730100957580484	0.00233978941895229	0.000303306035790112	8.66588673686035e-05	
0.000196837477855784	0.00111541237451611	0.00516151608599611	0.0145441025304551	0.0347308794261094	0.0740983749972661	0.120420794785994	0.165387223060604	0.18253395446493	0.157885528071211	0.117446361787284	0.0688712464186514	0.036086870940227	0.0150690024714039	0.00492093694639459	0.00126850819062616	0.000240579139601513	2.18708308728649e-05	
0.000526523627747795	0.00247904874731254	0.0095213022684393	0.0240884559694616	0.056557413013909	0.0978456408231319	0.142665964635163	0.17772366284937	0.168575314817252	0.134482909920583	0.0922513272783116	0.0538370409372121	0.0252292571629152	0.0105085340704664	0.00300557237506033	0.000614277565705761	8.77539379579659e-05	
0.000326548383585501	0.00148035267225427	0.00622618918036356	0.0163927288559922	0.0400348318275825	0.0781103733536519	0.116185914879721	0.159333841297486	0.171133122891042	0.154152606944596	0.115641667573746	0.0736693153368891	0.0393817350604114	0.019527593338413	0.00620441928812452	0.00178513116360074	0.000413627952541635	
6.49420933001407e-05	0.000757657755168308	0.0038315835047083	0.012014287260526	0.028293105314428	0.0602662625825306	0.100205649962117	0.1383266587293	0.160406970451348	0.161251217664249	0.134300248944691	0.0954432297867735	0.0560666738824548	0.0305877259443663	0.0119493451672259	0.00484900963307717	0.00110401558610239	0.000281415737633943	
0.00021416027755172	0.000364072471837924	0.00222726688653789	0.00753844176982053	0.0187390242857755	0.0436030325095301	0.0828800274125155	0.118366385402835	0.146528461900887	0.156508330834797	0.149376793592325	0.116610271126911	0.0771191159463743	0.0470938450336232	0.0211162033665996	0.00828800274125155	0.00269841949715167	0.000685312888165503	4.28320555103439e-05	
4.2212794698073e-05	0.000147744781443255	0.00103421347010279	0.00382025792017561	0.0141623926212035	0.0313430000633192	0.0617995314379789	0.103315815023534	0.129086726186707	0.155132020515418	0.151944954515714	0.129804343696574	0.0989890035669811	0.0639523839675806	0.0342767892948353	0.0136980518795247	0.00502332256907069	0.00211063973490365	0.000274383165537474	4.2212794698073e-05	
2.10331482416288e-05	0.000609961299007235	0.00235571260306243	0.00870772337203433	0.0224423691738179	0.0469670200235571	0.0831440349991587	0.115556116439509	0.144413595827023	0.151249369005553	0.144287396937574	0.114273094396769	0.0823027090694935	0.0466094565034494	0.0231785293622749	0.00925458522631667	0.00328117112569409	0.0010937237085647	0.000252397778899546	
2.09740341457276e-05	0.000335584546331641	0.00176181886824112	0.00515961239984899	0.0146608498678636	0.034879818784345	0.0643902848273837	0.100486597592181	0.12901128403037	0.145433952766475	0.149209278912706	0.131633038298586	0.095935232182558	0.0673895717102228	0.0331389739502496	0.0178069549897227	0.00572591132178363	0.00218129955115567	0.000671169092663283	0.000167792273165821	
4.18839396033591e-05	0.000209419698016795	0.00106804045988566	0.00381143850390568	0.00946577035035915	0.0236225419362945	0.0500513078260141	0.0821762895017905	0.116793365583967	0.138845259785135	0.1483738560449	0.142928943896463	0.109756863730603	0.0798936147934075	0.0517685493497518	0.0244811626981634	0.0103662750518314	0.00418839396033591	0.00144499591631589	0.000523549245041989	0.000188477728215116	
2.10220942210263e-05	0.000315331413315394	0.002396518741197	0.00725262250625407	0.0176585591456621	0.0380920347284997	0.0644116966932246	0.0971641194895835	0.127646156110072	0.143496815152726	0.147932477033362	0.125817233912842	0.0931909436818096	0.0640332989972461	0.0385124766129202	0.0188778406104816	0.00832474931152642	0.00321638041581702	0.00121928146481953	0.000210220942210263	0.000210220942210263	
0.000149234639491749	0.00102332324222914	0.00498870080586705	0.0118961326909137	0.0266703620005969	0.0519549737773419	0.0805014283886923	0.109346352279026	0.136720249008656	0.1457382850808	0.139001407069458	0.111819383447747	0.0815247516309214	0.0494819426086215	0.0261373811452693	0.0139640984095851	0.00579883170596512	0.00225983882658935	0.00072485396324564	0.000213192342131071	8.52769368524283e-05	
0.000150680213535388	0.000581195109350784	0.00241088341656621	0.00845961770277252	0.0192440158429482	0.0396934733941794	0.0659333562941278	0.0968443258136732	0.122050972963665	0.140885999655588	0.142091441363871	0.124741691062511	0.0974685724126055	0.0652660582056139	0.0366583433786809	0.0211813328741174	0.00964353366626485	0.00415446874461856	0.00159290511451696	0.000624246598932323	0.000279834682280007	4.30514895815395e-05	
8.67547227102175e-05	0.00034701889084087	0.00195198126097989	0.00548723621142126	0.0144229726505737	0.0299086906543475	0.0513587958444488	0.0794456373218817	0.107315591992539	0.130847810527686	0.142646452816275	0.135402433469972	0.110959290346368	0.0821350337258984	0.050230984449216	0.0293230962760535	0.0168087275251046	0.00702713253952762	0.00325330210163316	0.000737415143036849	0.000238575487453098	6.50660420326631e-05	
4.35748834371868e-05	0.000392173950934681	0.00141618371170857	0.00359492788356791	0.00995686086539719	0.0213516928842215	0.0394570569523727	0.0613970107629962	0.0896553226720119	0.118785132249771	0.134886051679812	0.138393829796505	0.122009673624123	0.101747352825831	0.0706566734933984	0.0422894243757898	0.0233997124057693	0.0126367161967842	0.00603512135605037	0.00156869580373873	0.000174299533748747	0.000152512092030154	
0.000174151555391079	0.000239458388662734	0.000848988832531511	0.00269934910856173	0.00742321004854475	0.017589307094499	0.0286261619174086	0.0465855410671137	0.0743844830964147	0.107124975509938	0.124431286326926	0.136230054204672	0.1293292988223	0.109563097285413	0.0881859938611577	0.0590156083331519	0.034046629078956	0.0203104251474846	0.00918649454687942	0.00280819383068115	0.000827219888107626	0.000217689444238849	8.70757776955395e-05	6.53068332716547e-05	
0.000194910665944775	0.000822956145100162	0.00151597184623714	0.00519761775852734	0.0121927449918787	0.0218299945858148	0.0391120736329182	0.0598159177043855	0.0885327558202491	0.11631835408771	0.133925284244721	0.131499729290742	0.117271250676773	0.100227395776936	0.0740227395776936	0.0462371413102328	0.0288034650785057	0.0138819707634001	0.0058040064970222	0.00142934488359502	0.000649702219815918	0.000519761775852734	0.000194910665944775	
0.000393047427722945	0.00135383002882348	0.0033190671674382	0.0081448161411477	0.0169228753602935	0.0298279325705302	0.0531705825836318	0.0750938946632894	0.104419599965062	0.12586252074417	0.131583544414359	0.127325530614027	0.107323783736571	0.0835225783911259	0.0593719975543716	0.038081928552712	0.0200890907502839	0.00869071534631846	0.00275133199406062	0.00168136955192593	0.000807930823652721	0.000240195650275133	2.18359682068303e-05	
0.000153270127652121	0.000919620765912724	0.00245232204243393	0.00553962032799807	0.0112981979812135	0.0238882441812091	0.0398721289220731	0.0635852072431083	0.0911081430229248	0.115806529307438	0.128440366972477	0.129338092005868	0.121258566705349	0.0967791377460533	0.0721245429265836	0.0442512754264194	0.0298876748921635	0.0147139322546036	0.00534255873530249	0.00208009458956449	0.000985307963477918	0.000153270127652121	2.18957325217315e-05	
4.44434568120708e-05	0	0.000155552098842248	0.000488878024932779	0.00171107308726473	0.00377769382902602	0.00797760049776672	0.0174440567987378	0.0325770538432479	0.0552654385458101	0.0783538143596809	0.105019888446923	0.11921957289838	0.129574898335593	0.122086175862759	0.107175396102309	0.0864203017710718	0.058332037065843	0.0353769916224084	0.0230883758138708	0.00984422568387369	0.00366658518699584	0.00193329037132508	0.000466656296526744	
2.2517451024544e-05	4.5034902049088e-05	2.2517451024544e-05	0.000698040981760865	0.00130601215942355	0.00290475118216618	0.00571943256023418	0.0135104706147264	0.0264805224048638	0.0435712677324927	0.0694438189596938	0.0902499437063724	0.110200405314118	0.12294528259401	0.125332132402612	0.115604593560009	0.0930195901823914	0.0730015762215717	0.0482098626435487	0.0306462508444044	0.0154244539518127	0.00698040981760865	0.00297230353523981	0.00162125647376717	6.75523530736321e-05	
0.000113939338696078	4.55757354784313e-05	0.000159515074174509	0.000501333090262744	0.000934302577307841	0.00195975662557255	0.00501333090262744	0.0108242371761274	0.0226511405327803	0.0354579222022195	0.057379850967345	0.0806918396645626	0.0990588610623704	0.1173803067247	0.124945878814119	0.118679215185835	0.103775949684388	0.079780324954994	0.0599320921541371	0.0406763439144999	0.0225827769295627	0.00998108606977645	0.00446642207688627	0.00227878677392156	0.000638060296698038	9.11514709568626e-05	
4.58169156052415e-05	4.58169156052415e-05	0.000160359204618345	0.000160359204618345	0.000824704480894346	0.00167231741959131	0.00350499404380097	0.00822413635114084	0.0163795473288738	0.0275588747365527	0.0465499862549253	0.0672134151928892	0.0912214789700357	0.108448639237607	0.119948685054522	0.126156877119032	0.11092275268029	0.0921149088243379	0.0673050490240997	0.050375698707963	0.0308576926601301	0.0169980756895446	0.00730779803903601	0.0036424447906167	0.00190140199761752	0.000412352240447173	4.58169156052415e-05	
2.27453656317525e-05	0.000113726828158763	0.000591379506425566	0.00191061071306721	0.00257022631638804	0.00614124872057318	0.011486409644035	0.0217673149095872	0.040259297168202	0.0574093028545434	0.0777891504605936	0.100398043898556	0.116706471056522	0.124690094393267	0.117502558853634	0.102103946320937	0.0799499601956101	0.0576367565108609	0.0393494825429319	0.0209029910155806	0.011304446718981	0.00561810531104287	0.00257022631638804	0.00116001364721938	4.54907312635051e-05	
6.8786829615023e-05	6.8786829615023e-05	0	0.000275147318460092	0.00110058927384037	0.00197188911563066	0.00513608327792172	0.00880471419072295	0.0164859101644005	0.0300139866553551	0.0470960493430858	0.0689014743310481	0.08965216793158	0.112145461215693	0.122692775089996	0.116043381560544	0.110219429986472	0.0900648889092702	0.0689931901038681	0.0497099488684567	0.0295554077912549	0.0159814734138904	0.00912571939559306	0.00373741774241625	0.00197188911563066	0.000183431545640061	
4.5962219055936e-05	4.5962219055936e-05	0.000160867766695776	0.000551546628671232	0.00133290435262214	0.00404467527692237	0.00597508847727168	0.0114445925449281	0.0237624672519189	0.0393436595118812	0.0564645861102174	0.0795146389667693	0.104770878338006	0.116583168635382	0.122236521579262	0.111642230086869	0.0981063565748954	0.0801581100335524	0.0585788481867905	0.0399641494691364	0.0232109206232477	0.0132141379785816	0.00579123960104794	0.00241301650043664	0.000528565519143264	0.00011490554763984	
6.97204211113435e-05	2.32401403704478e-05	0.000162680982593135	0.00032536196518627	0.000976085895558809	0.00176625066815404	0.00422970554742151	0.0107601849915173	0.0181737897696902	0.0313277092193637	0.0492923377257199	0.0681400915661531	0.0931697227451254	0.114597132166678	0.118594436310395	0.112644960375561	0.104627111947756	0.0902414650584489	0.0689999767598596	0.0481303307071975	0.0304445838852867	0.0176857468219108	0.00920309558669734	0.00441562667038509	0.00158032954519045	0.000371842245927165	4.64802807408957e-05	
0.000117594487170441	4.70377948681766e-05	9.40755897363532e-05	0.000282226769209059	0.00068204802558856	0.00131705825630894	0.00272819210235424	0.0072203015122651	0.0154989534090642	0.0267409863825584	0.0384769162021684	0.0610315388414591	0.0843858039935088	0.10447094240222	0.114584068298878	0.11338460452974	0.105882076248265	0.099367341659023	0.0785531174298549	0.0561866459700369	0.0403349090994614	0.0246713234083586	0.0131705825630894	0.00672640466614925	0.0030104188715633	0.000846680307627178	0.000188151179472706	
2.34802413768814e-05	4.69604827537627e-05	0	0.000140881448261288	0.000563525793045152	0.00143229472398976	0.00241846486181878	0.00561177768907464	0.0121627650332245	0.0201695273427411	0.0315339641691517	0.0533236281668976	0.0742680034750757	0.0897180023010637	0.108243912747423	0.113573927539975	0.112658198126277	0.101880767334288	0.0900936861630938	0.0654629129587452	0.0466552396158633	0.0343750733757543	0.018408509239475	0.00974430017140576	0.00464908779262251	0.00178449834464298	0.000845288689567729	0.000211322172391932	
2.3445009729679e-05	0	0	0	0.000164115068107753	0.000633015262701334	0.00161770567134785	0.00389187161512672	0.00947178393079033	0.016434951820505	0.0247813752842707	0.0436311631069327	0.0592689845966286	0.0822216491219844	0.0977656905727616	0.109417860408412	0.115185332801913	0.103533162966263	0.0971092303003306	0.079548918012801	0.0598785548496003	0.0430450378636907	0.0261646308583218	0.0134339905751061	0.00780718823998312	0.00325885635242539	0.00124258551567299	0.000422010175134223	4.68900194593581e-05	
4.74777448071217e-05	2.37388724035608e-05	0	0	0.000118694362017804	0.000356083086053412	0.000640949554896142	0.00194658753709199	0.00621958456973294	0.0116083086053412	0.0216023738872404	0.0360118694362018	0.049186943620178	0.0670385756676558	0.088379821958457	0.102979228486647	0.115893175074184	0.109958456973294	0.0970445103857567	0.090540059347181	0.0712403560830861	0.0533412462908012	0.0359643916913947	0.0198694362017804	0.0111810089020772	0.00519881305637982	0.00227893175074184	0.000830860534124629	0.00028486646884273	0.000166172106824926	4.74777448071217e-05	
2.36412208326438e-05	2.36412208326438e-05	9.45648833305752e-05	2.36412208326438e-05	0	4.72824416652876e-05	0.000520106858318164	0.000472824416652876	0.00111113737913426	0.00404264876238209	0.00796709142060096	0.0170216789995035	0.0284640298825031	0.0451547317903497	0.0604978841107355	0.0761483723019457	0.0942339062389182	0.106811035721885	0.113974325634176	0.101302631267879	0.0933355398472777	0.0813494408851273	0.0629802122981631	0.0450128844653538	0.0287713657533275	0.0157923355162061	0.00853448072058441	0.00404264876238209	0.00141847324995863	0.000401900754154945	0.000283694649991726	9.45648833305752e-05	4.72824416652876e-05	
4.77224462525949e-05	0	2.38612231262975e-05	2.38612231262975e-05	7.15836693788924e-05	0.000405640793147057	0.000835142809420411	0.00116919993318858	0.00257701209764013	0.00625164045908993	0.0111193299768546	0.0233362762175189	0.0359827244744566	0.0536400295879167	0.0701042735450619	0.0818439953232003	0.101481781956143	0.109379846810948	0.110262712066621	0.0995013004366604	0.0872604929728698	0.0688396287193681	0.054546756066716	0.0343840225249946	0.0233601374406452	0.0127657543725691	0.00634708535159512	0.00267245699014531	0.00116919993318858	0.000477224462525949	7.15836693788924e-05	4.77224462525949e-05	
4.77634752704607e-05	0	0	2.38817376352303e-05	0	0.000286580851622764	0.000238817376352303	0.0010985599312206	0.00202994769899458	0.00446588493778807	0.008501898598142	0.0163112268048623	0.028299859097748	0.0440379241993647	0.0622835717526807	0.07620662479402	0.0938074654311848	0.102667590093855	0.108446970601581	0.105915506412247	0.0981778234184319	0.0766603778090894	0.0611372483461897	0.0443961502638932	0.0295655911924152	0.0177441310629761	0.00962434026699783	0.00477634752704607	0.00226876507534688	0.000811979079597832	0.000143290425811382	2.38817376352303e-05	
2.35910259737196e-05	7.07730779211588e-05	2.35910259737196e-05	0.000235910259737196	4.71820519474392e-05	9.43641038948784e-05	0.000401047441553233	0.00058977564934299	0.00127391540258086	0.0036094269739791	0.00740758215574795	0.0123145155582816	0.0223171105711387	0.037273821038477	0.0512868904668664	0.0692632522588407	0.0859656986482342	0.0979499398428838	0.105451886102527	0.104579018141499	0.101134728349336	0.0879709358560004	0.0688386137913138	0.0538111302460544	0.0383354172072943	0.0247233952204581	0.0128807001816509	0.00707730779211588	0.00363301799995282	0.00113236924673854	0.000235910259737196	4.71820519474392e-05	
2.34137204401779e-05	0.000163896043081246	9.36548817607118e-05	0.000163896043081246	0.000163896043081246	0.000187309763521424	0.000304378365722313	0.000819480215406228	0.00231795832357762	0.00522125965815968	0.00959962538047296	0.0173261531257317	0.0307422149379536	0.0442519316319363	0.0618122219620698	0.0763053149145399	0.093818777803793	0.104050573636151	0.104144228517911	0.100140482322641	0.0949894638258019	0.0760009365488176	0.0629594942636385	0.0475064387731211	0.0305080777335519	0.018286115663779	0.00915476469210958	0.00543198314212128	0.00245844064621868	0.00079606649496605	0.000234137204401779	2.34137204401779e-05	
9.34492103541725e-05	7.00869077656294e-05	4.67246051770863e-05	0.000163536118119802	0.000280347631062518	0.000256985328473974	0.000630782169890664	0.00168208578637511	0.00443883749182319	0.00808335669563592	0.0128726287262873	0.0264928511354079	0.0361414821044762	0.0561629754228577	0.0705307915148117	0.0858097374077189	0.098074946266704	0.104242594150079	0.102560508363704	0.0981216708718811	0.0827726380712083	0.0694094009905616	0.0537566582562377	0.0359312213811793	0.0225446219979441	0.0128959910288758	0.00922810952247454	0.00422857676852631	0.00182225960190636	0.000560695262125035	9.34492103541725e-05	
0.000141269542286683	2.35449237144472e-05	0.00016481446600113	0.000211904313430024	0.00016481446600113	0.000682802787718968	0.00136560557543794	0.00343755886230929	0.00720474665662083	0.0103833113580712	0.0195187417592767	0.0319504614805048	0.0471133923526088	0.0616170653607082	0.0819598794499906	0.0932143529854963	0.0999246562441138	0.105033904690149	0.0978527029572424	0.0903418722923338	0.075979468826521	0.0585562252778301	0.0447824449048785	0.0312441137690714	0.0171407044641175	0.0101243171972123	0.00541533245432285	0.00291957054059145	0.00127142588058015	0.000258994160858919	
0.000118517113871243	4.74068455484972e-05	4.74068455484972e-05	4.74068455484972e-05	0	0.000568882146581966	0.00120887456148668	0.00246515596852185	0.00540438039252868	0.00872285958092349	0.0148146392339054	0.0259789513605765	0.0403669289845454	0.0533089978192851	0.0708969375177776	0.0868256376220726	0.0991040106191334	0.100952877595525	0.100502512562814	0.0943396226415094	0.0863278657438134	0.0682895610126102	0.0539726936569641	0.0367877121456338	0.0234426851237319	0.0119702285009955	0.00663695837678961	0.00414809898549351	0.00199108751303688	0.000639992414904712	7.11102683227458e-05	
9.53720702892158e-05	2.3843017572304e-05	2.3843017572304e-05	0.000214587158150736	0.00114446484347059	0.00162132519491667	0.00355260961827329	0.00739133544741422	0.0107770439426814	0.020791111323049	0.0314966262130135	0.045969337879402	0.0618487875825564	0.0764168713192342	0.0940607043227391	0.101642783910732	0.102620347631196	0.097660999976157	0.0927731813738347	0.0750816623351851	0.0613003981783935	0.0431797048234425	0.0297083998950907	0.0185975537063971	0.00996638134522305	0.00612765551608212	0.00371951074127942	0.00147826708948284	0.000405331298729167	0.000262273193295343	4.76860351446079e-05	
0.000119135552431557	0.000309752436322047	0.000190616883890491	0.000500369320212538	0.0012628368557745	0.00223974838571326	0.00521813719650218	0.00907812909528461	0.0156305844790202	0.024184517143606	0.0377183158998308	0.0580666682551407	0.0679310919964736	0.0822035311777741	0.097047821010746	0.103052252853296	0.100860158688556	0.0979532512092259	0.0811074840954037	0.0679072648859873	0.0512997688770283	0.0376706616788582	0.0250661202315995	0.0155114489265887	0.00869689532750363	0.00493221187066644	0.00228740260668589	0.000929257308966142	0.000690986204103028	0.000333579546808359	
0.000143802128271498	0.000215703192407248	0.000575208513085994	0.00119835106892915	0.00196529575304381	0.0043859649122807	0.00711820534943917	0.0117917745182629	0.0191736171028665	0.0321397756686799	0.0491323938260953	0.0615952449429585	0.0763349630907871	0.0906432748538012	0.0979052823315118	0.0996069408493912	0.0957722174288179	0.0917697248585946	0.0765746333045729	0.0587431693989071	0.0438836161441856	0.0333620937589876	0.0201802320007669	0.0114802032403413	0.00695043619978909	0.00395455852746621	0.00210909788131531	0.000695043619978909	0.000503307448950244	9.58680855143323e-05	
0.000120557457684332	0.000241114915368665	0.000771567729179727	0.00139846650913826	0.00306215942518204	0.00561797752808989	0.00940348169937792	0.0159618073974056	0.0275112118435646	0.039181173747408	0.0556734339586247	0.0690794232531224	0.0867290350581087	0.0947581617398852	0.0976274292327723	0.0963977431643921	0.0912137724839659	0.0830158653614313	0.0678256256932054	0.0524183826011477	0.039181173747408	0.0279452186912282	0.0146597868544148	0.00937937020784106	0.00532863962964749	0.00364083522206684	0.000988571153011525	0.00081979071225346	2.41114915368665e-05	2.41114915368665e-05	
4.8666536889235e-05	7.29998053338524e-05	0.000316332489780027	0.000705664784893907	0.00177632859645708	0.00450165466225423	0.00873564337161768	0.0130669651547596	0.0224839400428266	0.037789565894491	0.045040879890987	0.0622201674128869	0.0790587891765622	0.0870157679579521	0.0944130815651158	0.0962380766984621	0.0939507494646681	0.0858477710726105	0.0775501265329959	0.0589838427097528	0.04484621374343	0.0346262409966907	0.0208536110570372	0.0137969632080981	0.00820031146583609	0.0045989877360327	0.00221432742846019	0.000681331516449289	0.00029199922133541	7.29998053338524e-05	
2.4595405578238e-05	9.83816223129519e-05	0.000221358650204142	0.000393526489251808	0.00113138865659895	0.00307442569727975	0.00700969058979783	0.011781199271976	0.0168724482266713	0.0306458753504845	0.0431649367898077	0.0544296325446407	0.070588814009543	0.0837965468050568	0.0906094741502287	0.0950366471543116	0.0962910128388017	0.0901421614442422	0.0789266565005657	0.0669978847951203	0.0513798022529392	0.0382704510797383	0.027596045058783	0.0178562644498008	0.0111417187269418	0.0068621181563284	0.00329578434748389	0.00159870136258547	0.000147572433469428	0.00049190811156476	0.00012297702789119	
0.000221380429969991	7.37934766566636e-05	0.000319771732178875	0.000959315196536626	0.00238598907856545	0.00455059772716092	0.00983913022088847	0.014684901854676	0.022580803856939	0.0367983470261229	0.048482314163428	0.0640281399124317	0.0805086830324199	0.087519063314803	0.0935701284006494	0.0974073891867959	0.0895114871845329	0.0825011069021498	0.0711123136714714	0.0576327052688542	0.0445712599006248	0.0326413145077975	0.0236139125301323	0.0152260540168249	0.0098637280464407	0.00538692379593644	0.00268116298519211	0.000664141289909972	0.000319771732178875	0.000319771732178875	2.45978255522212e-05	
4.87424449210372e-05	0.000121856112302593	0.000194969779684149	0.000828621563657633	0.00121856112302593	0.0031438876974069	0.00721388184831351	0.0122343536751803	0.0174985377266524	0.0282218756092806	0.0399688048352505	0.0532998635211542	0.0730649249366348	0.0861279001754728	0.0900760382140768	0.0953158510430883	0.0972168063950088	0.0877120296354065	0.0763550399688048	0.0636332618444141	0.0502534607135894	0.0388477286020667	0.0305615129654903	0.0198869175277832	0.0129654903489959	0.00721388184831351	0.0039237668161435	0.00136478845778904	0.000584909339052447	0.000633651783973484	0.000121856112302593	0.000146227334763112	
7.37934766566636e-05	0.000172184778865548	0.000541152162148866	0.000910119545432184	0.00260736950853545	0.00462439120381758	0.0105032715107984	0.0140207605647661	0.02513897771437	0.032690510158902	0.0449402272839081	0.0624538790770896	0.0799183352191666	0.0880602154769518	0.0937177153539627	0.0927338023318739	0.0938899001328283	0.0822059329955232	0.0725635853790525	0.0590347813253308	0.0443252816451026	0.0345353470753185	0.0235155212279235	0.0167019235499582	0.00996211934864958	0.00555910857480199	0.00233679342746101	0.00083632606877552	0.000688739115462193	0.000639543464357751	7.37934766566636e-05	2.45978255522212e-05	
0.000123344105385204	9.86752843081629e-05	0.000740064632311222	0.00204751214939438	0.00370032316155611	0.00653723758541579	0.0147519550040704	0.0197843945037867	0.0306880134198387	0.0389767373017244	0.0545921010434911	0.0712682240915707	0.0834546217036288	0.0864395490539507	0.0942102276932185	0.0931247995658288	0.0867849125490293	0.0803463502479217	0.0667538298344722	0.0519772060093248	0.0367812122258677	0.0291585465130621	0.0204011150307127	0.0121863976120581	0.00725263339664997	0.00382366726694131	0.00175148629646989	0.00113476576954387	0.0006660581690801	0.000296025852924489	0.000148012926462244	
7.4680739837196e-05	0.000149361479674392	0.000771700978317692	0.00112021109755794	0.00261382589430186	0.00570062980757263	0.0102312613576959	0.015508700306191	0.025914216723507	0.0341539916855443	0.0468746110378133	0.0640511812003684	0.0761245674740484	0.0798586044659082	0.090936247541759	0.0944960294739987	0.090936247541759	0.0839909387368998	0.0732120186203978	0.0606905479076946	0.0469492917776505	0.0325856961489632	0.0253665579647009	0.0155584874660825	0.0105797714769361	0.00515297104876652	0.00308680391327077	0.00149361479674392	0.00107042393766648	0.000522765178860372	0.00012446789972866	9.9574319782928e-05	
0.000125053147587725	0.000350148813245629	0.000450191331315809	0.0012255208463597	0.00220093539754396	0.0042267963884651	0.00902883725583373	0.0132056123852637	0.0212590350899132	0.0306380211589926	0.0423179851436861	0.0554735762699147	0.0680789335467574	0.0769827176550034	0.0850111297301353	0.0907385638896531	0.0941900307630743	0.0882124903083811	0.0782332491308806	0.068429082360003	0.0546732361253533	0.0408173473726334	0.0276617562464047	0.0198334292074132	0.0109546557286847	0.00755321011429858	0.00415176449991246	0.00205087162043869	0.000975414551184253	0.000550233849385989	0.000300127554210539	0.00010004251807018	
2.51300479983917e-05	0.00015078028799035	0.000351820671977483	0.000879551679943709	0.00190988364787777	0.00283969542381826	0.00585530118362526	0.0107305304953132	0.0164601814389466	0.0261352499183273	0.0365390897896615	0.0477470911969442	0.0615434875480612	0.0705400447314854	0.0831301987786797	0.0919005855301184	0.0918251953861232	0.0922021461060991	0.085014952378559	0.0741336415952554	0.0587289221722413	0.0468675395170005	0.0339758248938255	0.0231447742065187	0.0148267283190511	0.0103535797753374	0.00600608147161561	0.00336742643178448	0.00133189254391476	0.00103033196793406	0.000326690623979092	7.5390143995175e-05	5.02600959967834e-05	
2.56016385048643e-05	0.000256016385048643	0.000716845878136201	0.00120327700972862	0.00225294418842806	0.00386584741423451	0.00791090629800307	0.0125448028673835	0.0205837173579109	0.0311827956989247	0.0419354838709677	0.0532770097286226	0.0663594470046083	0.0782130056323605	0.0897849462365591	0.090937019969278	0.0912954429083461	0.088863287250384	0.0830773169482847	0.068305171530978	0.0510496671786994	0.0409882232462878	0.0278033794162826	0.0177675371223758	0.0124935995903738	0.00824372759856631	0.00476190476190476	0.00189452124935996	0.00094726062467998	0.000793650793650794	0.000307219662058372	0.000307219662058372	5.12032770097286e-05	
0.000232330011874645	0.000851876710207032	0.00116165005937323	0.00268470235944034	0.00307191904589808	0.00542103361040838	0.0102225205224844	0.0160307708193505	0.0249109401621147	0.0357013784914038	0.0477050957715938	0.0610769786772678	0.07202230368114	0.0826836697816098	0.0925706025091641	0.092596416954928	0.0895244979090299	0.0878207444886158	0.0739325726676648	0.0592441530280345	0.0482213846868708	0.0329650472404357	0.022122980019619	0.014920749651505	0.0092932004749858	0.00637616810367081	0.00289121792555114	0.00123909339666477	0.00100676338479013	0.000722804481387785	0.000387216686457742	0.000361402240693892	2.58144457638495e-05	
5.21702838063439e-05	0.000391277128547579	0.000886894824707846	0.00133034223706177	0.00263459933222037	0.00472141068447412	0.00730383973288815	0.0139033806343907	0.0201638146911519	0.0297892320534224	0.0430926544240401	0.0540223288814691	0.0660214941569282	0.0772381051752922	0.0890025041736227	0.0947673205342237	0.0927587646076795	0.0879330133555927	0.0786988731218698	0.0669083889816361	0.0525093906510851	0.0381625626043406	0.0271024624373957	0.0195899415692821	0.0118687395659432	0.00813856427378965	0.00443447412353923	0.00208681135225376	0.00169553422370618	0.00104340567612688	0.000652128547579299	0.000521702838063439	0.000573873121869783	
0.000156854543553278	0.000522848478510928	0.000601275750287567	0.00224824845759699	0.00397364843668305	0.00619575447035449	0.0103785422984419	0.0174892816061905	0.0258025724145143	0.0344557147338701	0.0492000418278783	0.0615915507685873	0.0707936839903796	0.0830283383875353	0.0891195231621876	0.0902175049670605	0.0936160200773816	0.0858778625954199	0.0743490536442539	0.0589773083760326	0.0437101328035135	0.0348478510927533	0.0239464603158005	0.0164697270730942	0.00930670291749451	0.00585590295932239	0.00250967269685245	0.00182996967478825	0.0014639757398306	0.000470563630659835	0.000601275750287567	0.000209139391404371	0.000182996967478825	
2.61704744707022e-05	0.000130852372353511	0.000261704744707022	0.000994478029886682	0.00327130930883777	0.00523409489414043	0.00748475569862082	0.0133992829289995	0.0198110491743215	0.0281856010049462	0.0408521106487661	0.0520792441966973	0.0672581193897045	0.0791133443249326	0.0874355552066159	0.0912302740048677	0.0935594462327602	0.0938473214519379	0.0793750490696396	0.0691947345005365	0.0507445499986915	0.0406427468530004	0.0283426238517704	0.019156787312554	0.0124571458480542	0.00675198241344116	0.00423961686425375	0.00193661511083196	0.00128235324906441	0.000680432336238256	0.000209363795765617	0.000471068540472639	0.000287875219177724	5.23409489414043e-05	
5.16075759921556e-05	0.000154822727976467	0.000748309851886257	0.00196108788770191	0.0045414666873097	0.00660576972699592	0.010940806110337	0.016230582649533	0.0241781493523249	0.0358672653145482	0.0461113691489911	0.0615420343706456	0.0735665995768179	0.0844557981111627	0.0879909170666254	0.0921195231459978	0.0918098776900449	0.0844299943231666	0.07493420034061	0.058342364659132	0.0472209320328224	0.034138411518811	0.0239975228363524	0.0153274500696702	0.0100376735304743	0.0057026371471332	0.00289002425556072	0.00175465758373329	0.000903132579862724	0.00059348712390979	0.000335449243949012	0.000412860607937245	0.000103215151984311	
7.80497957697011e-05	0.000104066394359601	0.000130082992949502	0.000546348570387907	0.00166506230975362	0.00413663917579416	0.0071805812108125	0.00941800868954393	0.0129562660977704	0.0201368473085829	0.0300491713713349	0.0424851054973073	0.0538543590810937	0.068397637692848	0.0780497957697011	0.0818742357624164	0.0900434477196451	0.0949085516559565	0.090329630304134	0.0770611650232849	0.0647292972916721	0.0512006660249239	0.0401696282228061	0.0309597523219814	0.0186278845903687	0.0135026146681583	0.00853344433748732	0.00452688815464266	0.00179514530270312	0.00145692952103442	0.000520331971798007	0.000182116190129302	0.000156099591539402	0.000182116190129302	5.20331971798007e-05	
5.25762355415352e-05	0.000210304942166141	0.000420609884332282	0.000210304942166141	0.00147213459516299	0.0035751840168244	0.00520504731861199	0.00772870662460568	0.0111724500525762	0.0174815983175605	0.0252891692954784	0.0356992639327024	0.0478706624605678	0.0614616193480547	0.0716876971608833	0.078391167192429	0.0846477392218717	0.0972397476340694	0.0904574132492114	0.0842534174553102	0.071950578338591	0.055651945320715	0.0483175604626709	0.0338065194532072	0.0241587802313354	0.0159305993690852	0.0117245005257624	0.00804416403785489	0.00328601472134595	0.00155099894847529	0.000499474237644585	0.000236593059936909	5.25762355415352e-05	0.000157728706624606	0.00010515247108307	
0.000129456541439039	0.000388369624317117	0.000673174015483002	0.000750847940346426	0.00256323952049297	0.00455687025865417	0.00595500090619579	0.00895839266758149	0.0140589804002796	0.0194702638324315	0.0286357869663154	0.0401315278461021	0.0554073997359087	0.0651943142687	0.0747999896434767	0.0824897082049556	0.0936488620770008	0.0944514926339228	0.087150143696761	0.0787095771949357	0.0649095098775341	0.0533102037645962	0.0405975713952826	0.0286357869663154	0.0200139813064754	0.0160785024467286	0.0086476969681278	0.00569608782331771	0.00225254382103928	0.0010097610232245	0.00023302177459027	0.00023302177459027	0.000181239158014654	5.17826165756156e-05	2.58913082878078e-05	
5.08672872475711e-05	0.000305203723485427	0.000635841090594639	0.00068670837784221	0.00160231954829849	0.00330637367109212	0.00450175492141004	0.00902894348644387	0.0108601658273564	0.0184648252708683	0.0250012716821812	0.0353527646370619	0.0472302762093698	0.0611170456279567	0.0679841294063788	0.0761483290096139	0.0917391525509944	0.0907472404496668	0.0918917544127372	0.0811587568034997	0.0733251945673737	0.059540159723282	0.0480441528053309	0.0324787629075741	0.0255608118419045	0.0165827356427082	0.0124370517320311	0.00747749122539295	0.00401851569255812	0.00170405412279363	0.000635841090594639	0.000203469148990284	7.63009308713566e-05	2.54336436237855e-05	7.63009308713566e-05	
0.000404540972415362	0.000455108593967283	0.000429824783191323	0.00101135243103841	0.00283178680690754	0.00432353164268919	0.00604283077545448	0.00960784809486486	0.0159035169780789	0.0217946448888777	0.0319840206315896	0.0407069353492958	0.0527167454678769	0.0662941518545675	0.072336982630022	0.0839169679654117	0.0907941644964729	0.0898080958762105	0.0857121185305049	0.0745619579783065	0.0679628833657809	0.0522869206846856	0.0410609087001593	0.0290510985815782	0.0233116735354353	0.0143612045207454	0.00998710525650426	0.00505676215519203	0.00321104396854694	0.00116305529569417	0.000632095269399004	0.000176986675431721	0	5.05676215519203e-05	5.05676215519203e-05	
0.000357635518316048	0.000306544729985184	0.000638634854135799	0.00194144995657283	0.00326981045317529	0.00467480713227405	0.00789352679711848	0.0142032391559802	0.0184948653757727	0.0268226638737036	0.0371174577223727	0.0480508864251775	0.0600572216829306	0.0683850201808614	0.0795228120369897	0.0848873448117305	0.0900219690389823	0.086930976344965	0.0829203494609922	0.0692024727941552	0.059137587492975	0.0480253410310121	0.0342308281816788	0.0262862105962295	0.0182905022224493	0.0121596076227456	0.0068717110305012	0.00449598937311603	0.00237572165738517	0.0012006335257753	0.00109845194911357	0.000102181576661728	2.5545394165432e-05	
0.000280640881722625	0.000382692111439943	0.000459230533727931	0.0015562812531891	0.00303602408409021	0.00377589549954077	0.00487294621900194	0.0112766608837636	0.015792427798755	0.0236503724869885	0.0353352382896214	0.0426319012144096	0.0542657414021839	0.062710480661292	0.0723798346770079	0.0810286763955506	0.08447290539851	0.089116236350648	0.0841667517093581	0.0739871415450556	0.0652107357893663	0.0545718950913359	0.0422236962955404	0.0308704969894887	0.0221706296560874	0.0177824267782427	0.0091590978671293	0.00584243290131646	0.00316358812123686	0.00186243494234106	0.00117358914174916	0.00051025614858659	0.000178589652005307	0.000102051229717318	
7.63319932827846e-05	0.000534323952979492	0.00027988397537021	0.00124675589028548	0.00264617576713653	0.00346038369548623	0.00394381965294387	0.00798941529693145	0.0136125388020966	0.0198972062490459	0.0296168133937204	0.0371482367309552	0.0455447559920615	0.0580123148949163	0.0703272098112055	0.07511068139026	0.0823622207521246	0.0870693603378963	0.0869421403490916	0.0798178209760318	0.0732787135514732	0.0599206147269859	0.0479364917815887	0.0373009007175207	0.0263599816803216	0.0190575543229352	0.0132054348379217	0.00717520736858175	0.00552134751412142	0.00208640781639611	0.00119586789476363	0.000788763930588774	0.000356215968652995	7.63319932827846e-05	0.000101775991043713	
0.000231314896679346	0.000282718207052534	0.000436928138172098	0.00161920427675542	0.00321270689832425	0.00424077310578801	0.00663102703814126	0.00914978924642747	0.01652616428498	0.0245964840135705	0.0318700524313766	0.0391179191939961	0.0532538295466228	0.0654878174154416	0.0759740927315719	0.0803690757684795	0.085149583633186	0.0877968541174052	0.0814228436311299	0.0771563688701552	0.0657448339673075	0.0545646139611391	0.0412254549192968	0.0335663616736918	0.0224889482882698	0.0158579212501285	0.00961241903978616	0.00544875089955793	0.00364963503649635	0.00154209931119564	0.000822452965971009	0.000436928138172098	0.00038552482779891	0.00012850827593297	
5.11247443762781e-05	0.000102249488752556	0.000306748466257669	0.000664621676891616	0.00219836400817996	0.00322085889570552	0.0053680981595092	0.00802658486707566	0.0131646216768916	0.0193507157464213	0.0292177914110429	0.0337934560327198	0.0463957055214724	0.0590235173824131	0.0712934560327198	0.0816973415132924	0.0857617586912065	0.0876022494887526	0.0844836400817996	0.077939672801636	0.0690695296523517	0.0567740286298569	0.0510224948875256	0.0377556237218814	0.0285787321063395	0.0189928425357873	0.0124233128834356	0.00751533742331288	0.00421779141104294	0.00189161554192229	0.000613496932515337	0.000792433537832311	0.000357873210633947	0.000306748466257669	0	0	0	0	2.55623721881391e-05	
2.54265300414452e-05	2.54265300414452e-05	7.62795901243357e-05	0.000813648961326248	0.00122047344198937	0.00325459584530499	0.00470390805766737	0.00678888352106588	0.0105774364972412	0.0145948282437896	0.0233924076381296	0.0332324747641689	0.0403264766457322	0.0537008314475324	0.0634137659233644	0.0796358920898065	0.0825345165145313	0.0883571918940222	0.088001220473442	0.0826107961046556	0.0726435963284091	0.061506776170256	0.0524295049454601	0.0423605990490478	0.0325205319230085	0.0231381423377152	0.0154593302651987	0.0101960385466195	0.00600066108978108	0.00312746319509776	0.00150016527244527	0.000711942841160467	0.00053395713087035	0.000254265300414452	5.08530600828905e-05	0	0	0	0.000177985710290117	0.000101706120165781	
0.000127323656735421	0.000127323656735421	0.000381970970206264	0.000967659791189203	0.00257193786605551	0.00440539852304558	0.0074611662846957	0.00896358543417367	0.0129615482556659	0.0190985485103132	0.0272727272727273	0.0369493251846193	0.0457601222307105	0.0587980646804176	0.0708174178762414	0.080977845683728	0.0853323147440794	0.0883116883116883	0.0861217214158391	0.0784568372803667	0.0645276292335116	0.059205500381971	0.0447415329768271	0.0363127069009422	0.029004329004329	0.0192258721670486	0.0128342245989305	0.00817417876241406	0.00468551056786351	0.00257193786605551	0.00127323656735421	0.000611153552330023	0.000432900432900433	0.00017825311942959	2.54647313470843e-05	0	0	0.000101858925388337	0.000229182582123759	
7.64155989709366e-05	0.000203774930589164	0.000152831197941873	0.000611324791767493	0.00170661504368425	0.00379530808222318	0.00588400112076212	0.00781986296135918	0.0107491275885784	0.016531241244046	0.0238671387452559	0.0317379454392623	0.0418757482360733	0.0516060011717058	0.064240046868234	0.0751165337884307	0.081917522096844	0.0894571945286431	0.0863241549708347	0.0829618686161135	0.073078784482539	0.0626353192898444	0.0509946763799384	0.0384370462823811	0.031763417305586	0.0243765760717288	0.0164038819124277	0.0103670495937237	0.00713212257062075	0.00348964568633944	0.00221605237015716	0.00114623398456405	0.000356606128531037	0.000280190529560101	0.000280190529560101	7.64155989709366e-05	2.54718663236455e-05	7.64155989709366e-05	0.000203774930589164	2.54718663236455e-05	
2.56910903298736e-05	5.13821806597472e-05	0.000462439625937725	0.00154146541979242	0.00231219812968862	0.00326276847189395	0.00588325968554105	0.010764566848217	0.0142842462234097	0.0200390504573014	0.0275665399239544	0.0387164731271195	0.0491984379817079	0.0575994245195766	0.0733223718014593	0.0794111602096393	0.0840612475593464	0.087606618024869	0.084138320830336	0.0763796115507142	0.0672592744836091	0.0570599116226493	0.0457044496968451	0.037406227520296	0.0247405199876683	0.0173928681533244	0.0142842462234097	0.00932586578974412	0.00452163189805775	0.00200390504573014	0.00202959613606001	0.000436748535607851	0.00035967526461823	0.000205528722638989	0.000231219812968862	0.000154146541979242	0.000154146541979242	5.13821806597472e-05	5.13821806597472e-05	
0.000128796270060019	0.000128796270060019	0.000824296128384122	0.00151979598670822	0.00193194405090029	0.00484273975425672	0.00783081321964916	0.013394812086242	0.0170526261559465	0.0249607171376317	0.0351098632183612	0.0450014167589707	0.053914118647124	0.0658664125086938	0.0760155585894233	0.0791581875788877	0.0867314082584168	0.0873753896087169	0.0789778728008037	0.0690090414981582	0.0646042090621056	0.0531413410267639	0.04062234357693	0.0300352901779964	0.0212513845599031	0.0150949228510342	0.0119007753535458	0.00636253574096494	0.0033487030215605	0.00170011076479225	0.000721259112336107	0.000309111048144046	0.000257592540120038	0.000283351794132042	0.000386388810180057	0.000128796270060019	5.15185080240076e-05	2.57592540120038e-05	
2.56976923472272e-05	7.70930770416817e-05	0.000334070000513954	0.00136197769440304	0.00190162923369481	0.00336639769748677	0.00722105154957085	0.0111014030940022	0.0148018707920029	0.0191961761833787	0.0307087423549365	0.0403453769851467	0.0500334070000514	0.0558924808552192	0.0729557485737781	0.0784293570437375	0.0851107570540166	0.0871922701341419	0.0803566839697795	0.0754484247314591	0.0676106285655548	0.0605951585547618	0.0464100323790924	0.0373901423652156	0.0242329238834353	0.0179369892583646	0.0127460554042247	0.00814616847407103	0.00429151462198695	0.002261396926556	0.00123348923266691	0.000256976923472272	0.000154186154083363	0.000231279231125045	0.000231279231125045	0.000359767692861181	0	0	5.13953846944544e-05	
0.000103103412722961	7.73275595422209e-05	0.000360861944530364	0.000618620476337767	0.00149499948448294	0.00260336117125477	0.00634085988246211	0.0095370656768739	0.011908444169502	0.0178368904010723	0.0242293019898959	0.0369110217548201	0.0442829157645118	0.053098257552325	0.0623775646973915	0.0741055778946283	0.0860655737704918	0.0829466955356222	0.0851891947623466	0.0784874729353542	0.073048767914218	0.0640529951541396	0.0512423961233117	0.0429683472522941	0.0307763686978039	0.021832147644087	0.0154655119084442	0.00917620373234354	0.00567068769976286	0.00350551603258068	0.00157232704402516	0.000567068769976286	0.000309310238168883	0.000463965357253325	0.000257758531807403	0.000386637797711104	5.15517063614806e-05	0	5.15517063614806e-05	2.57758531807403e-05	
0.000102711585866886	0.000205423171733772	0.000436524239934265	0.000796014790468365	0.00236236647493837	0.00441659819227609	0.00785743631881676	0.0122997124075596	0.0156378389482334	0.0215437551355793	0.030325595727198	0.0405710764174199	0.0498921528348398	0.055772391125719	0.0660692276088743	0.079550123253903	0.0831963845521775	0.0847627362366475	0.083889687756779	0.0730279375513558	0.0652988907148726	0.0593929745275267	0.0479406327033689	0.040468364831553	0.0261400986031224	0.0192327444535744	0.0125051355792933	0.00803718159408381	0.00392871815940838	0.0017974527526705	0.000718981101068201	0.000641947411668036	0.000385168447000822	0.000308134757600657	0.000231101068200493	0.00017974527526705	0	2.56778964667214e-05	0	5.13557929334429e-05	
5.1105148843746e-05	0.000102210297687492	0.000894340104765555	0.00145649674204676	0.00327072952599974	0.00666922192410885	0.00983774115242111	0.0122141305736553	0.0182700907116392	0.0250415229334355	0.0349559218091223	0.0430049827520123	0.0521528043950428	0.0589242366168391	0.0734892040373068	0.0823559473616967	0.0825859205314936	0.0863932541203526	0.0772965376261658	0.071828286699885	0.0633703845662451	0.0552191133256676	0.0446914526638559	0.0337805033857161	0.022741791235467	0.0157148332694519	0.0115497636386866	0.00641369617989012	0.00298965120735914	0.00145649674204676	0.000459946339593714	0.000408841190749968	0.000153315446531238	0.000102210297687492	7.6657723265619e-05	5.1105148843746e-05	0	0	2.5552574421873e-05	
2.55676007363469e-05	0.000511352014726938	0.000971568827981182	0.00258232767437104	0.00595725097156883	0.00805379423194927	0.0111986091225199	0.0158774800572714	0.0215279198200041	0.0277408467989364	0.0384536715074657	0.0457148701165883	0.0547913683779914	0.0637911638371855	0.0769584782164042	0.084833299243199	0.0856258948660258	0.080998159132747	0.0766005318060953	0.0687512783800368	0.0601605645326243	0.0487829822049499	0.038402536305993	0.029556146451217	0.0192268357537329	0.0131417467784823	0.0099202290857026	0.00544589895684189	0.00230108406627122	0.000946001227244835	0.000485784413990591	0.000460216813254244	5.11352014726938e-05	0.000127838003681735	0	0	0	0	2.55676007363469e-05	
2.5851817382762e-05	0.000310221808593144	0.00051703634765524	0.00139599813866915	0.00439480895506954	0.00723850886717336	0.00977198697068404	0.0120469469003671	0.0191303448632439	0.0237319683573755	0.0339692880409493	0.0414146114471847	0.0499457111834962	0.0611136962928494	0.0689467969598263	0.0832687037898764	0.0858021818933871	0.0857504782586216	0.0761336021922341	0.072126570497906	0.0679644278992813	0.0550643710252831	0.043663719559485	0.0321855126415387	0.0229305620185099	0.01553694224704	0.0107285042138462	0.00630784344139393	0.00452406804198335	0.00217155266015201	0.000672147251951812	0.000491184530272478	0.000413629078124192	0.000232666356444858	5.1703634765524e-05	0	0	0	2.5851817382762e-05	
0.000207269995077338	0.000595901235847346	0.00134725496800269	0.00227996994585071	0.00564810736585745	0.00867943104386351	0.0121512034614089	0.0151566183900303	0.0221778894732751	0.0311682255097546	0.0385781278337695	0.0426198927377775	0.0568956136487292	0.0656786796901314	0.0766639894292303	0.0863020442003264	0.0856284167163251	0.0780371531466176	0.0745394719796875	0.0697722620929088	0.0608078348058139	0.050055703811177	0.0390185765733088	0.0257792056377439	0.0182656683161904	0.0113221234810996	0.00826489105370884	0.00471539238800943	0.00471539238800943	0.00124361997046403	0.000518174987693344	0.000518174987693344	0.000310904992616006	0.000155452496308003	0.000129543746923336	0	2.59087493846672e-05	2.59087493846672e-05	
2.56858111579164e-05	0.000436658789684578	0.000488030412000411	0.00151546285831707	0.00400698654063495	0.0072177129353745	0.0111733278536936	0.0142813110038015	0.0194955306688585	0.0271499023939176	0.036550909277715	0.0419449296208774	0.0476728655090928	0.0618771190794205	0.0713294975855338	0.080473646357752	0.0837357443748074	0.0801911024350149	0.0776738929415391	0.0734357341004829	0.0652933319634234	0.0570225007705743	0.0471077776636186	0.0330833247713963	0.0200606185143327	0.0132281927463269	0.00960649337306072	0.00572793588821535	0.00369875680673996	0.00215760813726497	0.00102743244631665	0.000642145278947909	0.000102743244631665	0.000179800678105415	0.000205486489263331	5.13716223158327e-05	0.000102743244631665	2.56858111579164e-05	
7.65579543714592e-05	0.000433828408104935	0.00137804317868627	0.00311335681110601	0.00525697953350686	0.0073750829377839	0.0120706374725667	0.0178124840504262	0.0222783647220946	0.0306231817485837	0.0424386260399122	0.0432552442198744	0.0557852294186699	0.0657122441688358	0.0751543918746491	0.0787270964119839	0.0817638952687184	0.0808451998162609	0.073189404379115	0.0754861430102588	0.0598938396366049	0.055351401010565	0.0394273465013015	0.0269739192568775	0.01416322155872	0.0125299851987955	0.00913591588832746	0.00395549430919206	0.00306231817485837	0.00119940795181953	0.000663502271219313	0.000153115908742918	2.55193181238197e-05	0.000535905680600214	0.000102077272495279	5.10386362476395e-05	
