# lnPI (bias) matrix in single row (vectorized) notation.
# species_total_upper_bound: 100
# species_total_lower_bound: 0
# volume: 512
0
6.93192990003136
13.1718489980603
19.0040928611729
24.5478263817025
29.8699077588943
35.0097709034427
39.9958676014692
44.8508359147666
49.5866046379944
54.2163019508455
58.7489875962615
63.1950404448391
67.5607060869905
71.8527670189352
76.0762560129862
80.2347192423053
84.3324063972403
88.373701136938
92.3593238507989
96.2940916958763
100.179068916408
104.018415997038
107.814418619158
111.56641594263
115.278072468898
118.952640421289
122.588332767127
126.185469869016
129.748598899699
133.27842885387
136.77808866029
140.243770278834
143.677527938796
147.082702736048
150.461449251656
153.809378669436
157.131269982422
160.42649363123
163.693532036198
166.936317953142
170.15332274665
173.345073380083
176.516212717812
179.664198126914
182.791107778624
185.893986173571
188.975759536641
192.035982626595
195.075178019948
198.096389008897
201.09870284967
204.076889041753
207.037094182168
209.977986126574
212.903388257724
215.809971454745
218.699443925841
221.570317477635
224.424558960901
227.261909599127
230.081381779126
232.885310207353
235.675343690788
238.448577260942
241.206371346062
243.947808690577
246.674426399721
249.386880073754
252.083988816981
254.765675437282
257.433731505675
260.0890550867
262.728650844975
265.355987575556
267.970152378762
270.569587700456
273.155432463399
275.729472523202
278.291513795113
280.842720155016
283.380446087524
285.904854859799
288.417369416615
290.919041969783
293.407451152158
295.883309559835
298.347687865805
300.802226785801
303.246054126451
305.677010974193
308.097466438348
310.506409779256
312.905607723546
315.293588417729
317.668991061374
320.034978089553
322.390021655047
324.734350413514
327.070636722407
329.3969212039
