# lnPI (bias) matrix in single row (vectorized) notation.
# species_total_upper_bound: 100
# species_total_lower_bound: 0
# volume: 512
0
6.93167418044928
13.1718906998335
19.0040568202659
24.5479529236609
29.8703519412049
35.0106947107883
39.9969150813004
44.8520157379398
49.5882068371469
54.2183758714698
58.750979965046
63.1967178140875
67.5627350700798
71.8549389701
76.0789992693973
80.237275246183
84.3347025996781
88.3760016540395
92.361371580533
96.2962078328255
100.181785218813
104.02181358231
107.817724929267
111.569917463151
115.282044511501
118.956619833417
122.592050207881
126.189581679847
129.752547403569
133.282479334772
136.782049739939
140.247460671068
143.681291008049
147.086582517664
150.465263288513
153.813634978868
157.135310134563
160.430323175143
163.69710355097
166.939842970648
170.157349576144
173.349391439281
176.520454671759
179.668125746376
182.79525452761
185.898549223468
188.980442797034
192.040022323742
195.078881767184
198.100450422341
201.103121662088
204.081662509358
207.041963412283
209.982390994552
212.907536321752
215.814019303064
218.703694210867
221.57472136229
224.429224334975
227.267222052863
230.086581857852
232.890821442797
235.680887578309
238.45380543724
241.211790134826
243.953679238614
246.680806523656
249.392743689129
252.089871523842
254.77184208142
257.440438992187
260.096157283747
262.735966119588
265.363435225706
267.977371932216
270.576692296729
273.162338996284
275.736312994297
278.298484163609
280.849883606425
283.387757029131
285.912779917678
288.424997499363
290.926401038514
293.415075697129
295.89077207869
298.355441055228
300.809899344091
303.25318485487
305.683803844735
308.104632995215
310.514074688466
312.913865926512
315.301876532616
317.676814443509
320.042698827333
322.39735273084
324.741408847648
327.077344150801
329.403674651603
