# lnPI (bias) matrix in single row (vectorized) notation.
# species_total_upper_bound: 100
# species_total_lower_bound: 0
# volume: 512
0
6.9299249816297
13.1695689145756
19.002883633259
24.5464119354269
29.8697066528029
35.0105510672175
39.9967118719738
44.8509891432081
49.5868498854425
54.2172702096389
58.7495417670352
63.1948000039574
67.5600251334814
71.8513490971155
76.0731205994308
80.2294569430723
84.3254038917968
88.366122368633
92.3518834233399
96.2865751356489
100.172192033109
104.01292256584
107.808468521526
111.560528952633
115.273032151626
118.94842624046
122.584167948001
126.182873173387
129.745399302535
133.275916905271
136.775682306641
140.240495833788
143.674500095863
147.080033848814
150.458567913249
153.807803942562
157.12994119107
160.42580883063
163.693374083205
166.937281203693
170.1557572888
173.347400766703
176.51758986529
179.664062866423
182.789999854379
185.89199499118
188.973245232641
192.033344211621
195.072160477906
198.093414452678
201.096255632217
204.075258420274
207.034752855012
209.974902078568
212.900910202597
215.808780204398
218.699874668393
221.571910456807
224.426680447152
227.263656468135
230.083749390608
232.88884376218
235.67830772513
238.451024321653
241.21024393634
243.95308611589
246.680904138276
249.393637099262
252.08993069305
254.771430513951
257.439510893309
260.094991615745
262.734664453449
265.36214302309
267.975773893713
270.574987927687
273.160885134408
275.735194540006
278.297279046775
280.849098171069
283.386954924211
285.912087496389
288.424731609586
290.925713995007
293.414365970938
295.890858270227
298.356030129716
300.809704483347
303.252369358238
305.681351672083
308.102345363644
310.511563208287
312.911604148042
315.299564761083
317.673871581322
320.038691991034
322.391994619387
324.736311862855
327.071567581739
329.39646848528
