# <P(N_1)> as a function of N_tot.
# number_of_species: 1
# species_total_upper_bound: 369
# species_total_lower_bound: 342
# volume: 729
# Bin widths for each species index 
1	1	1	1	1	1	1	1	1	1	1	1	1	1	1	1	1	1	1	1	1	1	1	1	1	1	1	1	
# Bin lower bound for each species index 
342	343	344	345	346	347	348	349	350	351	352	353	354	355	356	357	358	359	360	361	362	363	364	365	366	367	368	369	
# Bin upper bound for each species index 
342	343	344	345	346	347	348	349	350	351	352	353	354	355	356	357	358	359	360	361	362	363	364	365	366	367	368	369	
# Unnormalized histogram for each species index 
7285991	
7212310	
7193719	
7162381	
7156035	
7162696	
7184143	
7214878	
7230340	
7226142	
7206169	
7171936	
7119610	
7098797	
7103262	
7103072	
7101757	
7133442	
7129492	
7139222	
7175845	
7194230	
7219777	
7278165	
7268320	
7240908	
7244709	
7247853	
