# <P(U)> as a function of N_tot.
# number_of_species: 1
# species_total_upper_bound: 222
# species_total_lower_bound: 183
# volume: 729
# Bin widths for each
10	10	10	10	10	10	10	10	10	10	10	10	10	10	10	10	10	10	10	10	10	10	10	10	10	10	10	10	10	10	10	10	10	10	10	10	10	10	10	10	
# Bin lower bound for each
-630	-630	-640	-640	-640	-640	-650	-650	-660	-670	-670	-670	-680	-680	-700	-700	-710	-710	-710	-720	-720	-730	-730	-730	-730	-730	-730	-740	-740	-750	-760	-760	-770	-780	-790	-800	-800	-800	-800	-810	
# Bin upper bound for each
-410	-420	-420	-420	-430	-430	-430	-440	-440	-440	-450	-450	-450	-460	-460	-460	-470	-480	-490	-490	-490	-490	-500	-500	-500	-510	-520	-520	-520	-530	-540	-540	-550	-550	-550	-560	-560	-570	-570	-570	
# Normalized histogram for each
7.24188474395592e-06	2.3174031180659e-05	4.34513084637355e-05	0.000275191620270325	0.00110511161192767	0.00265777170103182	0.0107281280596963	0.0185189476672441	0.0319801630293094	0.0524254520384457	0.0808150886117017	0.115565996744049	0.136557323862879	0.142100262445903	0.132927691229209	0.111149895427184	0.0773693998505275	0.0451154935778966	0.0261475490565273	0.0104036916231671	0.00354273001674324	0.000534451094103947	5.79350779516474e-06	
5.36908076983912e-05	1.3059926196906e-05	0.000133501467790594	0.000750220204866709	0.00203009297216349	0.00559400172100805	0.0141177802188553	0.0243262891961035	0.0408050138507773	0.0642911144615465	0.0937644656821417	0.126247404339668	0.139910989347454	0.13632966736368	0.127116614983218	0.0965259145213319	0.0628878979468345	0.0375371300957293	0.0188004893119015	0.00650529434896993	0.00193141797423131	0.000327949257833416	
1.01765781692045e-05	6.10594690152271e-05	4.94290939647076e-05	0.000152648672538068	0.00112523878613776	0.00339316192098905	0.00912693682089513	0.0192061105990515	0.0319777162014032	0.0500396886548599	0.0779438659948187	0.107887720359262	0.131055427459897	0.138955359712962	0.132577552794634	0.11685183192945	0.0849468055721127	0.0490627371506163	0.0268777967417504	0.0130739953536652	0.00459254434807386	0.000875185722551588	0.000157010063182012	
1.45089658154256e-06	6.96430359140431e-05	0.000137835175246544	0.000517970079610695	0.00195290679875629	0.00572378701418542	0.0123166610807148	0.024013789321111	0.041962830931374	0.0612437956034932	0.0918243428526658	0.11913311831046	0.13750291992937	0.136953030124966	0.126613941084893	0.103673815234124	0.0671968242775623	0.0369340233797475	0.0202675743475681	0.00861252210803666	0.00299029785455922	0.000316295454776279	4.06251042831918e-05	
1.74285357415697e-05	0.000233832854532726	0.000286118461757435	0.000917902882389336	0.00318070777283647	0.00762934152087212	0.0165237042609865	0.0298884864188135	0.0505514679184228	0.0736660634456796	0.107137566337364	0.125928432622733	0.136911314895879	0.136934552943534	0.115700786898389	0.0894505073156279	0.0542477698736141	0.0282109898536874	0.0147706840409803	0.00627572524494355	0.00144075895463643	9.58569465786332e-05	
4.78026705758628e-05	0.000376627101506798	0.000614191888611086	0.00144711720925112	0.00490194658268848	0.0104803733823142	0.0213417195634602	0.0384927383397698	0.0622376285239984	0.0887434850754268	0.11495962847185	0.131993313420382	0.133974951400618	0.129987049821971	0.108226694749528	0.0745895488876463	0.0416390232031266	0.0205928110577717	0.0108729347073463	0.00391257615834562	0.000509895152809204	5.79426310010459e-05	
1.43942054686465e-06	0.000181366988904946	0.00070819490905741	0.00106948946632044	0.00234481607084252	0.00664292582378038	0.0149584583230175	0.0286487871442472	0.0484091524116052	0.0767988438574168	0.102003097633017	0.126109073531359	0.134564229823642	0.130913859316793	0.116470713549553	0.0931765708396428	0.060524755154565	0.0308669342069656	0.0150289899298139	0.0083889429471272	0.00199647629850128	0.00018568525054554	7.19710273432327e-06	
7.676464539079e-05	0.000401203901382053	0.00111381155293429	0.00162509305902767	0.00405259392081944	0.00904519265029214	0.0195749845746514	0.0371917464970699	0.061188664324138	0.0886805461007905	0.112373302125367	0.13173682182781	0.13704516947606	0.121570575676905	0.106224888546425	0.0791559365141899	0.0473377151944753	0.0239737435944973	0.0114842806283693	0.0051446796307186	0.000958833872617037	4.34516860702585e-05	
4.76450358204042e-05	0.000267100958387114	0.000684355969056715	0.00137159951604194	0.00290779097400891	0.00604658818229857	0.0140292973656627	0.0262841780942563	0.0475338640701566	0.0748575702186763	0.101937276032237	0.12404312886394	0.13414532024683	0.129580059541857	0.114353861124827	0.0913860662814638	0.0652390481388117	0.0363603812757897	0.0173384616717344	0.00799281570611387	0.00301174377943525	0.000560190118130813	2.16568344638201e-05	
3.63523208775741e-05	2.47195781967504e-05	0.000295180845525902	0.00100623224189125	0.0019121320781604	0.00495845656770111	0.00838429928720369	0.0188028744507164	0.0343747546218341	0.0600016867476887	0.0866886525503334	0.112724184762852	0.126990289568047	0.133046586226251	0.124518331748372	0.107061947262961	0.0804767679587736	0.0519067519346705	0.0269705139054898	0.0122042011650192	0.00569568163509831	0.00167366085320351	0.000238471224956886	7.27046417551482e-06	
7.02810656952262e-05	5.56391770087207e-05	0.000667670124104649	0.00156082533398148	0.00263407577470233	0.0067118417738941	0.0116168744838734	0.0252645789285652	0.0466783411325794	0.0730454542792384	0.101143238668642	0.121502784887228	0.131143004398423	0.128656811699455	0.116779311596962	0.0950580697305307	0.0647347182607779	0.040109989867813	0.0193229004995812	0.00876756294547946	0.00358579853932518	0.000809696444363751	8.053038777578e-05	
0.000154030539121556	0.000111488771173698	0.00108994943397444	0.0018424986393969	0.00411628278833417	0.00968632047447274	0.0184675281619169	0.0350324124263037	0.0582939577486896	0.0842767092622231	0.111952329748578	0.127221890526828	0.129811070541586	0.124532957401021	0.109225255727369	0.0794548199089606	0.0542803619864365	0.027665351783747	0.0137923345601988	0.00678321155141026	0.00199066134845669	0.000178968816884094	3.96078529169717e-05	
1.31719718002719e-05	0.000185871157626059	0.000319054428051031	0.00146794307951919	0.00301491798984002	0.00610740425805942	0.0131836802196499	0.0256224122563734	0.0443632010233159	0.0677273518921537	0.0979204383632215	0.120134237028169	0.130560584484295	0.129888813922481	0.119984954681099	0.0963749270053229	0.0662667265747458	0.041146312799205	0.0205394946938907	0.00935941774030433	0.00490143706212341	0.000840079090372898	7.46411735348743e-05	2.92710484450487e-06	
0.000147743978701462	0.000163834907074889	0.000690447108387031	0.00206987851349078	0.00412366609860813	0.0102601610555649	0.0182134681070486	0.0340147597697534	0.057121332913994	0.0810017334318293	0.108496741587004	0.124518917811926	0.130677354943938	0.125345406405652	0.11044666954353	0.0815927093466352	0.0548832310584174	0.031317335049699	0.014543273626237	0.00685034705206878	0.00309238387103852	0.000393496339313795	3.51074800874761e-05	
4.86108349131855e-05	1.62036116377285e-05	0.000225377507324769	0.000390359734908914	0.00124915115170852	0.00303891370987581	0.00718851134473773	0.0140175971222386	0.0254293588820097	0.0438617036477276	0.0712487534266956	0.0943109119539935	0.116039955160187	0.129477168374675	0.127634375814784	0.119058246091615	0.0968710825927546	0.0677148930340674	0.0437600628110909	0.0227601821285948	0.00968092142574106	0.00456205320382228	0.00121085170601935	0.000179712783618443	2.50419452583077e-05	
3.24831604343294e-05	0.000194898962605976	0.000332214140805641	0.000739730153527228	0.00179838588222787	0.00463770940564675	0.0109040063548874	0.0184031868933401	0.0341176540070931	0.0541494284440271	0.0824806503719322	0.104456984913048	0.122848359748049	0.132275858810467	0.123199768483657	0.110835496416517	0.0859666840894527	0.0556141236781568	0.0322823554425535	0.0150559448613117	0.00663394726506554	0.00213945906678833	0.000788454894178722	0.000110738046935214	1.47650729246952e-06	
1.47058174743347e-05	4.26468706755705e-05	0.000432351033745439	0.000582350371983653	0.000941172318357419	0.00266910587159174	0.00725290917834186	0.0149896397515893	0.0239498943387014	0.0419439326002973	0.0642688341080848	0.0943392896796044	0.115018610212014	0.131637654539759	0.128511197744716	0.117055365932209	0.102089255488579	0.0705364535156463	0.0426233413676116	0.0238763652513298	0.0105808356727838	0.00489703721895345	0.00126175913929791	0.000447056851219774	3.82351254332702e-05	
4.11199910710877e-05	0.000118954259884218	0.000506657032840187	0.000751908408157031	0.0019987252802768	0.00427647907139312	0.0115517803487563	0.0190987672814105	0.0315684045737179	0.0512413831590139	0.080354336837344	0.104789891531338	0.122417150560847	0.132241891284618	0.125762555548702	0.110232416063818	0.0874886552881777	0.0566648162670685	0.031383364613898	0.0163833792996091	0.00698452419764617	0.00305609647924762	0.000973662645718968	0.000113079975445491	
5.30818433554803e-05	0.000135653599686227	0.000395164833868575	0.000855207476282738	0.00314509921881221	0.00727811052229585	0.0154556633903373	0.0261074199570037	0.0406828094450293	0.0625481054205409	0.0933208296102318	0.114058136414439	0.128915154571379	0.12916434433602	0.118384306647911	0.0996596864042654	0.0737542723511423	0.0435860913774443	0.0246417712821329	0.0111324421481632	0.00460337541543915	0.00160572576150328	0.000517547972715932	
5.9247936320318e-06	7.10975235843816e-05	0.000316976459313702	0.000593960561611188	0.0012101390993425	0.00433694893864728	0.0111534240122999	0.0192540981056954	0.0312340308296637	0.0516775312569894	0.0735607565368989	0.104368202225056	0.121070195473754	0.133464863751964	0.126159593203669	0.110531468800777	0.0885608528147954	0.0603025495868197	0.0329137098243447	0.018263176370738	0.0072475038103829	0.00276391622934284	0.000835395902116484	0.000103683888560557	
0.000270025667274966	5.93463004999926e-05	0.000381299980712452	0.000916900342724885	0.00226257770656222	0.0063648907286242	0.0143558700909482	0.0251568967819469	0.0403183929021825	0.0637008352991795	0.0868399578641266	0.114459726116823	0.128593047580896	0.131156807762496	0.11878458776576	0.0993546089820626	0.075976617557603	0.0484755419059064	0.0234462396700346	0.012093292384386	0.00467203750686192	0.00191836916366226	0.000381299980712452	6.08299580124924e-05	
5.79175521369349e-05	0.000212364357835428	0.000170782525531988	0.000836091842387035	0.00153704272978789	0.00377355128153722	0.00960837339297356	0.0176782189907198	0.0320818686875437	0.0494497090014271	0.0747819552668588	0.0999003521090157	0.121445681503955	0.135694884395081	0.127754239490563	0.110231952370981	0.0860372662321365	0.0635548605449299	0.0368415034208482	0.0172980422382312	0.00695456145275042	0.00305180947798465	0.000853912627659938	0.000188603310804891	4.45519631822576e-06	
2.81709353047057e-05	0.000220919440021113	0.000585658918176777	0.00114314690104885	0.00267475617314153	0.0052857570716461	0.0125390315722051	0.0228421804896998	0.0407144149193273	0.0599003045426375	0.0862164061596491	0.111589522784356	0.131097154142462	0.133513923855445	0.117606241493119	0.101608115601657	0.0760585599610945	0.0518404516838806	0.0255347288325075	0.0114611226265987	0.00531392800695081	0.00167839467183826	0.000427012071987118	0.000120097145246377	
0.000152469558406304	0.000179375951066241	0.000871468162263485	0.0019133434780399	0.00384163495200199	0.00759208712887863	0.0161587835918838	0.0315148598027462	0.0490757654121312	0.0718056880114083	0.0982427135993877	0.123881516205122	0.13469340165564	0.126877094587929	0.110840884562607	0.0894308700032587	0.0651209442350064	0.0379380136505099	0.017725333564529	0.00734693999575477	0.00319289192897908	0.00117192288029944	0.000378184296831324	5.38127853198722e-05	
5.07859119880145e-05	0.000342058054272215	0.00143992997518959	0.00287537884049788	0.00630641530627639	0.0106979029899459	0.0232315673279291	0.0415757374786587	0.0614031550000971	0.0848946267011413	0.109833496893844	0.127550311661192	0.130046289865074	0.120562767652959	0.103325431642909	0.0758218728948119	0.0517120080301489	0.0282713222410927	0.0124500169535324	0.00486947273767433	0.00204637351245823	0.000551176515399334	0.000135926999732627	5.97481317506053e-06	
0.000150254465607348	0.0006739135932686	0.00245613982888843	0.00450168329631519	0.00954041473207844	0.0160087950930759	0.0318301440211368	0.0513766135618788	0.0734431926544906	0.0943419523856987	0.118098522299399	0.128216152206286	0.131599109184416	0.112046688971769	0.0876682738439704	0.065531774356472	0.0395570914900929	0.0200061589454219	0.00791141829801858	0.00363883587005518	0.0011901343810483	0.000202322844778211	1.04136758341726e-05	
0.000355522900118804	0.00185464446228643	0.00376706139584216	0.0065490280892718	0.0127928990226083	0.0231075071623051	0.0411473316525001	0.0625335154400633	0.0847418459341512	0.103083864889447	0.125438848579834	0.128552636646708	0.124810758122958	0.0999567447138189	0.0772254992874729	0.0525433219467249	0.0292032435539254	0.0141024083713792	0.00531654870219328	0.00237607804912734	0.000442922279731343	9.77687975326711e-05	
0.000144245425412475	0.000689998735993695	0.00215475898373893	0.00493111165636873	0.00964957284022217	0.0173912396927721	0.0307331980103054	0.0498286156156826	0.0735696281590864	0.0958235744611244	0.116932479757311	0.12976883555278	0.128153881614657	0.110320983248199	0.0888536949878432	0.0639066717226919	0.0418311733696178	0.0209557374733257	0.00928524161108757	0.00362992869517373	0.00116437286698936	0.000202241008825738	7.88145107923833e-05	
0.000257041686548004	0.00152895485963899	0.00324995235865292	0.00686774023426247	0.0124428857804244	0.0220095637234409	0.0410912158219499	0.0602703664912185	0.0860158981760381	0.105973560160311	0.123210125669749	0.127587220596425	0.123957614712239	0.102437021093668	0.0758982055831227	0.0523921865236294	0.0320312349966688	0.0145213780388901	0.00544514745181576	0.00208144676060999	0.000583514173485411	0.000143293353995152	4.4317532163449e-06	
3.28688860136914e-05	0.000412355115444492	0.00241138100118627	0.00457026919617645	0.0091584668756331	0.0180674290256168	0.0299256266751927	0.0504163890241825	0.0726282857680712	0.095836707374284	0.115970394097943	0.123941098956263	0.126434652172484	0.112023139695754	0.0915428356286772	0.0648518061452864	0.043328661967412	0.023038101015051	0.0102296937516248	0.00367235099189334	0.00122959514496673	0.000274903410296328	2.98808054669922e-06	
1.50245124921309e-05	0.000139727966176817	0.000878933980789658	0.00323477753955579	0.00703147184631727	0.0136693014653407	0.0233195458390364	0.0400072718640462	0.0610010231693007	0.0830119339702725	0.107422259416238	0.120815109851723	0.125185740535684	0.121047989795351	0.10279771447116	0.0788140851799711	0.0529223428022819	0.0329908245302211	0.0161363264165486	0.00636588594291587	0.00245801024371262	0.000677605513395104	5.70931474700975e-05	
9.06705997557939e-05	0.000333970042433841	0.00155046725582407	0.00500803945984501	0.0100342130396412	0.0173830651498483	0.0301494855954641	0.0493701415670297	0.0726951533542077	0.0961984839875721	0.116476963622955	0.125066491773154	0.122080406687863	0.111555061232878	0.0936189054245198	0.0652435412309441	0.0429038166277791	0.0245974225370843	0.00974406712042265	0.00388976872952356	0.00168193962546998	0.000323391805795665	4.53352998778969e-06	
6.01507377487985e-05	0.000300753688743992	0.000959404267093336	0.00258648172319833	0.00715041894988842	0.0142436946989155	0.023702398209914	0.0400393385824877	0.0606770567041005	0.0842005064692118	0.105665297234871	0.12213005792516	0.121244338311809	0.117626271436219	0.103549495034557	0.0806967259953443	0.0566905665597989	0.0324498192470331	0.0166752882724107	0.00537296464941142	0.00285114496929305	0.00100000601507377	0.000127820317716197	
5.52573649106772e-05	0.000436085150105885	0.000681009686466725	0.00184738811877048	0.00413534171453149	0.0114069122483176	0.018266292708716	0.0293476345367491	0.0475960059379266	0.0739209132698322	0.0962508624629253	0.117698187259742	0.124627759508	0.119911468740759	0.111282359160924	0.0927039370125778	0.0654680298807934	0.0449929360179452	0.0227107769782883	0.0106751255238249	0.00374555327556699	0.0018369340227063	0.000383814669784974	1.94147498334812e-05	
5.79827360120366e-05	0.000121912419307359	0.000551579360524759	0.00108234440555802	0.00323811279574912	0.00611197507039699	0.0146369240009872	0.0229775175657955	0.0361856874819733	0.0577508050679885	0.0844035360548546	0.108733984127598	0.128388644898857	0.121319211315851	0.11769752042033	0.100736826768399	0.0792267184447543	0.0563012366676876	0.0333133119441463	0.0175806629062137	0.00600344328247702	0.0024323014388639	0.000914343144805193	0.000187328839423503	4.6088841445465e-05	
4.44088515722954e-06	0.000355270812578363	0.000278295469853051	0.000741627821257333	0.0019095806176087	0.00474878652813079	0.00877666936573798	0.0198329931121871	0.0300559107441295	0.0476136903607627	0.0688277987568482	0.0963686882069334	0.11970257911807	0.12601751781165	0.122349346671779	0.108258418067889	0.091079593984673	0.0652158788289682	0.0456907870876823	0.0246839199989342	0.0118186756984402	0.00363560464871858	0.00156615216544962	0.000423364384989216	4.44088515722954e-05	
0.000139893859254872	0.00033038762504874	0.000282764183600273	0.000590828320470043	0.00310742955451247	0.00636070589846087	0.0131366286770506	0.0261006223788504	0.0404471841152011	0.0575529289904723	0.0834139459295352	0.106018710059559	0.124954980965506	0.125938702677926	0.118384434278163	0.0992680872342389	0.0775339391431948	0.0551687804529585	0.0335373204075376	0.0172754033854314	0.00711523979891002	0.0022278841202611	0.000860198411162935	0.000251511300149716	1.48823254526459e-06	
0.000200478455298541	0.000620884768275332	0.00041292577359998	0.00125673061530429	0.00453919129384905	0.00925492331699085	0.0205026623239642	0.0357883964865403	0.0482674322749368	0.0682928361866604	0.0930474370924041	0.119323579707391	0.123826864412232	0.123300234440104	0.111682956787916	0.0877018436537348	0.0651405368932721	0.0438509218268674	0.0250852407461988	0.0122366663125878	0.00375523076715924	0.00135397762720283	0.000375523076715924	0.000182525160794194	
0.000425273572628611	0.000772405004703556	0.000452322775127958	0.00171011069134756	0.00606503229374232	0.013135393280377	0.0276953778923863	0.041604678910939	0.0566740901700193	0.0814226077234489	0.106297354888542	0.121003104647354	0.12747688044553	0.11909613587115	0.101076858806168	0.0776943259789557	0.0543418478211867	0.034119563485981	0.0191358080348153	0.00670369401942133	0.00214590339828147	0.000656694527345241	0.000255464690271604	3.90710702768336e-05	
1.05589453122054e-05	0.000463085172978151	0.000454034648424832	0.000749685117166582	0.00324612147312371	0.00862213305779514	0.0192052131021427	0.0367737896808936	0.0484097474149439	0.0687357171409393	0.0930212913590117	0.115804478501233	0.120097443981024	0.125468930303419	0.115893475326007	0.0890677205499702	0.0651848946745205	0.044647746042281	0.0257381834088801	0.0124052523210824	0.0044981107029995	0.00104231874439056	0.00030017573101841	0.000114639977675373	4.52526227665945e-05	
