# <N_i^j*N_k^m*U^p> as a function of N_tot.
# number_of_species: 1
# max_order: 2
# species_total_upper_bound: 222
# species_total_lower_bound: 183
# volume: 729
#	N_tot	N_1^0*N_1^0*U^0	N_1^0*N_1^0*U^1	N_1^0*N_1^0*U^2	N_1^0*N_1^1*U^0	N_1^0*N_1^1*U^1	N_1^0*N_1^1*U^2	N_1^0*N_1^2*U^0	N_1^0*N_1^2*U^1	N_1^0*N_1^2*U^2	N_1^1*N_1^0*U^0	N_1^1*N_1^0*U^1	N_1^1*N_1^0*U^2	N_1^1*N_1^1*U^0	N_1^1*N_1^1*U^1	N_1^1*N_1^1*U^2	N_1^1*N_1^2*U^0	N_1^1*N_1^2*U^1	N_1^1*N_1^2*U^2	N_1^2*N_1^0*U^0	N_1^2*N_1^0*U^1	N_1^2*N_1^0*U^2	N_1^2*N_1^1*U^0	N_1^2*N_1^1*U^1	N_1^2*N_1^1*U^2	N_1^2*N_1^2*U^0	N_1^2*N_1^2*U^1	N_1^2*N_1^2*U^2	
183	1	-502.848309996139	253646.061561669	183	-92021.2407292935	46417229.2657854	33489	-16839887.0534607	8494352955.36179	183	-92021.2407292935	46417229.2657854	33489	-16839887.0534607	8494352955.36179	6128487	-3081699330.78331	1554466590882.49	33489	-16839887.0534607	8494352955.36179	6128487	-3081699330.78331	1554466590882.49	1121513121	-563950977533.391	284467386130183	
184	1	-507.290408611672	258142.680837374	184	-93341.4351845476	47498253.2740769	33856	-17174824.0739568	8739678602.43015	184	-93341.4351845476	47498253.2740769	33856	-17174824.0739568	8739678602.43015	6229504	-3160167629.60804	1608100862847.15	33856	-17174824.0739568	8739678602.43015	6229504	-3160167629.60804	1608100862847.15	1146228736	-581470843847.88	295890558762480	
185	1	-511.804138052564	262744.900236538	185	-94683.7655397242	48607806.5437595	34225	-17516496.624849	8992444210.3078	185	-94683.7655397242	48607806.5437595	34225	-17516496.624849	8992444210.3078	6331625	-3240551875.59706	1663602178956.26	34225	-17516496.624849	8992444210.3078	6331625	-3240551875.59706	1663602178956.26	1171350625	-599502096985.491	307766403107285	
186	1	-516.292168554808	267362.324641702	186	-96030.3433511942	49729392.3833566	34596	-17861643.8633221	9249666983.30432	186	-96030.3433511942	49729392.3833566	34596	-17861643.8633221	9249666983.30432	6434856	-3322265758.57792	1720438058882.53	34596	-17861643.8633221	9249666983.30432	6434856	-3322265758.57792	1720438058882.53	1196883216	-617941431095.453	320001478953967	
187	1	-520.785032147022	272024.35571717	187	-97386.8010114932	50868554.5191109	34969	-18211331.7891492	9512419694.77515	187	-97386.8010114932	50868554.5191109	34969	-18211331.7891492	9512419694.77515	6539203	-3405519044.57091	1778822482986.99	34969	-18211331.7891492	9512419694.77515	6539203	-3405519044.57091	1778822482986.99	1222830961	-636832061334.641	332639804316491	
188	1	-525.254220121397	276698.769378656	188	-98747.7933828226	52019368.6431874	35344	-18564585.1559706	9779641304.91923	188	-98747.7933828226	52019368.6431874	35344	-18564585.1559706	9779641304.91923	6644672	-3490142009.32248	1838572565379.45	35344	-18564585.1559706	9779641304.91923	6644672	-3490142009.32248	1838572565379.45	1249198336	-656146697752.627	345651642283225	
189	1	-529.888980594217	281600.252039367	189	-100149.017332307	53222447.6354404	35721	-18928164.275806	10059042602.7882	189	-100149.017332307	53222447.6354404	35721	-18928164.275806	10059042602.7882	6751269	-3577423048.12734	1901159051991.63	35721	-18928164.275806	10059042602.7882	6751269	-3577423048.12734	1901159051991.63	1275989841	-676132956095.93	359319060825820	
190	1	-534.435204872605	286443.14121902	190	-101542.688925795	54424196.8316137	36100	-19293110.895901	10340597398.0066	190	-101542.688925795	54424196.8316137	36100	-19293110.895901	10340597398.0066	6859000	-3665691070.2212	1964713505614.36	36100	-19293110.895901	10340597398.0066	6859000	-3665691070.2212	1964713505614.36	1303210000	-696481303342.031	373295566068298	
191	1	-539.206247570799	291576.715554763	191	-102988.393286023	55691152.6709597	36481	-19670783.1176303	10637010159.8323	191	-102988.393286023	55691152.6709597	36481	-19670783.1176303	10637010159.8323	6967871	-3757119575.46739	2031668940583.92	36481	-19670783.1176303	10637010159.8323	6967871	-3757119575.46739	2031668940583.92	1330863361	-717609838900.014	388048767652181	
192	1	-543.812715150349	296574.483302451	192	-104412.041308867	56942300.7940705	36864	-20047111.9313025	10932921752.4615	192	-104412.041308867	56942300.7940705	36864	-20047111.9313025	10932921752.4615	7077888	-3849045490.81007	2099120976472.62	36864	-20047111.9313025	10932921752.4615	7077888	-3849045490.81007	2099120976472.62	1358954496	-739016734235.534	403031227482742	
193	1	-548.412473289329	301598.307629152	193	-105843.607344841	58208473.3724263	37249	-20427816.2175542	11234235360.5472	193	-105843.607344841	58208473.3724263	37249	-20427816.2175542	11234235360.5472	7189057	-3942568529.98802	2168207424649.63	37249	-20427816.2175542	11234235360.5472	7189057	-3942568529.98802	2168207424649.63	1387488001	-760915726269.228	418464032960708	
194	1	-552.893920408371	306535.492232534	194	-107261.420559224	59467885.4931116	37636	-20808715.5884894	11536769785.6637	194	-107261.420559224	59467885.4931116	37636	-20808715.5884894	11536769785.6637	7301384	-4036890824.16695	2238133338423.68	37636	-20808715.5884894	11536769785.6637	7301384	-4036890824.16695	2238133338423.68	1416468496	-783156819888.525	434197867650329	
195	1	-557.560626324258	311720.429487843	195	-108724.32213323	60785483.7501293	38025	-21201242.8159799	11853169330.9353	195	-108724.32213323	60785483.7501293	38025	-21201242.8159799	11853169330.9353	7414875	-4134242349.11605	2311368019601.02	38025	-21201242.8159799	11853169330.9353	7414875	-4134242349.11605	2311368019601.02	1445900625	-806177258077.581	450716763820492	
196	1	-562.291723153719	317028.486082024	196	-110209.177738129	62137583.2720768	38416	-21600998.8366733	12178966321.3271	196	-110209.177738129	62137583.2720768	38416	-21600998.8366733	12178966321.3271	7529536	-4233795771.98796	2387077398940.11	38416	-21600998.8366733	12178966321.3271	7529536	-4233795771.98796	2387077398940.11	1475789056	-829823971309.64	467867170199842	
197	1	-566.914677788412	322256.608894016	197	-111682.191524317	63484551.9521211	38809	-22001391.7302905	12506456734.22	197	-111682.191524317	63484551.9521211	38809	-22001391.7302905	12506456734.22	7645373	-4334274170.86696	2463771976705.03	38809	-22001391.7302905	12506456734.22	7645373	-4334274170.86696	2463771976705.03	1506138481	-853852011660.695	485363079411501	
198	1	-571.697173730183	327708.851420948	198	-113196.040398576	64886352.5813477	39204	-22412815.9989181	12847497811.1068	198	-113196.040398576	64886352.5813477	39204	-22412815.9989181	12847497811.1068	7762392	-4437737567.78578	2543804566607.52	39204	-22412815.9989181	12847497811.1068	7762392	-4437737567.78578	2543804566607.52	1536953616	-878672038421.406	503673304186578	
199	1	-576.327587141816	333034.698062291	199	-114689.189841221	66273904.914396	39601	-22823148.7784031	13188507077.6097	199	-114689.189841221	66273904.914396	39601	-22823148.7784031	13188507077.6097	7880599	-4541806606.902	2624512908514.05	39601	-22823148.7784031	13188507077.6097	7880599	-4541806606.902	2624512908514.05	1568239201	-903819514773.158	522278068794676	
200	1	-581.050730962621	338503.777239723	200	-116210.146192524	67700755.4479446	40000	-23242029.2385048	13540151089.5889	200	-116210.146192524	67700755.4479446	40000	-23242029.2385048	13540151089.5889	8000000	-4648405847.70097	2708030217845.9	40000	-23242029.2385048	13540151089.5889	8000000	-4648405847.70097	2708030217845.9	1600000000	-929681169540.193	541606043581724	
201	1	-585.644764158488	343866.500184223	201	-117714.597595856	69117166.5370288	40401	-23660634.1167671	13892550473.5782	201	-117714.597595856	69117166.5370288	40401	-23660634.1167671	13892550473.5782	8120601	-4755787457.47025	2792402645260.89	40401	-23660634.1167671	13892550473.5782	8120601	-4755787457.47025	2792402645260.89	1632240801	-955913278951.073	561272931695227	
202	1	-590.264645671085	349302.143667783	202	-119233.458425559	70559033.0208921	40804	-24085158.601963	14252924670.2202	202	-119233.458425559	70559033.0208921	40804	-24085158.601963	14252924670.2202	8242408	-4865202037.59652	2879090783377.42	40804	-24085158.601963	14252924670.2202	8242408	-4865202037.59652	2879090783377.42	1664966416	-982770811594.521	581576338243865	
203	1	-595.184104409076	355142.57573618	203	-120822.373195042	72093942.8744445	41209	-24526941.7585936	14635070403.1407	203	-120822.373195042	72093942.8744445	41209	-24526941.7585936	14635070403.1407	8365427	-4978969176.99409	2970919291926.65	41209	-24526941.7585936	14635070403.1407	8365427	-4978969176.99409	2970919291926.65	1698181681	-1010730742930.02	603096616256357	
204	1	-599.958474168895	360851.797079556	204	-122391.528730455	73613766.6042295	41616	-24967871.8610127	15017208387.2628	204	-122391.528730455	73613766.6042295	41616	-24967871.8610127	15017208387.2628	8489664	-5093445859.6466	3063510511032.41	41616	-24967871.8610127	15017208387.2628	8489664	-5093445859.6466	3063510511032.41	1731891456	-1039062955367.92	624956144244849	
205	1	-604.767586250527	366651.646269507	205	-123977.355181358	75163587.4852488	42025	-25415357.8121784	15408535434.0865	205	-123977.355181358	75163587.4852488	42025	-25415357.8121784	15408535434.0865	8615125	-5210148351.49636	3158749764058.81	42025	-25415357.8121784	15408535434.0865	8615125	-5210148351.49636	3158749764058.81	1766100625	-1068080412056.5	647543701634520	
206	1	-609.378050523254	372246.407686195	206	-125531.87840779	76682759.9833562	42436	-25859566.9520048	15796648556.4947	206	-125531.87840779	76682759.9833562	42436	-25859566.9520048	15796648556.4947	8741816	-5327070792.11299	3254109602652.43	42436	-25859566.9520048	15796648556.4947	8741816	-5327070792.11299	3254109602652.43	1800814096	-1097376583175.37	670346578147198	
207	1	-614.172950982799	378123.820683081	207	-127133.800853439	78271630.8813978	42849	-26316696.776662	16202227592.0098	207	-127133.800853439	78271630.8813978	42849	-26316696.776662	16202227592.0098	8869743	-5447556232.76931	3353861111635.77	42849	-26316696.776662	16202227592.0098	8869743	-5447556232.76931	3353861111635.77	1836036801	-1127644140182.55	694249250108237	
208	1	-619.203810634074	384330.538370462	208	-128794.392611887	79940751.9810561	43264	-26789233.6632726	16627676412.0597	208	-128794.392611887	79940751.9810561	43264	-26789233.6632726	16627676412.0597	8998912	-5572160601.96069	3458556693708.41	43264	-26789233.6632726	16627676412.0597	8998912	-5572160601.96069	3458556693708.41	1871773696	-1159009405207.82	719379792270081	
209	1	-624.074576024622	390394.6272903	209	-130431.586389146	81592477.1036727	43681	-27260201.5553315	17052827714.1816	209	-130431.586389146	81592477.1036727	43681	-27260201.5553315	17052827714.1816	9129329	-5697382125.06306	3564040992374.26	43681	-27260201.5553315	17052827714.1816	9129329	-5697382125.06306	3564040992374.26	1908029761	-1190752864138.25	744884567409366	
210	1	-628.841382475164	396366.276786519	210	-132056.690319784	83236918.1251689	44100	-27731904.9671547	17479752806.0382	210	-132056.690319784	83236918.1251689	44100	-27731904.9671547	17479752806.0382	9261000	-5823700043.1025	3670748089320.43	44100	-27731904.9671547	17479752806.0382	9261000	-5823700043.1025	3670748089320.43	1944810000	-1222977009051.18	770857098757178	
211	1	-633.497459516014	402242.885091792	211	-133667.963957879	84873248.7543681	44521	-28203940.3951125	17908255486.6448	211	-133667.963957879	84873248.7543681	44521	-28203940.3951125	17908255486.6448	9393931	-5951031423.36735	3778641907820.26	44521	-28203940.3951125	17908255486.6448	9393931	-5951031423.36735	3778641907820.26	1982119441	-1255667630330.37	797293442538573	
212	1	-638.19715541562	408220.751294473	212	-135297.796948111	86542799.2744283	44944	-28683132.9529996	18347073446.1788	212	-135297.796948111	86542799.2744283	44944	-28683132.9529996	18347073446.1788	9528128	-6080824186.03592	3889579570545.73	44944	-28683132.9529996	18347073446.1788	9528128	-6080824186.03592	3889579570545.73	2019963136	-1289134727439.63	824590868969827	
213	1	-643.104581813033	414516.14204842	213	-136981.275926176	88291938.2563134	45369	-29177011.7722755	18806182848.038	213	-136981.275926176	88291938.2563134	45369	-29177011.7722755	18806182848.038	9663597	-6214703507.49373	4005716946734.32	45369	-29177011.7722755	18806182848.038	9663597	-6214703507.49373	4005716946734.32	2058346161	-1323731847095.39	853217709661700	
214	1	-647.970058484571	420807.80778631	214	-138665.592515698	90052870.8662705	45796	-29674436.7983594	19271314364.9914	214	-138665.592515698	90052870.8662705	45796	-29674436.7983594	19271314364.9914	9800344	-6350329474.84892	4124061274196.29	45796	-29674436.7983594	19271314364.9914	9800344	-6350329474.84892	4124061274196.29	2097273616	-1358970507617.69	882549112677801	
215	1	-652.957013526055	427309.465972174	215	-140385.757908102	91871535.1840175	46225	-30182937.9502419	19752380063.9691	215	-140385.757908102	91871535.1840175	46225	-30182937.9502419	19752380063.9691	9938375	-6489331659.30066	4246761713868.58	46225	-30182937.9502419	19752380063.9691	9938375	-6489331659.30066	4246761713868.58	2136750625	-1395206306750.37	913053768486696	
216	1	-657.940333540868	433842.581885891	216	-142115.112044828	93709997.6873525	46656	-30696864.2016828	20241359500.4681	216	-142115.112044828	93709997.6873525	46656	-30696864.2016828	20241359500.4681	10077696	-6630522667.56347	4372133652240.61	46656	-30696864.2016828	20241359500.4681	10077696	-6630522667.56347	4372133652240.61	2176782336	-1432192896193.71	944380868856746	
217	1	-662.769130748115	440223.790055678	217	-143820.901372341	95528562.4420822	47089	-31209135.597798	20729698049.2914	217	-143820.901372341	95528562.4420822	47089	-31209135.597798	20729698049.2914	10218313	-6772382424.72275	4498344476850.8	47089	-31209135.597798	20729698049.2914	10218313	-6772382424.72275	4498344476850.8	2217373921	-1469606986164.52	976140751475823	
218	1	-667.739713120559	446842.530106347	218	-145567.257460282	97411671.5631837	47524	-31733662.1263415	21235744400.2168	218	-145567.257460282	97411671.5631837	47524	-31733662.1263415	21235744400.2168	10360232	-6917938343.54244	4629392279357.23	47524	-31733662.1263415	21235744400.2168	10360232	-6917938343.54244	4629392279357.23	2258530576	-1508110558892.31	1.00920751690468e+15	
219	1	-672.763137169854	453572.233394568	219	-147335.127040198	99332319.1134104	47961	-32266392.8218034	21753777885.1546	219	-147335.127040198	99332319.1134104	47961	-32266392.8218034	21753777885.1546	10503459	-7066340027.97528	4764077357008.87	47961	-32266392.8218034	21753777885.1546	10503459	-7066340027.97528	4764077357008.87	2300257521	-1547528466123.75	1.04333294117959e+15	
220	1	-677.820094846206	460405.870768843	220	-149120.420866165	101289291.569146	48400	-32806492.5905564	22283644145.212	220	-149120.420866165	101289291.569146	48400	-32806492.5905564	22283644145.212	10648000	-7217428369.9224	4902401711972.76	48400	-32806492.5905564	22283644145.212	10648000	-7217428369.9224	4902401711972.76	2342560000	-1587834241383.22	1.0785283766289e+15	
221	1	-682.736543469513	467094.79387128	221	-150884.776106762	103227949.445553	48841	-33345535.5195945	22813376826.7533	221	-150884.776106762	103227949.445553	48841	-33345535.5195945	22813376826.7533	10793861	-7369363349.82905	5041756278872.39	48841	-33345535.5195945	22813376826.7533	10793861	-7369363349.82905	5041756278872.39	2385443281	-1628629300312.2	1.11422813763103e+15	
222	1	-687.482735307908	473591.894054322	222	-152621.167238356	105137400.48006	49284	-33881899.1269149	23340502905.891	222	-152621.167238356	105137400.48006	49284	-33881899.1269149	23340502905.891	10941048	-7521781606.17511	5181591645252.3	49284	-33881899.1269149	23340502905.891	10941048	-7521781606.17511	5181591645252.3	2428912656	-1669835516570.63	1.15031334524655e+15	
