# <N_i^j*N_k^m*U^p> as a function of N_tot.
# number_of_species: 1
# max_order: 2
# species_total_upper_bound: 222
# species_total_lower_bound: 183
# volume: 729
#	N_tot	N_1^0*N_1^0*U^0	N_1^0*N_1^0*U^1	N_1^0*N_1^0*U^2	N_1^0*N_1^1*U^0	N_1^0*N_1^1*U^1	N_1^0*N_1^1*U^2	N_1^0*N_1^2*U^0	N_1^0*N_1^2*U^1	N_1^0*N_1^2*U^2	N_1^1*N_1^0*U^0	N_1^1*N_1^0*U^1	N_1^1*N_1^0*U^2	N_1^1*N_1^1*U^0	N_1^1*N_1^1*U^1	N_1^1*N_1^1*U^2	N_1^1*N_1^2*U^0	N_1^1*N_1^2*U^1	N_1^1*N_1^2*U^2	N_1^2*N_1^0*U^0	N_1^2*N_1^0*U^1	N_1^2*N_1^0*U^2	N_1^2*N_1^1*U^0	N_1^2*N_1^1*U^1	N_1^2*N_1^1*U^2	N_1^2*N_1^2*U^0	N_1^2*N_1^2*U^1	N_1^2*N_1^2*U^2	
183	1	-502.783790901482	253577.412056436	183	-92009.4337349712	46404666.4063278	33489	-16837726.3734997	8492053952.13359	183	-92009.4337349712	46404666.4063278	33489	-16837726.3734997	8492053952.13359	6128487	-3081303926.35045	1554045873280.93	33489	-16837726.3734997	8492053952.13359	6128487	-3081303926.35045	1554045873280.93	1121513121	-563878618522.171	284390394810183	
184	1	-507.207149973334	258055.175644797	184	-93326.1155950934	47482152.3186427	33856	-17172005.2694972	8736716026.63026	184	-93326.1155950934	47482152.3186427	33856	-17172005.2694972	8736716026.63026	6229504	-3159648969.58748	1607555748899.97	33856	-17172005.2694972	8736716026.63026	6229504	-3159648969.58748	1607555748899.97	1146228736	-581375410404.097	295790257796728	
185	1	-511.696593517641	262632.20036145	185	-94663.8698007636	48586957.0668682	34225	-17512815.9131413	8988587057.13287	185	-94663.8698007636	48586957.0668682	34225	-17512815.9131413	8988587057.13287	6331625	-3239870943.93113	1662888605613.24	34225	-17512815.9131413	8988587057.13287	6331625	-3239870943.93113	1662888605613.24	1171350625	-599376124627.281	307634392038507	
186	1	-516.176679182639	267243.707950022	186	-96008.8623279708	49707329.6787041	34596	-17857648.3930026	9245563320.23896	186	-96008.8623279708	49707329.6787041	34596	-17857648.3930026	9245563320.23896	6434856	-3321522601.09848	1719674777556.11	34596	-17857648.3930026	9245563320.23896	6434856	-3321522601.09848	1719674777556.11	1196883216	-617803203804.348	319859508625781	
187	1	-520.650966952622	271883.94024999	187	-97361.7308201403	50842296.8267481	34969	-18206643.6633662	9507509506.35079	187	-97361.7308201403	50842296.8267481	34969	-18206643.6633662	9507509506.35079	6539203	-3404642365.04949	1777904277741.28	34969	-18206643.6633662	9507509506.35079	6539203	-3404642365.04949	1777904277741.28	1222830961	-636668122264.083	332468099936720	
188	1	-525.119703424669	276556.778611517	188	-98722.5042438378	51992674.3789651	35344	-18559830.7978415	9774622783.24545	188	-98722.5042438378	51992674.3789651	35344	-18559830.7978415	9774622783.24545	6644672	-3489248189.9942	1837629083296.61	35344	-18559830.7978415	9774622783.24545	6644672	-3489248189.9942	1837629083296.61	1249198336	-655978659718.91	345474267652199	
189	1	-529.709489195419	281407.275144521	189	-100115.093457934	53185975.0023144	35721	-18921752.6635496	10052149275.171	189	-100115.093457934	53185975.0023144	35721	-18921752.6635496	10052149275.171	6751269	-3576211253.41087	1899856213060.64	35721	-18921752.6635496	10052149275.171	6751269	-3576211253.41087	1899856213060.64	1275989841	-675903926894.444	359072824268799	
190	1	-534.206095349896	286198.021537697	190	-101499.15811648	54377624.0921624	36100	-19284840.0421313	10331748577.5109	190	-101499.15811648	54377624.0921624	36100	-19284840.0421313	10331748577.5109	6859000	-3664119608.00494	1963032229722.96	36100	-19284840.0421313	10331748577.5109	6859000	-3664119608.00494	1963032229722.96	1303210000	-696182725521.032	372976123647819	
191	1	-538.871922139905	291215.044438761	191	-102924.537128722	55622073.4878034	36481	-19658586.5915859	10623816035.8923	191	-102924.537128722	55622073.4878034	36481	-19658586.5915859	10623816035.8923	6967871	-3754790038.9929	2029148862904.39	36481	-19658586.5915859	10623816035.8923	6967871	-3754790038.9929	2029148862904.39	1330863361	-717164897436.835	387567432815018	
192	1	-543.432143557305	296156.70292295	192	-104338.971563003	56862086.9612064	36864	-20033082.5400965	10917520696.5516	192	-104338.971563003	56862086.9612064	36864	-20033082.5400965	10917520696.5516	7077888	-3846351847.69853	2096163973737.91	36864	-20033082.5400965	10917520696.5516	7077888	-3846351847.69853	2096163973737.91	1358954496	-738499554758.118	402463482957679	
193	1	-548.029029075582	301173.675667894	193	-105769.602611587	58126519.4039035	37249	-20413533.3040364	11218418244.664	193	-105769.602611587	58126519.4039035	37249	-20413533.3040364	11218418244.664	7189057	-3939811927.67902	2165154721273.33	37249	-20413533.3040364	11218418244.664	7189057	-3939811927.67902	2165154721273.33	1387488001	-760383702028.25	417874861209421	
194	1	-552.525579413057	306126.411661995	194	-107189.962406133	59388523.862427	37636	-20794852.7067898	11521373629.3108	194	-107189.962406133	59388523.862427	37636	-20794852.7067898	11521373629.3108	7301384	-4034201425.11722	2235146484092.75	37636	-20794852.7067898	11521373629.3108	7301384	-4034201425.11722	2235146484092.75	1416468496	-782635076472.807	433618417910814	
195	1	-557.162458612626	311278.528311761	195	-108646.679429462	60699313.0207934	38025	-21186102.4887451	11836366038.7534	195	-108646.679429462	60699313.0207934	38025	-21186102.4887451	11836366038.7534	7414875	-4131289985.30529	2308091377614.53	38025	-21186102.4887451	11836366038.7534	7414875	-4131289985.30529	2308091377614.53	1445900625	-805601547134.423	450077818634494	
196	1	-561.949322095126	316648.13593752	196	-110142.067130645	62063034.6437538	38416	-21587845.1576064	12164354790.1758	196	-110142.067130645	62063034.6437538	38416	-21587845.1576064	12164354790.1758	7529536	-4231217650.89085	2384213538817.99	38416	-21587845.1576064	12164354790.1758	7529536	-4231217650.89085	2384213538817.99	1475789056	-829318659574.606	467305853619366	
197	1	-566.631487128341	321939.195992553	197	-111626.402964283	63422021.6105329	38809	-21990401.3839638	12494138256.9634	197	-111626.402964283	63422021.6105329	38809	-21990401.3839638	12494138256.9634	7645373	-4332109072.64087	2461345236681.42	38809	-21990401.3839638	12494138256.9634	7645373	-4332109072.64087	2461345236681.42	1506138481	-853425487309.948	484885011625983	
198	1	-571.416155327465	327389.569582426	198	-113140.398754838	64823134.7773204	39204	-22401798.9534579	12834980685.9094	198	-113140.398754838	64823134.7773204	39204	-22401798.9534579	12834980685.9094	7762392	-4435556192.78467	2541326175822.95	39204	-22401798.9534579	12834980685.9094	7762392	-4435556192.78467	2541326175822.95	1536953616	-878240126171.103	503182582810487	
199	1	-576.002601164456	332661.94254645	199	-114624.517631727	66199726.5667436	39601	-22810279.0087136	13173745586.462	199	-114624.517631727	66199726.5667436	39601	-22810279.0087136	13173745586.462	7880599	-4539245522.73401	2621575371768.94	39601	-22810279.0087136	13173745586.462	7880599	-4539245522.73401	2621575371768.94	1568239201	-903309859023.622	521693498981812	
200	1	-580.779096796884	338191.271529037	200	-116155.819359377	67638254.3058073	40000	-23231163.8718754	13527650861.1615	200	-116155.819359377	67638254.3058073	40000	-23231163.8718754	13527650861.1615	8000000	-4646232774.37507	2705530172205.75	40000	-23231163.8718754	13527650861.1615	8000000	-4646232774.37507	2705530172205.75	1600000000	-929246554875.015	541106034444000	
201	1	-585.427792574604	343617.29300883	201	-117670.986307495	69067075.8947748	40401	-23651868.2478066	13882482254.52	201	-117670.986307495	69067075.8947748	40401	-23651868.2478066	13882482254.52	8120601	-4754025517.80912	2790378933223.76	40401	-23651868.2478066	13882482254.52	8120601	-4754025517.80912	2790378933223.76	1632240801	-955559129079.325	560866165576943	
202	1	-589.987392832475	348978.145709286	202	-119177.45335216	70493585.4332757	40804	-24073845.5771363	14239704257.5217	202	-119177.45335216	70493585.4332757	40804	-24073845.5771363	14239704257.5217	8242408	-4862916806.58154	2876420260008.25	40804	-24073845.5771363	14239704257.5217	8242408	-4862916806.58154	2876420260008.25	1664966416	-982309194929.397	581036892523013	
203	1	-594.860774239595	354762.011763137	203	-120756.737170638	72016688.3879168	41209	-24513617.6456395	14619387742.4086	203	-120756.737170638	72016688.3879168	41209	-24513617.6456395	14619387742.4086	8365427	-4976264382.06483	2967735711784.26	41209	-24513617.6456395	14619387742.4086	8365427	-4976264382.06483	2967735711784.26	1698181681	-1010181669559.29	602450349489901	
204	1	-599.720004453393	360573.713928302	204	-122342.880908492	73557037.6413737	41616	-24957947.7053324	15005635678.8402	204	-122342.880908492	73557037.6413737	41616	-24957947.7053324	15005635678.8402	8489664	-5091421331.88781	3061149678497.85	41616	-24957947.7053324	15005635678.8402	8489664	-5091421331.88781	3061149678497.85	1731891456	-1038649951705.11	624474534410654	
205	1	-604.527755922169	366370.187273045	205	-123928.189964045	75105888.3909743	42025	-25405278.9426292	15396707119.8028	205	-123928.189964045	75105888.3909743	42025	-25405278.9426292	15396707119.8028	8615125	-5208082183.23907	3156324959626.55	42025	-25405278.9426292	15396707119.8028	8615125	-5208082183.23907	3156324959626.55	1766100625	-1067656847563.5	647046616726572	
206	1	-609.217392218021	372059.76827853	206	-125498.782796912	76644312.2653772	42436	-25852749.2561639	15788728326.6677	206	-125498.782796912	76644312.2653772	42436	-25852749.2561639	15788728326.6677	8741816	-5325666346.76977	3252478035289.92	42436	-25852749.2561639	15788728326.6677	8741816	-5325666346.76977	3252478035289.92	1800814096	-1097087267434.68	670010475269595	
207	1	-614.111238984525	378059.241193545	207	-127121.026469797	78258262.9270639	42849	-26314052.4792479	16199460425.549	207	-127121.026469797	78258262.9270639	42849	-26314052.4792479	16199460425.549	8869743	-5447008863.2048	3353288308162.12	42849	-26314052.4792479	16199460425.549	8869743	-5447008863.2048	3353288308162.12	1836036801	-1127530834682.63	694130679789243	
208	1	-619.164634507126	384293.141341099	208	-128786.243977482	79932973.3989485	43264	-26787538.7473163	16626058466.9813	208	-128786.243977482	79932973.3989485	43264	-26787538.7473163	16626058466.9813	8998912	-5571808059.44179	3458220161132.11	43264	-26787538.7473163	16626058466.9813	8998912	-5571808059.44179	3458220161132.11	1871773696	-1158936076363.89	719309793497015	
209	1	-624.112591814436	390458.999919394	209	-130439.531689217	81605930.9831533	43681	-27261862.1230464	17055639575.117	209	-130439.531689217	81605930.9831533	43681	-27261862.1230464	17055639575.117	9129329	-5697729183.71558	3564628671284.59	43681	-27261862.1230464	17055639575.117	9129329	-5697729183.71558	3564628671284.59	1908029761	-1190825399396.27	745007392298129	
210	1	-628.880950647224	396433.129275338	210	-132064.999635917	83250957.1478209	44100	-27733649.9235426	17482701001.0424	210	-132064.999635917	83250957.1478209	44100	-27733649.9235426	17482701001.0424	9261000	-5824066483.94394	3671367210220.73	44100	-27733649.9235426	17482701001.0424	9261000	-5824066483.94394	3671367210220.73	1944810000	-1223053961628	770987114146206	
211	1	-633.5565567105	402336.171596717	211	-133680.433465916	84892932.2069073	44521	-28206571.4613082	17912408695.2889	211	-133680.433465916	84892932.2069073	44521	-28206571.4613082	17912408695.2889	9393931	-5951586578.33586	3779518234803.29	44521	-28206571.4613082	17912408695.2889	9393931	-5951586578.33586	3779518234803.29	1982119441	-1255784768028.49	797478347535435	
212	1	-638.249880101527	408305.12527651	212	-135308.974581524	86560686.5586201	44944	-28685502.611283	18350865550.4275	212	-135308.974581524	86560686.5586201	44944	-28685502.611283	18350865550.4275	9528128	-6081326553.59201	3890383496658.98	44944	-28685502.611283	18350865550.4275	9528128	-6081326553.59201	3890383496658.98	2019963136	-1289241229361.33	824761301300577	
213	1	-643.232878112201	414701.593155365	213	-137008.603037899	88331439.3420927	45369	-29182832.4470725	18814596579.4924	213	-137008.603037899	88331439.3420927	45369	-29182832.4470725	18814596579.4924	9663597	-6215943311.22574	4007509071498	45369	-29182832.4470725	18814596579.4924	9663597	-6215943311.22574	4007509071498	2058346161	-1323995925290.33	853599432234030	
214	1	-648.097908207678	420990.986320448	214	-138692.952356443	90092071.0725758	45796	-29680291.8042788	19279703209.5307	214	-138692.952356443	90092071.0725758	45796	-29680291.8042788	19279703209.5307	9800344	-6351582446.11567	4125856486843.94	45796	-29680291.8042788	19279703209.5307	9800344	-6351582446.11567	4125856486843.94	2097273616	-1359238643468.74	882933288182918	
215	1	-653.058426140147	427461.799062932	215	-140407.561620132	91904286.7985304	46225	-30187625.7483283	19759421661.2819	215	-140407.561620132	91904286.7985304	46225	-30187625.7483283	19759421661.2819	9938375	-6490339535.88939	4248275657251.2	46225	-30187625.7483283	19759421661.2819	9938375	-6490339535.88939	4248275657251.2	2136750625	-1395423000215.88	913379266312234	
216	1	-658.004089181422	433949.984984979	216	-142128.883263187	93733196.7567554	46656	-30699838.7848484	20246370499.4592	216	-142128.883263187	93733196.7567554	46656	-30699838.7848484	20246370499.4592	10077696	-6631165177.52726	4373216027994.36	46656	-30699838.7848484	20246370499.4592	10077696	-6631165177.52726	4373216027994.36	2176782336	-1432331678345.89	944614662023858	
217	1	-662.849241694912	440352.889288147	217	-143838.285447796	95556576.975528	47089	-31212907.9421717	20735777203.2356	217	-143838.285447796	95556576.975528	47089	-31212907.9421717	20735777203.2356	10218313	-6773201023.45129	4499663653212.72	47089	-31212907.9421717	20735777203.2356	10218313	-6773201023.45129	4499663653212.72	2217373921	-1469784622088.88	976427012746302	
218	1	-667.805609378386	446951.944102304	218	-145581.622844488	97435523.8143023	47524	-31736793.7800984	21240944191.3104	218	-145581.622844488	97435523.8143023	47524	-31736793.7800984	21240944191.3104	10360232	-6918621044.06145	4630525833747.55	47524	-31736793.7800984	21240944191.3104	10360232	-6918621044.06145	4630525833747.55	2258530576	-1508259387605.74	1.00945463175959e+15	
219	1	-672.835242879191	453694.172632938	219	-147350.918190543	99359023.8066135	47961	-32269851.0837289	21759626213.145	219	-147350.918190543	99359023.8066135	47961	-32269851.0837289	21759626213.145	10503459	-7067097387.33727	4765358140795.13	47961	-32269851.0837289	21759626213.145	10503459	-7067097387.33727	4765358140795.13	2300257521	-1547694327825.44	1.04361343282988e+15	
220	1	-677.827452765643	460444.147127336	220	-149122.039608441	101297712.368014	48400	-32806848.7138571	22285496720.9631	220	-149122.039608441	101297712.368014	48400	-32806848.7138571	22285496720.9631	10648000	-7217506717.04856	4902809278625.26	48400	-32806848.7138571	22285496720.9631	10648000	-7217506717.04856	4902809278625.26	2342560000	-1587851477750.99	1.07861804129551e+15	
221	1	-682.68542847407	467050.859923102	221	-150873.47969277	103218240.043006	48841	-33343039.0121021	22811231048.9599	221	-150873.47969277	103218240.043006	48841	-33343039.0121021	22811231048.9599	10793861	-7368811621.67187	5041282061916.47	48841	-33343039.0121021	22811231048.9599	10793861	-7368811621.67187	5041282061916.47	2385443281	-1628507368390.28	1.11412333568811e+15	
222	1	-687.399328585604	473505.148442447	222	-152602.650946004	105118142.954223	49284	-33877788.5100129	23336227735.4817	222	-152602.650946004	105118142.954223	49284	-33877788.5100129	23336227735.4817	10941048	-7520869049.22286	5180642557355.32	49284	-33877788.5100129	23336227735.4817	10941048	-7520869049.22286	5180642557355.32	2428912656	-1669632928927.04	1.15010264772958e+15	
