# <N_i^j*N_k^m*U^p> as a function of N_tot.
# number_of_species: 1
# max_order: 2
# species_total_upper_bound: 222
# species_total_lower_bound: 183
# volume: 729
#	N_tot	N_1^0*N_1^0*U^0	N_1^0*N_1^0*U^1	N_1^0*N_1^0*U^2	N_1^0*N_1^1*U^0	N_1^0*N_1^1*U^1	N_1^0*N_1^1*U^2	N_1^0*N_1^2*U^0	N_1^0*N_1^2*U^1	N_1^0*N_1^2*U^2	N_1^1*N_1^0*U^0	N_1^1*N_1^0*U^1	N_1^1*N_1^0*U^2	N_1^1*N_1^1*U^0	N_1^1*N_1^1*U^1	N_1^1*N_1^1*U^2	N_1^1*N_1^2*U^0	N_1^1*N_1^2*U^1	N_1^1*N_1^2*U^2	N_1^2*N_1^0*U^0	N_1^2*N_1^0*U^1	N_1^2*N_1^0*U^2	N_1^2*N_1^1*U^0	N_1^2*N_1^1*U^1	N_1^2*N_1^1*U^2	N_1^2*N_1^2*U^0	N_1^2*N_1^2*U^1	N_1^2*N_1^2*U^2	
183	1	-502.432946264938	253205.080940655	183	-91945.2291664837	46336529.8121399	33489	-16825976.9374665	8479584955.6216	183	-91945.2291664837	46336529.8121399	33489	-16825976.9374665	8479584955.6216	6128487	-3079153779.55637	1551764046878.63	33489	-16825976.9374665	8479584955.6216	6128487	-3079153779.55637	1551764046878.63	1121513121	-563485141658.764	283972820578872	
184	1	-506.726608176115	257550.772845359	184	-93237.6959044051	47389342.2035461	33856	-17155736.0464105	8719638965.45249	184	-93237.6959044051	47389342.2035461	33856	-17155736.0464105	8719638965.45249	6229504	-3156655432.53954	1604413569643.26	33856	-17155736.0464105	8719638965.45249	6229504	-3156655432.53954	1604413569643.26	1146228736	-580824599587.275	295212096811257	
185	1	-511.239200465455	262153.714138191	185	-94579.2520861091	48498437.1155653	34225	-17497161.6359302	8972210866.37958	185	-94579.2520861091	48498437.1155653	34225	-17497161.6359302	8972210866.37958	6331625	-3236974902.64709	1659859010281.47	34225	-17497161.6359302	8972210866.37958	6331625	-3236974902.64709	1659859010281.47	1171350625	-598840356989.678	307073916901799	
186	1	-515.717269718643	266756.897478649	186	-95923.4121676676	49616782.9310288	34596	-17841754.6631862	9228721625.17135	186	-95923.4121676676	49616782.9310288	34596	-17841754.6631862	9228721625.17135	6434856	-3318566367.35263	1716542222278.24	34596	-17841754.6631862	9228721625.17135	6434856	-3318566367.35263	1716542222278.24	1196883216	-617253344327.676	319276853344644	
187	1	-519.993187080314	271187.562446323	187	-97238.7259840186	50712074.1774624	34969	-18183641.7590115	9483157871.18546	187	-97238.7259840186	50712074.1774624	34969	-18183641.7590115	9483157871.18546	6539203	-3400341008.93515	1773350521913.28	34969	-18183641.7590115	9483157871.18546	6539203	-3400341008.93515	1773350521913.28	1222830961	-635863768670.857	331616547597138	
188	1	-524.286913822304	275676.288220096	188	-98565.9397985932	51827142.185378	35344	-18530396.6821355	9743502730.85107	188	-98565.9397985932	51827142.185378	35344	-18530396.6821355	9743502730.85107	6644672	-3483714576.24148	1831778513419.37	35344	-18530396.6821355	9743502730.85107	6644672	-3483714576.24148	1831778513419.37	1249198336	-654938340333.398	344374360519248	
189	1	-528.942832914315	280592.978092737	189	-99970.1954208055	53032072.8595273	35721	-18894366.9345322	10023061770.4507	189	-99970.1954208055	53032072.8595273	35721	-18894366.9345322	10023061770.4507	6751269	-3571035350.62659	1894358674612.46	35721	-18894366.9345322	10023061770.4507	6751269	-3571035350.62659	1894358674612.46	1275989841	-674925681268.307	358033789502309	
190	1	-533.450536955624	285395.947164119	190	-101355.602021569	54225229.9611826	36100	-19257564.384098	10302793692.6247	190	-101355.602021569	54225229.9611826	36100	-19257564.384098	10302793692.6247	6859000	-3658937232.97863	1957530801602.5	36100	-19257564.384098	10302793692.6247	6859000	-3658937232.97863	1957530801602.5	1303210000	-695198074265.948	371930852302770	
191	1	-538.30316922788	290609.42231542	191	-102815.905322525	55506399.6622453	36481	-19637837.9166023	10601722335.4889	191	-102815.905322525	55506399.6622453	36481	-19637837.9166023	10601722335.4889	6967871	-3750827042.07104	2024928966075.98	36481	-19637837.9166023	10601722335.4889	6967871	-3750827042.07104	2024928966075.98	1330863361	-716407965035.282	386761432521356	
192	1	-542.719123842254	295394.115594419	192	-104202.071777713	56715670.1941284	36864	-20006797.7813209	10889408677.2726	192	-104202.071777713	56715670.1941284	36864	-20006797.7813209	10889408677.2726	7077888	-3841305174.01361	2090766466036.35	36864	-20006797.7813209	10889408677.2726	7077888	-3841305174.01361	2090766466036.35	1358954496	-737530593410.612	401427161478979	
193	1	-547.481269052126	300589.276080032	193	-105663.88492706	58013730.2834462	37249	-20393129.7909226	11196649944.7051	193	-105663.88492706	58013730.2834462	37249	-20393129.7909226	11196649944.7051	7189057	-3935874049.64807	2160953439330.29	37249	-20393129.7909226	11196649944.7051	7189057	-3935874049.64807	2160953439330.29	1387488001	-759623691581.191	417064013790635	
194	1	-552.135680872719	305714.536432674	194	-107114.322089308	59308620.0679388	37636	-20780178.4853257	11505872293.1801	194	-107114.322089308	59308620.0679388	37636	-20780178.4853257	11505872293.1801	7301384	-4031354626.15318	2232139224872.59	37636	-20780178.4853257	11505872293.1801	7301384	-4031354626.15318	2232139224872.59	1416468496	-782082797473.76	433035009626312	
195	1	-556.717555523797	310795.30228014	195	-108559.92332714	60605083.9446273	38025	-21169185.0487924	11817991369.1846	195	-108559.92332714	60605083.9446273	38025	-21169185.0487924	11817991369.1846	7414875	-4127991084.51452	2304508316998.08	38025	-21169185.0487924	11817991369.1846	7414875	-4127991084.51452	2304508316998.08	1445900625	-804958261480.199	449379121813948	
196	1	-561.457982028904	316112.569866716	196	-110045.764477665	61958063.6938764	38416	-21568969.8376224	12143780483.9998	196	-110045.764477665	61958063.6938764	38416	-21568969.8376224	12143780483.9998	7529536	-4227518088.17399	2380180974841.58	38416	-21568969.8376224	12143780483.9998	7529536	-4227518088.17399	2380180974841.58	1475789056	-828593545282.101	466515471073612	
197	1	-566.449948705909	321749.728501141	197	-111590.639895064	63384696.5147247	38809	-21983356.0593276	12486785213.3615	197	-111590.639895064	63384696.5147247	38809	-21983356.0593276	12486785213.3615	7645373	-4330721143.68754	2459896687036.14	38809	-21983356.0593276	12486785213.3615	7645373	-4330721143.68754	2459896687036.14	1506138481	-853152065306.128	484599647346078	
198	1	-571.142880432759	327091.14940674	198	-113086.290325686	64764047.5825346	39204	-22391085.4844859	12823281421.3418	198	-113086.290325686	64764047.5825346	39204	-22391085.4844859	12823281421.3418	7762392	-4433434925.92821	2539009721426.42	39204	-22391085.4844859	12823281421.3418	7762392	-4433434925.92821	2539009721426.42	1536953616	-877820115333.807	502723924842765	
199	1	-575.737248412201	332362.693873717	199	-114571.712434028	66140176.0808697	39601	-22799770.7743716	13161895040.0298	199	-114571.712434028	66140176.0808697	39601	-22799770.7743716	13161895040.0298	7880599	-4537154384.09995	2619217112973.69	39601	-22799770.7743716	13161895040.0298	7880599	-4537154384.09995	2619217112973.69	1568239201	-902893722435.76	521224205481647	
200	1	-580.607404943027	337994.141629292	200	-116121.480988605	67598828.3258584	40000	-23224296.1977211	13519765665.1717	200	-116121.480988605	67598828.3258584	40000	-23224296.1977211	13519765665.1717	8000000	-4644859239.54421	2703953133034.34	40000	-23224296.1977211	13519765665.1717	8000000	-4644859239.54421	2703953133034.34	1600000000	-928971847908.843	540790626605000	
201	1	-585.278002170437	343443.291404941	201	-117640.878436258	69032101.5723931	40401	-23645816.5656878	13875452415.9682	201	-117640.878436258	69032101.5723931	40401	-23645816.5656878	13875452415.9682	8120601	-4752809129.70325	2788965935628.37	40401	-23645816.5656878	13875452415.9682	8120601	-4752809129.70325	2788965935628.37	1632240801	-955314635070.25	560582153060838	
202	1	-589.705701442798	348644.745738126	202	-119120.551691445	70426238.6391015	40804	-24062351.4416719	14226100205.0985	202	-119120.551691445	70426238.6391015	40804	-24062351.4416719	14226100205.0985	8242408	-4860594991.21773	2873672241430.26	40804	-24062351.4416719	14226100205.0985	8242408	-4860594991.21773	2873672241430.26	1664966416	-981840188225.979	580481792769292	
203	1	-594.513126602998	354344.093868463	203	-120686.164700409	71931851.055298	41209	-24499291.434183	14602165764.1259	203	-120686.164700409	71931851.055298	41209	-24499291.434183	14602165764.1259	8365427	-4973356161.13914	2964239650144.2	41209	-24499291.434183	14602165764.1259	8365427	-4973356161.13914	2964239650144.2	1698181681	-1009591300711.27	601740648977217	
204	1	-599.255105051054	360001.507422516	204	-122248.041430415	73440307.5141933	41616	-24938600.4518047	14981822732.8954	204	-122248.041430415	73440307.5141933	41616	-24938600.4518047	14981822732.8954	8489664	-5087474492.16815	3056291837533.35	41616	-24938600.4518047	14981822732.8954	8489664	-5087474492.16815	3056291837533.35	1731891456	-1037844796402.3	623483534852616	
205	1	-603.939916623647	365639.216085877	205	-123807.682907848	74956039.2976048	42025	-25380574.9961088	15365988055.8889	205	-123807.682907848	74956039.2976048	42025	-25380574.9961088	15365988055.8889	8615125	-5203017874.2023	3150027551478.33	42025	-25380574.9961088	15365988055.8889	8615125	-5203017874.2023	3150027551478.33	1766100625	-1066618664211.14	645755648052952	
206	1	-608.680223139632	371379.697891409	206	-125388.125966764	76504217.7656302	42436	-25829953.9491534	15759868859.7198	206	-125388.125966764	76504217.7656302	42436	-25829953.9491534	15759868859.7198	8741816	-5320970513.52561	3246532985106.28	42436	-25829953.9491534	15759868859.7198	8741816	-5320970513.52561	3246532985106.28	1800814096	-1096119925786.17	668785794931515	
207	1	-613.511665262684	377293.983599567	207	-126996.914709376	78099854.6051103	42849	-26288361.3448408	16166669903.1223	207	-126996.914709376	78099854.6051103	42849	-26288361.3448408	16166669903.1223	8869743	-5441690798.38204	3346500669971.79	42849	-26288361.3448408	16166669903.1223	8869743	-5441690798.38204	3346500669971.79	1836036801	-1126429995265.23	692725638684899	
208	1	-618.64971526812	383642.931537917	208	-128679.140775769	79797729.7598868	43264	-26765261.2813599	16597927790.0564	208	-128679.140775769	79797729.7598868	43264	-26765261.2813599	16597927790.0564	8998912	-5567174346.52287	3452368980331.74	43264	-26765261.2813599	16597927790.0564	8998912	-5567174346.52287	3452368980331.74	1871773696	-1157972264076.76	718092747909002	
209	1	-623.49708773704	389682.828256425	209	-130310.891337041	81443711.1055928	43681	-27234976.2894416	17021735620.9111	209	-130310.891337041	81443711.1055928	43681	-27234976.2894416	17021735620.9111	9129329	-5692110044.4933	3557542744809.25	43681	-27234976.2894416	17021735620.9111	9129329	-5692110044.4933	3557542744809.25	1908029761	-1189650999299.11	743526433664047	
210	1	-628.335391900416	395732.345551967	210	-131950.432299087	83103792.5659131	44100	-27709590.7828083	17451796438.8418	210	-131950.432299087	83103792.5659131	44100	-27709590.7828083	17451796438.8418	9261000	-5819014064.38975	3664877252155.47	44100	-27709590.7828083	17451796438.8418	9261000	-5819014064.38975	3664877252155.47	1944810000	-1221992953521.65	769624222952895	
211	1	-633.041376683678	401668.621154611	211	-133571.730480256	84752079.0636229	44521	-28183635.131334	17882688682.2505	211	-133571.730480256	84752079.0636229	44521	-28183635.131334	17882688682.2505	9393931	-5946747012.71148	3773247311992.32	44521	-28183635.131334	17882688682.2505	9393931	-5946747012.71148	3773247311992.32	1982119441	-1254763619681.88	796155182829914	
212	1	-637.784167163489	407713.28065964	212	-135210.24343866	86435215.4998437	44944	-28664571.6089959	18324265685.9669	212	-135210.24343866	86435215.4998437	44944	-28664571.6089959	18324265685.9669	9528128	-6076889181.10712	3884744325414.83	44944	-28664571.6089959	18324265685.9669	9528128	-6076889181.10712	3884744325414.83	2019963136	-1288300506394.71	823565796990151	
213	1	-642.718108319867	414040.415340668	213	-136898.957072132	88190608.4675623	45369	-29159477.8563641	18784599603.4053	213	-136898.957072132	88190608.4675623	45369	-29159477.8563641	18784599603.4053	9663597	-6210968783.40555	4001119715562.58	45369	-29159477.8563641	18784599603.4053	9663597	-6210968783.40555	4001119715562.58	2058346161	-1322936350865.43	852238499414459	
214	1	-647.551290099441	420278.11274159	214	-138575.97608128	89939516.1267002	45796	-29655258.881394	19247056451.1138	214	-138575.97608128	89939516.1267002	45796	-29655258.881394	19247056451.1138	9800344	-6346225400.61832	4118870080545.04	45796	-29655258.881394	19247056451.1138	9800344	-6346225400.61832	4118870080545.04	2097273616	-1358092235732.28	881438197235645	
215	1	-652.541564753174	426778.95971404	215	-140296.436421932	91757476.3385185	46225	-30163733.8307155	19727857412.5846	215	-140296.436421932	91757476.3385185	46225	-30163733.8307155	19727857412.5846	9938375	-6485202773.60383	4241489343741.73	46225	-30163733.8307155	19727857412.5846	9938375	-6485202773.60383	4241489343741.73	2136750625	-1394318596324.87	911920208904918	
216	1	-657.642521150369	433465.405454881	216	-142050.78456848	93628527.5782544	46656	-30682969.4667916	20223761956.9029	216	-142050.78456848	93628527.5782544	46656	-30682969.4667916	20223761956.9029	10077696	-6627521404.82699	4368332582691.04	46656	-30682969.4667916	20223761956.9029	10077696	-6627521404.82699	4368332582691.04	2176782336	-1431544623442.63	943559837859620	
217	1	-662.29166425173	439595.29562387	217	-143717.291142625	95392179.1503799	47089	-31186652.1779497	20700102875.4175	217	-143717.291142625	95392179.1503799	47089	-31186652.1779497	20700102875.4175	10218313	-6767503522.61508	4491922324011.61	47089	-31186652.1779497	20700102875.4175	10218313	-6767503522.61508	4491922324011.61	2217373921	-1468548264407.28	974747144309969	
218	1	-667.397703005126	446394.084895618	218	-145492.699255117	97313910.5072447	47524	-31717408.4376156	21214432490.5793	218	-145492.699255117	97313910.5072447	47524	-31717408.4376156	21214432490.5793	10360232	-6914395039.4002	4624746282937.01	47524	-31717408.4376156	21214432490.5793	10360232	-6914395039.4002	4624746282937.01	2258530576	-1507338118589.38	1.00819468968284e+15	
219	1	-672.498923117908	453229.205034374	219	-147277.264162822	99257195.9025279	47961	-32253720.851658	21737325902.4268	219	-147277.264162822	99257195.9025279	47961	-32253720.851658	21737325902.4268	10503459	-7063564866.5131	4760474372684.52	47961	-32253720.851658	21737325902.4268	10503459	-7063564866.5131	4760474372684.52	2300257521	-1546920705766.15	1.04254388761614e+15	
220	1	-677.633944944333	460175.830189863	220	-149079.467887753	101238682.64177	48400	-32797482.9353057	22272510181.1894	220	-149079.467887753	101238682.64177	48400	-32797482.9353057	22272510181.1894	10648000	-7215446245.76726	4899952239910.26	48400	-32797482.9353057	22272510181.1894	10648000	-7215446245.76726	4899952239910.26	2342560000	-1587398174068.8	1.07798949277075e+15	
221	1	-682.329867547279	466555.121130559	221	-150794.900727949	103108681.769854	48841	-33325673.0608767	22787018670.8995	221	-150794.900727949	103108681.769854	48841	-33325673.0608767	22787018670.8995	10793861	-7364973746.45374	5035931126317.67	48841	-33325673.0608767	22787018670.8995	10793861	-7364973746.45374	5035931126317.67	2385443281	-1627659197966.55	1.11294077891708e+15	
222	1	-687.111818467484	473102.119214286	222	-152538.823699781	105028670.465572	49284	-33863618.8613515	23316364843.3569	222	-152538.823699781	105028670.465572	49284	-33863618.8613515	23316364843.3569	10941048	-7517723387.22003	5176232995220.97	49284	-33863618.8613515	23316364843.3569	10941048	-7517723387.22003	5176232995220.97	2428912656	-1668934591962.64	1.14912372494089e+15	
