# <N_i^j*N_k^m*U^p> as a function of N_tot.
# number_of_species: 1
# max_order: 2
# species_total_upper_bound: 222
# species_total_lower_bound: 183
# volume: 729
#	N_tot	N_1^0*N_1^0*U^0	N_1^0*N_1^0*U^1	N_1^0*N_1^0*U^2	N_1^0*N_1^1*U^0	N_1^0*N_1^1*U^1	N_1^0*N_1^1*U^2	N_1^0*N_1^2*U^0	N_1^0*N_1^2*U^1	N_1^0*N_1^2*U^2	N_1^1*N_1^0*U^0	N_1^1*N_1^0*U^1	N_1^1*N_1^0*U^2	N_1^1*N_1^1*U^0	N_1^1*N_1^1*U^1	N_1^1*N_1^1*U^2	N_1^1*N_1^2*U^0	N_1^1*N_1^2*U^1	N_1^1*N_1^2*U^2	N_1^2*N_1^0*U^0	N_1^2*N_1^0*U^1	N_1^2*N_1^0*U^2	N_1^2*N_1^1*U^0	N_1^2*N_1^1*U^1	N_1^2*N_1^1*U^2	N_1^2*N_1^2*U^0	N_1^2*N_1^2*U^1	N_1^2*N_1^2*U^2	
183	1	-502.147451858069	252913.989758474	183	-91892.9836900266	46283260.1258008	33489	-16816416.0152749	8469836603.02155	183	-91892.9836900266	46283260.1258008	33489	-16816416.0152749	8469836603.02155	6128487	-3077404130.7953	1549980098352.25	33489	-16816416.0152749	8469836603.02155	6128487	-3077404130.7953	1549980098352.25	1121513121	-563164955935.504	283646357998647	
184	1	-506.555783346195	257375.779912602	184	-93206.2641356999	47357143.5039187	33856	-17149952.6009688	8713714404.72104	184	-93206.2641356999	47357143.5039187	33856	-17149952.6009688	8713714404.72104	6229504	-3155591278.57826	1603323450468.67	33856	-17149952.6009688	8713714404.72104	6229504	-3155591278.57826	1603323450468.67	1146228736	-580628795258.399	295011514882949	
185	1	-511.097642059969	262007.829158913	185	-94553.0637810943	48471448.3943989	34225	-17492316.7995024	8967217952.9638	185	-94553.0637810943	48471448.3943989	34225	-17492316.7995024	8967217952.9638	6331625	-3236078607.90795	1658935321300.13	34225	-17492316.7995024	8967217952.9638	6331625	-3236078607.90795	1658935321300.13	1171350625	-598674542462.928	306903034440133	
186	1	-515.585607174947	266619.529850256	186	-95898.9229345401	49591232.5521476	34596	-17837199.6658245	9223969254.69946	186	-95898.9229345401	49591232.5521476	34596	-17837199.6658245	9223969254.69946	6434856	-3317719137.84335	1715658281371.09	34596	-17837199.6658245	9223969254.69946	6434856	-3317719137.84335	1715658281371.09	1196883216	-617095759638.944	319112440335794	
187	1	-519.900575787367	271090.700711405	187	-97221.4076722376	50693961.0330327	34969	-18180403.2347084	9479770713.17711	187	-97221.4076722376	50693961.0330327	34969	-18180403.2347084	9479770713.17711	6539203	-3399735404.89048	1772717123366.06	34969	-18180403.2347084	9479770713.17711	6539203	-3399735404.89048	1772717123366.06	1222830961	-635750520714.465	331498102068690	
188	1	-524.238485781442	275626.144316394	188	-98556.8353269111	51817715.1314822	35344	-18528685.0414593	9741730444.71865	188	-98556.8353269111	51817715.1314822	35344	-18528685.0414593	9741730444.71865	6644672	-3483392787.79435	1831445323627.27	35344	-18528685.0414593	9741730444.71865	6644672	-3483392787.79435	1831445323627.27	1249198336	-654877844105.337	344311720838181	
189	1	-528.878981898017	280524.41979211	189	-99958.1275787251	53019115.3407089	35721	-18892086.1123791	10020612799.394	189	-99958.1275787251	53019115.3407089	35721	-18892086.1123791	10020612799.394	6751269	-3570604275.23964	1893895819082.42	35721	-18892086.1123791	10020612799.394	6751269	-3570604275.23964	1893895819082.42	1275989841	-674844208020.155	357946309807298	
190	1	-533.347410371731	285284.519522376	190	-101336.007970629	54204058.7092514	36100	-19253841.5144195	10298771154.7578	190	-101336.007970629	54204058.7092514	36100	-19253841.5144195	10298771154.7578	6859000	-3658229887.7397	1956766519408.14	36100	-19253841.5144195	10298771154.7578	6859000	-3658229887.7397	1956766519408.14	1303210000	-695063678670.554	371785638685783	
191	1	-538.188340240932	290484.828304082	191	-102793.972986018	55482602.2060797	36481	-19633648.8403294	10597177021.3612	191	-102793.972986018	55482602.2060797	36481	-19633648.8403294	10597177021.3612	6967871	-3750026928.50292	2024060811077.29	36481	-19633648.8403294	10597177021.3612	6967871	-3750026928.50292	2024060811077.29	1330863361	-716255143343.074	386595614916512	
192	1	-542.636134999863	295303.493540236	192	-104186.137919974	56698270.7597253	36864	-20003738.480635	10886067985.8673	192	-104186.137919974	56698270.7597253	36864	-20003738.480635	10886067985.8673	7077888	-3840717788.28191	2090125053286.51	36864	-20003738.480635	10886067985.8673	7077888	-3840717788.28191	2090125053286.51	1358954496	-737417815350.127	401304010231010	
193	1	-547.391975581704	300491.862022998	193	-105646.651287269	57994929.3704386	37249	-20389803.6984429	11193021368.4757	193	-105646.651287269	57994929.3704386	37249	-20389803.6984429	11193021368.4757	7189057	-3935232113.79948	2160253124121.78	37249	-20389803.6984429	11193021368.4757	7189057	-3935232113.79948	2160253124121.78	1387488001	-759499797961.584	416928852955616	
194	1	-552.101172987186	305678.987789013	194	-107107.627559514	59301723.6310685	37636	-20778879.7465457	11504534384.4273	194	-107107.627559514	59301723.6310685	37636	-20778879.7465457	11504534384.4273	7301384	-4031102670.82987	2231879670574.28	37636	-20778879.7465457	11504534384.4273	7301384	-4031102670.82987	2231879670574.28	1416468496	-782033918141.064	432984656092490	
195	1	-556.770449458578	310858.369155678	195	-108570.237644423	60617381.9853573	38025	-21171196.3406624	11820389487.0992	195	-108570.237644423	60617381.9853573	38025	-21171196.3406624	11820389487.0992	7414875	-4128383286.42918	2304975949997.01	38025	-21171196.3406624	11820389487.0992	7414875	-4128383286.42918	2304975949997.01	1445900625	-805034740853.489	449470310248869	
196	1	-561.519265169267	316184.639239168	196	-110057.775973176	61972189.2908769	38416	-21571324.0907426	12146549101.0119	196	-110057.775973176	61972189.2908769	38416	-21571324.0907426	12146549101.0119	7529536	-4227979521.78554	2380723623775.37	38416	-21571324.0907426	12146549101.0119	7529536	-4227979521.78554	2380723623775.37	1475789056	-828683986269.966	466621830264830	
197	1	-566.512819832478	321825.558393285	197	-111603.025506998	63399635.0034771	38809	-21985796.0248786	12489728095.6209	197	-111603.025506998	63399635.0034771	38809	-21985796.0248786	12489728095.6209	7645373	-4331201816.90109	2460476434845.92	38809	-21985796.0248786	12489728095.6209	7645373	-4331201816.90109	2460476434845.92	1506138481	-853246757929.208	484713857664528	
198	1	-571.248783289172	327220.831293669	198	-113107.259091256	64789724.5961465	39204	-22395237.3000687	12828365470.037	198	-113107.259091256	64789724.5961465	39204	-22395237.3000687	12828365470.037	7762392	-4434256985.4136	2540016363067.59	39204	-22395237.3000687	12828365470.037	7762392	-4434256985.4136	2540016363067.59	1536953616	-877982883111.872	502923239887782	
199	1	-575.838843367928	332491.427143271	199	-114591.929830218	66165794.001511	39601	-22803794.0362133	13166993006.2121	199	-114591.929830218	66165794.001511	39601	-22803794.0362133	13166993006.2121	7880599	-4537955013.20645	2620231608248.73	39601	-22803794.0362133	13166993006.2121	7880599	-4537955013.20645	2620231608248.73	1568239201	-903053047627.859	521426090041209	
200	1	-580.789441237595	338220.264937135	200	-116157.888247519	67644052.9874271	40000	-23231577.6495038	13528810597.4854	200	-116157.888247519	67644052.9874271	40000	-23231577.6495038	13528810597.4854	8000000	-4646315529.90076	2705762119497.08	40000	-23231577.6495038	13528810597.4854	8000000	-4646315529.90076	2705762119497.08	1600000000	-929263105980.152	541152423897787	
201	1	-585.448857072149	343657.085411448	201	-117675.220271502	69075074.1677011	40401	-23652719.2745719	13884089907.5991	201	-117675.220271502	69075074.1677011	40401	-23652719.2745719	13884089907.5991	8120601	-4754196574.18895	2790702071451.51	40401	-23652719.2745719	13884089907.5991	8120601	-4754196574.18895	2790702071451.51	1632240801	-955593511411.823	560931116361331	
202	1	-589.822356314928	348798.622151289	202	-119144.115975616	70457321.6745604	40804	-24067111.4270743	14232378978.2612	202	-119144.115975616	70457321.6745604	40804	-24067111.4270743	14232378978.2612	8242408	-4861556508.26902	2874940553608.73	40804	-24067111.4270743	14232378978.2612	8242408	-4861556508.26902	2874940553608.73	1664966416	-982034414670.407	580737991829466	
203	1	-594.632068725659	354500.353379941	203	-120710.309951309	71963571.7361281	41209	-24504192.9201157	14608605062.3107	203	-120710.309951309	71963571.7361281	41209	-24504192.9201157	14608605062.3107	8365427	-4974351162.78348	2965546827680.06	41209	-24504192.9201157	14608605062.3107	8365427	-4974351162.78348	2965546827680.06	1698181681	-1009793286045.02	602006006017053	
204	1	-599.404285057426	360195.739142525	204	-122278.474151715	73479930.7850751	41616	-24944808.7269499	14989905880.1553	204	-122278.474151715	73479930.7850751	41616	-24944808.7269499	14989905880.1553	8489664	-5088740980.29777	3057940799570.62	41616	-24944808.7269499	14989905880.1553	8489664	-5088740980.29777	3057940799570.62	1731891456	-1038103159980.75	623819923109011	
205	1	-604.09955440815	365848.131394899	205	-123840.408653671	74998866.9359544	42025	-25387283.7740025	15374767721.7261	205	-123840.408653671	74998866.9359544	42025	-25387283.7740025	15374767721.7261	8615125	-5204393173.67052	3151827382980.79	42025	-25387283.7740025	15374767721.7261	8615125	-5204393173.67052	3151827382980.79	1766100625	-1066900600602.08	646124613510749	
206	1	-608.879282583579	371639.035527273	206	-125429.132212217	76557641.3186182	42436	-25838401.2357168	15770874111.6354	206	-125429.132212217	76557641.3186182	42436	-25838401.2357168	15770874111.6354	8741816	-5322710654.55766	3248800066999.29	42436	-25838401.2357168	15770874111.6354	8741816	-5322710654.55766	3248800066999.29	1800814096	-1096478394838.75	669252813801816	
207	1	-613.799625784616	377663.363757926	207	-127056.522537415	78176316.2978906	42849	-26300700.165245	16182497473.5052	207	-127056.522537415	78176316.2978906	42849	-26300700.165245	16182497473.5052	8869743	-5444244934.20571	3349776977046.51	42849	-26300700.165245	16182497473.5052	8869743	-5444244934.20571	3349776977046.51	1836036801	-1126958701380.75	693403834249204	
208	1	-618.962184017603	384044.803414495	208	-128744.134275662	79881319.1102151	43264	-26778779.9293376	16615314374.9247	208	-128744.134275662	79881319.1102151	43264	-26778779.9293376	16615314374.9247	8998912	-5569986225.30222	3455985389984.34	43264	-26778779.9293376	16615314374.9247	8998912	-5569986225.30222	3455985389984.34	1871773696	-1158557134862.86	718844961116744	
209	1	-623.841375853704	390132.956044116	209	-130382.847553424	81537787.8132203	43681	-27250015.1386657	17041397652.7831	209	-130382.847553424	81537787.8132203	43681	-27250015.1386657	17041397652.7831	9129329	-5695253163.98112	3561652109476	43681	-27250015.1386657	17041397652.7831	9129329	-5695253163.98112	3561652109476	1908029761	-1190307911272.11	744385290879096	
210	1	-628.642823358017	396137.797712793	210	-132014.992905184	83188937.5196864	44100	-27723148.5100886	17469676879.1342	210	-132014.992905184	83188937.5196864	44100	-27723148.5100886	17469676879.1342	9261000	-5821861187.1186	3668632144618.37	44100	-27723148.5100886	17469676879.1342	9261000	-5821861187.1186	3668632144618.37	1944810000	-1222590849294.73	770412750369965	
211	1	-633.329032038322	402051.180184849	211	-133632.425760086	84832799.0190031	44521	-28196441.8353782	17899720592.8145	211	-133632.425760086	84832799.0190031	44521	-28196441.8353782	17899720592.8145	9393931	-5949449227.26479	3776841045125.54	44521	-28196441.8353782	17899720592.8145	9393931	-5949449227.26479	3776841045125.54	1982119441	-1255333786952.55	796913460520911	
212	1	-638.067667133142	408088.702036532	212	-135270.345432226	86514804.8317449	44944	-28677313.2316319	18341138624.3299	212	-135270.345432226	86514804.8317449	44944	-28677313.2316319	18341138624.3299	9528128	-6079590405.10597	3888321388350.71	44944	-28677313.2316319	18341138624.3299	9528128	-6079590405.10597	3888321388350.71	2019963136	-1288873165882.47	824324134331654	
213	1	-643.09583434914	414541.411506062	213	-136979.412716367	88297320.6507912	45369	-29176614.9085861	18807329298.4127	213	-136979.412716367	88297320.6507912	45369	-29176614.9085861	18807329298.4127	9663597	-6214618975.52884	4005961140603.39	45369	-29176614.9085861	18807329298.4127	9663597	-6214618975.52884	4005961140603.39	2058346161	-1323713841787.76	853269722948126	
214	1	-647.793170374919	420605.039327946	214	-138627.738460233	90009478.4161805	45796	-29666336.0304898	19262028381.0626	214	-138627.738460233	90009478.4161805	45796	-29666336.0304898	19262028381.0626	9800344	-6348595910.52482	4122074073555.44	45796	-29666336.0304898	19262028381.0626	9800344	-6348595910.52482	4122074073555.44	2097273616	-1358599524852.25	882123851739008	
215	1	-652.868745938921	427220.314250932	215	-140366.780376868	91852367.5639503	46225	-30178857.7810266	19748259026.0329	215	-140366.780376868	91852367.5639503	46225	-30178857.7810266	19748259026.0329	9938375	-6488454422.92073	4245875690636.71	46225	-30178857.7810266	19748259026.0329	9938375	-6488454422.92073	4245875690636.71	2136750625	-1395017700928.12	912863273487243	
216	1	-657.893425943679	433808.075060149	216	-142104.980003835	93702544.2129923	46656	-30694675.6808283	20239749550.0063	216	-142104.980003835	93702544.2129923	46656	-30694675.6808283	20239749550.0063	10077696	-6630049947.05891	4371785902801.37	46656	-30694675.6808283	20239749550.0063	10077696	-6630049947.05891	4371785902801.37	2176782336	-1432090788564.73	944305755003209	
217	1	-662.510691243673	439900.840229779	217	-143764.819999877	95458482.329862	47089	-31196965.9399733	20714490665.3453	217	-143764.819999877	95458482.329862	47089	-31196965.9399733	20714490665.3453	10218313	-6769741608.97421	4495044474429.8	47089	-31196965.9399733	20714490665.3453	10218313	-6769741608.97421	4495044474429.8	2217373921	-1469033929147.23	975424650950983	
218	1	-667.634224030712	446725.783363203	218	-145544.260838695	97386220.7731782	47524	-31728648.8628355	21230196128.5528	218	-145544.260838695	97386220.7731782	47524	-31728648.8628355	21230196128.5528	10360232	-6916845452.09815	4628182756013.74	47524	-31728648.8628355	21230196128.5528	10360232	-6916845452.09815	4628182756013.74	2258530576	-1507872308557.57	1.00894384081395e+15	
219	1	-672.727236703717	453554.323099314	219	-147327.264838114	99328396.7587498	47961	-32264670.999547	21752918889.9209	219	-147327.264838114	99328396.7587498	47961	-32264670.999547	21752918889.9209	10503459	-7065962948.90078	4763889236949.78	47961	-32264670.999547	21752918889.9209	10503459	-7065962948.90078	4763889236949.78	2300257521	-1547445885809.37	1.04329174289017e+15	
220	1	-677.916654241837	460579.594761692	220	-149141.663933204	101327510.847572	48400	-32811166.0653049	22292052386.4659	220	-149141.663933204	101327510.847572	48400	-32811166.0653049	22292052386.4659	10648000	-7218456534.36708	4904251525073.8	48400	-32811166.0653049	22292052386.4659	10648000	-7218456534.36708	4904251525073.8	2342560000	-1588060437560.76	1.07893533550616e+15	
221	1	-682.586615250653	466926.897432517	221	-150851.641970394	103190844.332586	48841	-33338212.8754571	22805176597.2452	221	-150851.641970394	103190844.332586	48841	-33338212.8754571	22805176597.2452	10793861	-7367745045.47603	5039944028044.2	48841	-33338212.8754571	22805176597.2452	10793861	-7367745045.47603	5039944028044.2	2385443281	-1628271655050.47	1.11382763019855e+15	
222	1	-687.327873778926	473422.826171695	222	-152586.787978922	105099867.410116	49284	-33874266.9313206	23332170565.0458	222	-152586.787978922	105099867.410116	49284	-33874266.9313206	23332170565.0458	10941048	-7520087258.75317	5179741865434.75	49284	-33874266.9313206	23332170565.0458	10941048	-7520087258.75317	5179741865434.75	2428912656	-1669459371442.93	1.14990269412862e+15	
