# lnPI (bias) matrix in single row (vectorized) notation.
# species_total_upper_bound: 222
# species_total_lower_bound: 183
# volume: 729
0
3.33353513870354
6.66801733286514
10.0036833393957
13.3415604182317
16.6808675552314
20.01822222509
23.3608006495667
26.7002021071393
30.0452915925725
33.390398429552
36.7352248554151
40.0817572056622
43.4340023957106
46.7854322468427
50.1370354429877
53.488083232614
56.8429698714116
60.1988246250029
63.5555792547566
66.9115382869646
70.2702326855713
73.6342548487645
76.9953988831222
80.3563071200319
83.7241858150451
87.0874848570274
90.4560722541602
93.8243789956176
97.1959507102974
100.569198591338
103.939849076427
107.311602448771
110.683265441362
114.056199296883
117.429505898428
120.809682476736
124.187175032693
127.564819872584
130.945260920494
