# lnPI (bias) matrix in single row (vectorized) notation.
# species_total_upper_bound: 222
# species_total_lower_bound: 183
# volume: 729
0
3.33378761632614
6.66786789542972
10.0034581277406
13.3419744243748
16.6821425249939
20.0205365894803
23.3650934530197
26.7064309386052
30.0520792760446
33.396159515079
36.7401004780581
40.0873771160034
43.4399749827557
46.7926691413572
50.1445948833206
53.4941493320568
56.8489530398506
60.2045476827422
63.5621622548993
66.9187355397624
70.2768232647193
73.6413588069968
77.0039324658601
80.3666672102768
83.7344510070868
87.0978661157266
90.4678908267081
93.8360333465281
97.207772393394
100.582299306489
103.954341984112
107.327852004026
110.700132839713
114.073576717971
117.447554612776
120.829220285296
124.206510062544
127.584195873795
130.962134636943
