# <P(U)> as a function of N_tot.
# number_of_species: 1
# species_total_upper_bound: 462
# species_total_lower_bound: 439
# volume: 729
# Bin widths for each
10	10	10	10	10	10	10	10	10	10	10	10	10	10	10	10	10	10	10	10	10	10	10	10	
# Bin lower bound for each
-2260	-2270	-2280	-2290	-2290	-2290	-2300	-2300	-2310	-2310	-2320	-2330	-2340	-2350	-2360	-2370	-2370	-2380	-2390	-2390	-2400	-2410	-2410	-2420	
# Bin upper bound for each
-2070	-2070	-2080	-2100	-2100	-2110	-2120	-2130	-2140	-2150	-2160	-2160	-2170	-2180	-2190	-2200	-2210	-2220	-2230	-2240	-2250	-2260	-2270	-2280	
# Normalized histogram for each
6.53833527612406e-05	0.000378646980259992	0.000675678545704329	0.00179129148353765	0.00409927832555509	0.0100860268948581	0.0172367811851286	0.0384411637812027	0.0639346032975055	0.0992373661461687	0.143093970592965	0.168795392885684	0.163204130164754	0.136124803015583	0.0875367800321971	0.0448355343200404	0.0162305450392695	0.00350202946286135	0.000645034839769826	8.55596541933636e-05	
4.16854186721341e-06	0.000271572783126978	0.000652453997438663	0.00162804718480613	0.00267080021336759	0.00709038093525097	0.0143444157363999	0.0306329158873166	0.0596589360800422	0.0904416106936994	0.134674008446701	0.170160959752728	0.168293144215338	0.149795316874798	0.0964199172930415	0.0485488456612813	0.0197119537569756	0.00417595260831068	0.000660173519414984	0.000157632638756478	6.7931793391626e-06	
3.216206741445e-05	0.000110116792718998	0.000351944909135268	0.00105169960445252	0.00279917193397097	0.00546341633750322	0.0111005078390445	0.025388123406159	0.048881135278097	0.0843730487388564	0.124811794473362	0.168143441595447	0.176210607019203	0.154364752456991	0.110518052798169	0.0568852017886398	0.0226662935866847	0.00575854159420629	0.000827637201465181	0.000254080332574155	8.27024590657287e-06	
8.03788316163951e-06	3.24606819989288e-05	0.000496493859907425	0.000771636783517393	0.00210932603122563	0.00373143268311496	0.00880673760098557	0.0194675984428147	0.0408769639678701	0.074751076805838	0.11580178270974	0.162916762309748	0.183034501840598	0.164029854552958	0.12105623967731	0.0665244579645761	0.0258779648388984	0.00788485423221599	0.00160664918427079	0.000215167949250042	
1.24603346015185e-05	8.10690905555586e-05	0.000514104175781171	0.00127110796064626	0.00284941701017194	0.00703424346078564	0.0155274228889886	0.0349006280623964	0.0660677706830786	0.107066732629524	0.153582853841198	0.186122479243544	0.172168442802757	0.132605495961313	0.0767352015836009	0.0311114556932038	0.0101270215739156	0.00194811947399544	0.000269820085074857	4.15344486717283e-06	
2.84838985575049e-05	0.0003356812131078	0.00123476168854388	0.002342724086735	0.00534195609344863	0.0127914144016735	0.028888186149934	0.0609305812170128	0.100323812922042	0.14732071414953	0.181411499684916	0.180180107059642	0.14285976810125	0.0841749738323324	0.0366218708867757	0.0123990716699298	0.00244839016202897	0.000340581668773607	2.54211137663754e-05	
3.09268928258533e-05	0.000154019003575518	0.000929653166436843	0.00186699958979554	0.0042983765073783	0.0105369924104482	0.0252274203678669	0.0500407896481997	0.0903553023003761	0.141800726797368	0.181668107357246	0.184808802563024	0.152860399083087	0.0956301069762761	0.0413052502785728	0.0140485025998592	0.00384955189855733	0.000546528971728512	4.15435873780119e-05	
0.000123909656365399	0.000506220019383887	0.00142404092699145	0.003432972236876	0.00927344162137626	0.0217482916416189	0.0425907239513685	0.0841398706922992	0.133556513844757	0.178475911226706	0.189587294966324	0.156449742979475	0.102338488056827	0.0507176945442946	0.0190382279692311	0.00574293653617303	0.000835163352185595	1.85557777477886e-05	
4.10288183654211e-05	0.000316551931957931	0.000885116081591107	0.00348606656718331	0.00839246784654484	0.0179437308964367	0.0390546714383029	0.0735970948523278	0.124482510582592	0.172048894672877	0.194905788152076	0.167370994715273	0.113115069239588	0.0569814990762369	0.0199778075582459	0.00587972163713898	0.00146935416183579	5.16317714261479e-05	
0.00010420415568009	0.000701427091978759	0.00279622135227309	0.00738365246429822	0.0151255162772706	0.0344566877951686	0.0671137499296125	0.119747712711132	0.1647232056075	0.196659254553155	0.172777987920275	0.123917103069386	0.0610911781771709	0.0246794000778547	0.00740216744643815	0.0012216827884726	9.88485823338303e-05	
7.57345564871381e-05	0.000758109018061776	0.00234609165408241	0.00520659806785267	0.0127915055144224	0.0300965462904573	0.0606053573037276	0.110243098764885	0.158812311140767	0.199769284445863	0.181738810448315	0.134196137232238	0.0672799231660709	0.0257089808052599	0.00843157703471727	0.00162768220192115	0.000312252354871366	
0.000188922172722483	0.00045792755777741	0.0014742731907378	0.00463261285239705	0.0123507483915333	0.0268640527176346	0.0579259808492902	0.101107838384038	0.158486687016254	0.196096731862853	0.190242927322784	0.135386545278244	0.073493971805762	0.0285595596474607	0.0100005070906109	0.00226057283923743	0.000454062537877195	1.60784827848922e-05	
4.47022393056805e-05	0.000438880748097351	0.000991130061856532	0.00377726241335869	0.00923416154344697	0.023803251158533	0.0507215264017416	0.0967201306472869	0.151694053572946	0.195154307982453	0.19514478379401	0.145763710107668	0.0787622733377564	0.0329019234405793	0.0114179657838922	0.00272514682227757	0.000688506654873059	1.62832899189077e-05	
2.63470629264931e-05	0.000197525933753007	0.000544197814364758	0.00240436208753172	0.00679168733216266	0.0197233188609379	0.0474749421712784	0.0918510999590619	0.145669829392753	0.19398911018881	0.20069590142932	0.151664017323117	0.0860935733658619	0.0383821239338106	0.0110384949078523	0.00239604196239704	0.000930775480344706	0.000126650793716826	
2.29399254159901e-05	9.82259893651122e-05	0.000387515384376156	0.00136592629725278	0.00582581730027562	0.0142994254549418	0.0393696847499995	0.0897169705873206	0.14430029070582	0.188289676140599	0.202408045539909	0.160208282206039	0.0947643700157624	0.0406190639094005	0.0150465896028868	0.00255187425349018	0.000596592020046724	0.000128709917099112	
2.5971359395949e-06	0.000179049607129719	0.000356571487236146	0.00100570269943254	0.00382435905740465	0.0127705757330951	0.0313164179323376	0.0797615584771128	0.136434883996632	0.185086878780361	0.210291930301427	0.172281623643837	0.10248924785721	0.0449665061127414	0.0149989183692675	0.00347053747881043	0.000662116891894369	0.000100524438132555	
0.00013804059050697	0.000303783204278945	0.000905089268596157	0.00350438419732605	0.0111189974058699	0.0254734972239286	0.0669290272598864	0.132668276096832	0.185550655966695	0.20615970920701	0.186268873959707	0.111439292268084	0.0488597956780148	0.0162829988613999	0.00352801699683461	0.000777378246086307	9.21835689439973e-05	
1.81700916254048e-05	0.000390424020053569	0.000920462675758753	0.00265920067437441	0.0093836875750584	0.0259305843485937	0.0592338774991059	0.123471052792192	0.185293935398025	0.209641702876139	0.183841881067277	0.123235618100704	0.0550421771310606	0.0168629321278746	0.00355046696358978	0.000407196412323174	0.00011663024624512	
1.90109169797969e-05	0.000261125157193574	0.00062594622518604	0.00292061103915243	0.008730881459234	0.0257797461147028	0.0559081216522718	0.108100316052567	0.177923172013919	0.210883702836429	0.19208363420859	0.130827788744406	0.0619636486128944	0.0191059715646959	0.00395914129730498	0.00075996533414279	0.000147216770331154	
0.000165719960278054	0.000752492552135055	0.0020374180734856	0.0070509632571996	0.0242454816285998	0.0538904468718967	0.0993804965243297	0.168932353525323	0.214948639523337	0.199661886792453	0.13314542204568	0.0686608142999007	0.0222056802383317	0.00412472691161867	0.000735332671300894	6.21251241310824e-05	
0.000121051278657817	0.000437279848922914	0.00180749760760679	0.0065523577798591	0.0212394887404813	0.0503834191880116	0.0951606212078023	0.159750624821843	0.208038791128802	0.211673988068575	0.141029670765973	0.0736613732846032	0.0245610022091461	0.0048259852078837	0.000717240756199862	3.96081056317954e-05	
0.000123964759337466	0.000390701596381537	0.00143475307871713	0.00545363170135418	0.0192115939431277	0.050020271018364	0.09442647573259	0.150921370526904	0.206570263078405	0.20959627883305	0.154183540783506	0.0732693873605989	0.027105597859302	0.00621982549752308	0.00102606187346076	4.6282357377972e-05	
0.000129533007600997	0.0004677760736991	0.00411072999621764	0.0154058463427651	0.0424996178776276	0.0896180589737877	0.148766068569593	0.205528565914166	0.207454721737193	0.164636290744608	0.0823075398573064	0.0310945603908788	0.0067697188097471	0.00121048595603132	4.85748778503738e-07	
6.19935967432274e-05	0.000538599100093973	0.00191847191967532	0.012145988419723	0.0375568624771151	0.0851202208050194	0.149633674921751	0.200829604336571	0.211914883901531	0.168813637576555	0.0870172882859215	0.0341480074132292	0.00870431321638476	0.00145788010755493	0.00013857392213192	
