# <P(U)> as a function of N_tot.
# number_of_species: 1
# species_total_upper_bound: 462
# species_total_lower_bound: 439
# volume: 729
# Bin widths for each
10	10	10	10	10	10	10	10	10	10	10	10	10	10	10	10	10	10	10	10	10	10	10	10	
# Bin lower bound for each
-2270	-2270	-2280	-2290	-2290	-2290	-2300	-2310	-2320	-2320	-2330	-2340	-2360	-2360	-2370	-2380	-2380	-2390	-2420	-2430	-2440	-2440	-2440	-2440	
# Bin upper bound for each
-2070	-2070	-2080	-2090	-2100	-2110	-2120	-2120	-2130	-2140	-2150	-2160	-2160	-2170	-2180	-2200	-2210	-2210	-2220	-2230	-2240	-2250	-2260	-2270	
# Normalized histogram for each
7.61008288189059e-06	5.97777524925319e-05	0.000307712046963402	0.000525867756244266	0.00150150243991389	0.00454608704795143	0.0105838973954951	0.0199073886000591	0.0383211054251987	0.065791335571384	0.103405916490186	0.138964194192404	0.160780610685255	0.161052551666305	0.134857175839421	0.0903095520694187	0.0463598896427691	0.0177738816440941	0.0041030846386433	0.000718178594675037	0.000122680418245744	
2.54700609272818e-05	0.000186978464766459	0.000382125170646624	0.00119872651180498	0.00307571406299711	0.0078745928456678	0.0163333634444403	0.0318345316328689	0.0581979382394091	0.0926911952264205	0.132888929037032	0.163617963491898	0.167151173314	0.145339816095022	0.0982969105892818	0.0528449928106483	0.0210642601840238	0.00571301634840043	0.00114440770839884	0.000133365100365592	4.5296609812367e-06	
7.70419896820231e-06	7.55011498883827e-05	0.000240847934410706	0.000839537567563532	0.00221785544963668	0.00587063630043192	0.0127640233572236	0.0265364529860613	0.0498504596636941	0.0841035483962921	0.124896511513027	0.162407192376013	0.17282363624764	0.151477979033059	0.110456458013601	0.0610121563821786	0.0251640416565304	0.00759377211632475	0.00137934510860224	0.000278048209428597	4.29233942514129e-06	
1.90944395927024e-06	1.16035440601807e-05	0.000219255574630819	0.000556235713365876	0.00166977202230568	0.00424777840785348	0.0101542760950946	0.021774307469462	0.0430527837508082	0.0769311666383126	0.115836417789129	0.15777382922719	0.177849208933892	0.160648570548024	0.119045936044129	0.0692676867479338	0.029491398671005	0.00921490310728589	0.00191399724871158	0.000333308131121076	5.65489172553109e-06	
4.85380804597877e-06	8.84998835451017e-05	0.000304585578584503	0.00107148724984915	0.00315037688542159	0.00775021763672393	0.0175135977790142	0.0362921417285673	0.0681965139731645	0.108573810326174	0.150612897275977	0.178419451201456	0.170808278742591	0.13078323017349	0.0780151837334221	0.0341891655267517	0.0111338692667312	0.00264036209262044	0.000444360652389756	7.11648548094632e-06	
6.12019779438766e-05	0.000199032878685251	0.000673799816206197	0.00210485669126933	0.00632797381277918	0.0144664278609323	0.0297598772549894	0.0602961236386895	0.100825092261801	0.144924260565217	0.178866826952744	0.180559130287378	0.138618216859057	0.0856488081655433	0.039596595869394	0.0134625564564763	0.00307480326851801	0.000494059650757091	4.03557316194275e-05	
8.48353717487787e-06	0.000127864159877291	0.000450885621968191	0.00151751068575199	0.00484474677630081	0.0118617463828588	0.0265520694169024	0.0522548145421487	0.0918750899803135	0.139244932838964	0.177333642239532	0.184735312741464	0.148900815767588	0.0952271296329414	0.0442836686337569	0.0158055846478173	0.00415312281339975	0.000721855550884418	0.000100724030355965	
5.60428567221533e-06	9.19888164159165e-05	0.000291993992348544	0.00116197902676403	0.00391125595790004	0.00963344580575439	0.0222259901425256	0.045033326759304	0.0851872125907238	0.132701488794552	0.1755538203291	0.187414452096297	0.158558020866148	0.102383160013957	0.0499661333373789	0.0192154535500205	0.00570166459778095	0.000860525571338184	9.25599538092633e-05	9.92351220940039e-06	
5.32161310723242e-07	2.39827364032608e-05	0.000180154342390175	0.000690638949056623	0.00299723893425544	0.00835837388816424	0.0186876958841438	0.0404173322526438	0.0766371179959855	0.126123720693078	0.172391776305496	0.189875439485418	0.165599482199949	0.110804818770337	0.0573883821806566	0.0218468182891213	0.00649172939725068	0.00133228358010599	0.00012111991432061	3.13620399119564e-05	
6.14525929477573e-06	5.99251585565702e-05	0.000522311518325909	0.00222394447356832	0.00657773635786182	0.0150278586272088	0.0356632130783053	0.0689565584160889	0.11910318856547	0.165063795961478	0.19296448089858	0.17285115379197	0.121923010060251	0.0640109389878055	0.0252723610889002	0.00807931092958876	0.00145344262753953	0.00021479990147693	2.58242977300691e-05	
1.97282246813689e-06	7.85958379716679e-05	0.000488449705727107	0.00190951600429328	0.0048674110055381	0.0129687712419696	0.0314847669746137	0.0626594837609761	0.11081970879238	0.161605408239148	0.193668494028707	0.180539360503256	0.131396106219157	0.0691451728539487	0.0277072346958033	0.00862542643350301	0.00169712052821476	0.000329461352178861	7.53900014609455e-06	
3.22247545606881e-06	9.24602573164358e-05	0.000314740240148786	0.00140524718157339	0.00448993525303161	0.0112751583262392	0.0263441972069991	0.0574922200235418	0.102953522696851	0.159488525862667	0.193501966772383	0.187356458194932	0.136332879589903	0.0750537197282072	0.0312452282574977	0.0102071024775524	0.00199605795639814	0.000365025021990739	8.23324773116481e-05	
2.14653901023227e-06	1.97059318972143e-06	4.933520807124e-05	0.000264868838197021	0.00100757133573739	0.00381292187629045	0.00944839612892451	0.0229922479327158	0.0512117758144805	0.0960542777373044	0.153890308126526	0.191057103251236	0.192351290328586	0.145381603435786	0.0828136861497456	0.0349213393741868	0.0117717254996061	0.00249332822245914	0.000410657545072305	6.23903879531445e-05	1.05567492306505e-06	
2.96616268686126e-05	1.12497571869179e-05	0.000137966742643288	0.000658145732568816	0.0027840354066892	0.00731646475332287	0.0191366405290321	0.0464732360590354	0.0916801756918601	0.146571444343049	0.192620124348248	0.195976569760373	0.152402661650626	0.0893430910419791	0.0386989551001927	0.0126129692231798	0.00295103490778693	0.000499950389269548	8.21022651840279e-05	1.3520670904774e-05	
2.43563043990905e-05	5.3632721864473e-05	8.83177742608856e-05	0.00055544936020734	0.00194969076217018	0.00603317524067902	0.0161206981200771	0.0394444766636246	0.084109158396166	0.143392647564485	0.191455871226753	0.199263497457837	0.159660216293753	0.0965946606374694	0.0427153050201414	0.0139376334842377	0.00377456418789975	0.000680371379904681	0.000131796220222586	1.44811838475968e-05	
1.78258085061473e-06	4.22226993635802e-05	6.68293056152031e-05	0.000490244686484748	0.00175668099943227	0.00507332995854661	0.0147115698549919	0.0349710556055824	0.0780086390858534	0.134492824115928	0.188030822430725	0.201580673859602	0.169966847141909	0.103867106430528	0.0469329420696526	0.0153012545908884	0.00384908139239697	0.000794646581151486	6.14466104976606e-05	
2.02331028781747e-05	9.31704581409187e-05	0.000260119856412998	0.00140001149464666	0.00423197964290362	0.0121588324524803	0.0308167689852692	0.0703611938484494	0.1307713479486	0.185036635065973	0.201521564402475	0.176406252372437	0.113394198387432	0.0512657383821927	0.017069234697436	0.00411005503509181	0.000903897214715266	0.000178766652466091	
1.62694118822417e-05	3.78211003496268e-05	0.00021435478382512	0.00110695388118265	0.00374985293261608	0.0104007321657929	0.0282273944005121	0.0640206287691024	0.123014009266592	0.183270663817008	0.206253497087194	0.17962701985893	0.117995212637516	0.0569279751375214	0.0190339793710196	0.00508926219872227	0.000826958006992819	0.00016403229555732	2.33828776835682e-05	
3.42068034722515e-06	0	2.95165922745098e-05	8.55875381723241e-05	0.000183588266883032	0.000647848645967766	0.00293452056096901	0.00918018916856027	0.025508471790954	0.0585066818935137	0.11541202694283	0.179293161897768	0.209277682084931	0.185872963972266	0.124726081086628	0.0604024441007934	0.0215617119651731	0.00502222877989763	0.00110822990300925	0.00019578986894633	4.78542601153044e-05	
8.28492386786866e-06	2.0958048936939e-05	4.75681010210256e-05	0.000106615736384395	0.000236471386330353	0.000564147146426481	0.00207014269306927	0.00753032878931003	0.0228725333569992	0.0550416640395969	0.106392710446545	0.172389501232137	0.212106969881774	0.192209040143826	0.131269914534691	0.0664976425178923	0.0235283412501164	0.00569753512281136	0.00121981461710522	0.000136139554066079	5.36764770930982e-05	
4.55290220197963e-07	1.52697335389471e-05	5.61758087075025e-05	0.000117850122382011	0.000258920045994119	0.000413753743186057	0.00175146645477693	0.00601536443390475	0.0199019262838904	0.0508371806524351	0.102666438694682	0.166377615747382	0.212123671112914	0.199631418051123	0.1348391368594	0.0708448043120607	0.0265879332121467	0.00609490013314087	0.00122637674159016	0.000201028143379716	3.83144231458901e-05	
2.93282376021686e-05	3.46702929434562e-05	9.67230417422544e-05	0.000242585917054367	0.000503532938228788	0.00144645877274097	0.00530264441645192	0.0175243472132195	0.0464112815152078	0.0997138144206767	0.16146309202267	0.210551132420212	0.204608184297655	0.142924603363004	0.0717963747185073	0.0282140122182358	0.00758915023607286	0.00134273091671014	0.000171370305120512	3.39627359446102e-05	
5.18796105593937e-06	0.000111786539239126	0.000158933888024521	0.000417455596048526	0.00103075672195876	0.00458394918462253	0.0152220035449899	0.0429938601532517	0.0940874946126705	0.159315553700042	0.207166572284335	0.205152451565739	0.149902874708813	0.0784758331278305	0.0312259870577899	0.00819946728753941	0.00167522066799556	0.000213582748066477	6.10286499891246e-05	
4.09574631016892e-05	0.000211254283366608	0.00038551472909298	0.00108127007215572	0.00354838354139991	0.0137194289305787	0.0406616167065005	0.0881241888692566	0.153761652667709	0.20433372377362	0.20754356502451	0.156840624741082	0.084273943957187	0.0340027259312582	0.00908615937800564	0.0021389670034091	0.000192896439124085	5.31264886412403e-05	
