# <P(U)> as a function of N_tot.
# number_of_species: 1
# species_total_upper_bound: 462
# species_total_lower_bound: 439
# volume: 729
# Bin widths for each
10	10	10	10	10	10	10	10	10	10	10	10	10	10	10	10	10	10	10	10	10	10	10	10	
# Bin lower bound for each
-2260	-2270	-2280	-2290	-2290	-2290	-2300	-2310	-2320	-2320	-2320	-2340	-2350	-2350	-2360	-2370	-2380	-2390	-2420	-2430	-2440	-2440	-2440	-2440	
# Bin upper bound for each
-2070	-2070	-2080	-2090	-2100	-2110	-2120	-2120	-2130	-2140	-2150	-2160	-2160	-2170	-2180	-2200	-2210	-2220	-2230	-2240	-2240	-2250	-2260	-2270	
# Normalized histogram for each
2.97759749189045e-05	0.000250942469806444	0.000460578299445449	0.00148652965920957	0.00467223482028439	0.0105537076391028	0.0189029280526776	0.0379801127050751	0.0655504890090301	0.102281909391106	0.139283999405221	0.161327343500046	0.1638530222684	0.136466256758463	0.0901409061185739	0.0447312014383602	0.0172018539272172	0.003913248461154	0.000761394369543744	0.000151565732363257	
1.26294778749322e-06	0.000135930602609456	0.000341557212750945	0.00119881810539496	0.00299197008441543	0.00793903011971435	0.0157908700662477	0.0310980311298855	0.0580254812345605	0.0916737313783026	0.13376305677521	0.163736128857347	0.169192343954381	0.146754579682557	0.0983098671397638	0.0521881833366108	0.020206135531324	0.00536949268229342	0.00113169476928189	0.000146127736597364	5.70665296571013e-06	
9.70411864976339e-06	4.55169374762711e-05	0.000176337698892843	0.000723095469673797	0.00225676210713569	0.00600074971248083	0.0123094896668696	0.0258616610419747	0.0495587953140752	0.0832009876389861	0.124665023066228	0.163438845753311	0.174171369929506	0.153199059754081	0.111008000999617	0.060342797529202	0.0242856197530755	0.00712527222363317	0.0013372737600262	0.000278230944715359	5.40658039058246e-06	
2.40515891786905e-06	1.04531906815078e-05	0.00020041449213705	0.000474972633223024	0.00161057766690612	0.00416254378487741	0.0100533330114121	0.0210724760875169	0.0426615525587584	0.0760406717923378	0.115037409703049	0.158754688267584	0.180372950417233	0.162271678148294	0.119347593243039	0.0690682085955477	0.0281534952070039	0.00857712047251382	0.00182412802697922	0.000296204571346796	7.12297064138142e-06	
3.72450884074248e-06	6.71331223146176e-05	0.000262600864067658	0.000930805339051236	0.00307055865885311	0.00785204632332581	0.0170190741753868	0.0359032996113544	0.0675550953717966	0.107979121047181	0.151878021507797	0.179410694416741	0.172913219771679	0.131520132073842	0.0774999478108946	0.0329900439740344	0.0102549982678735	0.00245638255285561	0.000425789529200931	7.31107290960562e-06	
4.56807213906816e-05	0.000172237290832331	0.000656352640580483	0.00191590051541257	0.00602493155300092	0.0143152074631904	0.0290739099939343	0.0592972235284892	0.100168932049015	0.146125287812479	0.179304444911991	0.182392042254211	0.140262153545123	0.0855249328067133	0.0389934193775158	0.0124706089919446	0.00273792555273331	0.000484616834713519	3.41921567295521e-05	
9.78917560095115e-06	9.90700827022185e-05	0.000436887281449857	0.00143361570270781	0.00476800832152439	0.0120354288393101	0.0262404290414385	0.0513613570842904	0.0907117129480157	0.139696022531057	0.177952211420089	0.185456384962594	0.150098925057879	0.095496444444525	0.0441656785339876	0.0153100440386005	0.00391780029247881	0.000707177296653897	0.000103012945097046	
7.06828162645212e-06	8.83760307816912e-05	0.000296642723800592	0.00105303889963513	0.00362656872519489	0.00969997845749835	0.0217016055128995	0.0444119493577881	0.0839162602217144	0.133328456068941	0.175840883526199	0.187346155136176	0.160925098500106	0.102198978430711	0.0502473335807982	0.0188225188249274	0.00556390818347188	0.00081573372477507	9.69300021767606e-05	1.2515810778049e-05	
6.70698548635169e-07	2.74986404940419e-05	0.000183771402326036	0.000694620130203156	0.0027787040869955	0.00843260342551683	0.0185131131850303	0.039625585665151	0.075255954215792	0.124749661766722	0.173379733153193	0.191029836159076	0.16737577388552	0.111760645394434	0.0572325403977385	0.021268924094899	0.00629142066561734	0.00125335673445283	0.000106059797157508	3.95265011328993e-05	
7.72289502675023e-06	6.7541850725278e-05	0.000559753645898388	0.00216473194009926	0.00653156034710351	0.0147067581045534	0.0354095629796733	0.0679739310776706	0.117900215375025	0.165734041530247	0.194998813888319	0.173542111607351	0.122283605597376	0.0637998179182414	0.0249735658249128	0.00786949610922334	0.00131110651407893	0.000141110238032124	2.45525564434256e-05	
7.06994837920106e-05	0.000552190398753495	0.00176983194626521	0.00467585503349576	0.0126240608925186	0.0309664181433811	0.0617066687265966	0.10907306650074	0.161424353034466	0.195939902961198	0.182039269537181	0.131883117914484	0.0693748196842405	0.0276570363617002	0.00834837909487937	0.00164745724528354	0.000239971214072507	6.9018269534128e-06	
4.04737582384113e-06	9.70035897999725e-05	0.000343493225137637	0.00138776066434605	0.00424022661034854	0.0108270416653768	0.0260218245178819	0.0574243905719449	0.101617865099096	0.15800385915061	0.193571219404063	0.189991070866259	0.137651785488726	0.0754500237149537	0.0313715213471944	0.00968861714244237	0.00188443149758598	0.000360794644868123	6.3023423542669e-05	
2.47660558561241e-06	6.15613388423656e-05	0.000272824640315053	0.00107767723053934	0.00368103195201541	0.00928377716316683	0.0225179613608842	0.0505451760720629	0.0950317788299224	0.15261135504202	0.190888355770053	0.193752771255313	0.146929491127428	0.0841229503766961	0.0350940760744245	0.0114515588772733	0.00222624729596684	0.0003907287562301	5.73599543667731e-05	8.40276895118495e-07	
1.27155248462675e-05	0.000158614072909324	0.000682414499534981	0.00274752133062292	0.00717877174365748	0.0188321762792368	0.0465940388739554	0.0906297493475264	0.14576087720754	0.191027705676694	0.197178191845327	0.153799596816666	0.0910694249177297	0.0391696683078347	0.0119703246929069	0.00265868865012252	0.000443063443605239	7.05293644587089e-05	1.59274048247365e-05	
1.91071793561126e-05	0.000107850386227966	0.000588246946094265	0.00201615801251678	0.00576716902771803	0.015573227651349	0.0394667992599737	0.0842530197231668	0.142587895654466	0.189268181007043	0.199183799145331	0.160759480579217	0.0985960254963397	0.0438844580099575	0.0138640992227059	0.00342947575158704	0.000538945164498791	7.78749030179176e-05	1.81868794329971e-05	
7.4641915290471e-07	7.43784732365046e-05	0.000447105072589921	0.00181498403080129	0.00475073837319351	0.0145504754316794	0.0352135090275225	0.0780708770648972	0.135296638167652	0.186842412958855	0.200741132749022	0.169942649103922	0.104945654758222	0.0475910265840694	0.015259002835822	0.00379422418225062	0.000626948181430962	3.74965856812131e-05	
3.03831112173786e-06	7.77631513186821e-05	0.000242360353826742	0.00136023867915369	0.00410933780889772	0.0119946798731923	0.030618558312566	0.0709184968638244	0.131631042468764	0.184262561159772	0.199670893661973	0.175940142628892	0.114144064824349	0.0531872213918239	0.0169787430506889	0.00409159231060699	0.000716028654356223	5.32364948721895e-05	
8.99240459190969e-06	2.93575561677052e-05	0.000188620094356772	0.00101345281359116	0.00357368737782011	0.0103488911924334	0.0281069507232097	0.0641305235184	0.123737294481679	0.183769353285657	0.203655086271543	0.179169694256481	0.118933058248036	0.0581256690304936	0.0191449616174197	0.00522687924946218	0.000761312841700354	7.62150369579013e-05	
4.29346953103937e-06	0	3.2798566211342e-05	5.21413103872617e-05	0.000170587954356966	0.000550936239720073	0.00274981231562702	0.00917607390185332	0.0261446179522532	0.058662869292048	0.115775087882231	0.180200634273811	0.208622871418422	0.184840148596538	0.12472843251934	0.0607880039221951	0.0214353900778627	0.0049430227822559	0.00100095381417448	0.000121323711181226	
1.04502822948926e-05	2.64356717375038e-05	6.00005614812691e-05	0.000120222527248447	0.000229286278487093	0.000457996905830824	0.00187905817450749	0.00736607631132666	0.0232800407313037	0.0549050304027937	0.105931101997323	0.1731456350455	0.212477707909473	0.191723048744102	0.131129920832027	0.0667682262886416	0.0237629677597278	0.00556154281945605	0.00103767760719709	0.000127573149540617	
5.75160719814526e-07	1.92900056799333e-05	7.09659841986538e-05	0.000118438865149499	0.000257495029947734	0.000316117180236522	0.00151656608875402	0.00567263320700149	0.0198900310400968	0.0517039844214622	0.101848309943317	0.166516018801208	0.212004285566766	0.200210216818779	0.134557523106639	0.0712609089185218	0.0268608019917196	0.00597494652996247	0.00101113254543394	0.000172592459076651	1.71663353298489e-05	
3.70565561719728e-05	4.38063028329715e-05	0.000114745693236977	0.000239459555383906	0.000471230657617536	0.00114222699621522	0.00509315320896813	0.0178329200789765	0.0472297653993682	0.0987007408182213	0.161511424728479	0.21035782150362	0.204790755618494	0.143049079598287	0.0722736499277419	0.0282408059286914	0.00744814428902147	0.00128276476775284	0.000130882504790756	9.56586612883255e-06	
6.55806656145106e-06	0.00014130860989505	0.000180346830439904	0.000302158485692802	0.000882281508817919	0.00442106739888957	0.0155005663643767	0.0441881638685361	0.0945707760944472	0.158560401587637	0.207648992071696	0.204898326261773	0.149096712738118	0.0783059734193586	0.0315357037760328	0.00808414637480494	0.00148996613600535	0.000155266656968409	3.12837499485436e-05	
5.16899180613876e-05	0.000266611156316631	0.000280740318978572	0.00083971983186823	0.00347660772319338	0.0143504025319459	0.0407560523716282	0.0896010064878307	0.154250920940577	0.204299355008112	0.205973573024778	0.156381835618689	0.0835229215387413	0.0341727401589066	0.00951243682245838	0.00207874208679132	0.000135148512418569	4.94959487039433e-05	
