# <P(U)> as a function of N_tot.
# number_of_species: 1
# species_total_upper_bound: 462
# species_total_lower_bound: 439
# volume: 729
# Bin widths for each
10	10	10	10	10	10	10	10	10	10	10	10	10	10	10	10	10	10	10	10	10	10	10	10	
# Bin lower bound for each
-2260	-2270	-2280	-2290	-2290	-2290	-2300	-2310	-2320	-2320	-2320	-2330	-2340	-2350	-2360	-2370	-2380	-2390	-2420	-2430	-2440	-2440	-2440	-2440	
# Bin upper bound for each
-2070	-2070	-2080	-2100	-2100	-2110	-2120	-2130	-2140	-2150	-2150	-2160	-2160	-2170	-2180	-2200	-2210	-2220	-2230	-2240	-2240	-2250	-2260	-2270	
# Normalized histogram for each
4.1260306094294e-05	0.000197802216482009	0.000403331082045346	0.00134250527788082	0.00373359410258873	0.00992086288744413	0.0188100635895493	0.0390752097340943	0.0662541614766121	0.103295948971973	0.141587135623785	0.162730879035368	0.164784622361185	0.13339240614111	0.0878396374161746	0.0452456344239524	0.0162716275668604	0.0040114444035533	0.000923643631182005	0.000138229752064966	
2.1101529540461e-06	0.000149508244484822	0.000359116771253402	0.00110470414834969	0.00260666412875184	0.0067931294357662	0.0151374557541956	0.031951857876353	0.0601660096405855	0.0919133389880222	0.135476039955668	0.16590186647718	0.168917040587073	0.147139480563186	0.0961634214989104	0.0506238198285759	0.0194764773044062	0.00493267791461555	0.00101302972556836	0.000168812236323688	3.43876777696402e-06	
1.61827747309209e-05	6.02615706646674e-05	0.000196736304228767	0.000731769661165833	0.00220178209338987	0.00535418661097326	0.0117073127878367	0.0261615359949991	0.0504705295874679	0.0845193958646537	0.125281185343554	0.165063762829569	0.176409197950089	0.153473120141459	0.110030307254638	0.0583002954281118	0.0226370047194365	0.00607108353155306	0.00111429963147198	0.000195888635076195	4.16128493080824e-06	
3.99936656186532e-06	1.61512880383022e-05	0.000258497519508256	0.000487845809652148	0.00148499556877876	0.00357989453824198	0.00954548814153204	0.0209225323466076	0.042915433624782	0.0771246307988604	0.116938401833125	0.159604644156745	0.182388420172528	0.162430811919866	0.118794338650517	0.0678790182385728	0.0261549343838541	0.00765040367837125	0.00151160673859425	0.000307951225263629	
6.20689702734843e-06	4.07662866487576e-05	0.000282835270715346	0.000906360222709596	0.00264620709932621	0.00726567105484069	0.0167750970708887	0.0360185468213446	0.0667692005187127	0.109120621388553	0.153258785690328	0.180365607690851	0.172700396375509	0.132565833913091	0.0772741055382456	0.0319737189251892	0.00955685896987425	0.00207593885639378	0.000395172444074517	2.06896567578281e-06	
1.94347331933779e-05	0.000171268586266643	0.000769266216595698	0.00202941128017726	0.00566795773522499	0.0138519542497271	0.0288688537371587	0.0590468948724417	0.100697046444381	0.147854971036554	0.178996246135734	0.183201360613524	0.141639576344073	0.0842849456810595	0.0382415574873714	0.0117958961283354	0.00242881023068649	0.000409723652518206	2.48248349774789e-05	
1.64090770760179e-05	9.79226868101256e-05	0.000551679248731677	0.00146299077004608	0.00461869938920249	0.0117443411094633	0.026112995031848	0.0505372225479559	0.0895549691167495	0.141238927861291	0.17792263515192	0.186746692317498	0.151574899156346	0.0955265057493304	0.0429317672591204	0.0150748519802489	0.00367912779070161	0.000576292864345704	3.10708913152377e-05	
1.18594150196243e-05	0.000115799256210727	0.000405637316276322	0.00106696966338977	0.00357678446238364	0.0100353312368607	0.022294718247115	0.0433516761470226	0.083743257412682	0.13421216886266	0.176867991944964	0.18660706441936	0.160072718609243	0.102812441387485	0.0507557280030324	0.01811695604017	0.00528386038613198	0.000622430444342066	4.66067456503707e-05	
1.12690929424451e-06	4.62032810640248e-05	0.000266476484445684	0.000801833526498108	0.00283267432929927	0.00902864701091442	0.0189134445763095	0.0392518283915481	0.0739408761779865	0.12583940656055	0.173443135368176	0.190866355093777	0.167262263271104	0.111777682132395	0.0572353474182471	0.021017384228664	0.00639483460840616	0.000980260831420154	0.000100219799901478	
1.28946633460548e-05	8.03494051274399e-05	0.000688783722432905	0.0023158964440767	0.00715795433395971	0.0157785957979944	0.0358398596106572	0.066401776988959	0.119466596225531	0.165097679310915	0.194910662716378	0.172247658332863	0.121982918968668	0.0634504643308642	0.0250636478346692	0.00821099366201209	0.00118675624159471	0.000106511409950938	
6.67599077569666e-05	0.000609304831085552	0.00207000270158559	0.00487131972084705	0.0130395689463504	0.0314717641235078	0.0615075590186546	0.109081530704434	0.160064713297014	0.195948646407597	0.181662248928166	0.133134702186205	0.06840618183379	0.0272039569391912	0.00891991083430874	0.00170880115394389	0.000228275813620595	4.75265194265391e-06	
0.000148867330361866	0.000405125400548029	0.001383225611279	0.0043043733066528	0.0115751822615907	0.0265675871879036	0.0575964861331427	0.100485074331282	0.157936504496436	0.19359516246941	0.189585235589276	0.136840688490478	0.075154087402162	0.0311567664162477	0.0106736082287164	0.00207509998100297	0.000411029275597521	0.000105896087913034	
5.05497433705838e-05	0.000334239674823492	0.00102777022472492	0.00345154840648644	0.00900821776292633	0.0234447920381321	0.051045697489907	0.0936671087656759	0.1509212541615	0.192161568908955	0.193041566875036	0.148501502065494	0.0832983722460735	0.034652669209115	0.0123263834394866	0.00256759891179375	0.000422962675724664	7.47808150452737e-05	1.41658572867418e-06	
1.27539347566874e-05	0.0001966790991426	0.000622779855078009	0.00261187158622477	0.0074266684179087	0.0194284939460204	0.0473832543223346	0.0905349619287589	0.144134677970979	0.192169800069766	0.196579379781374	0.153885844228811	0.0898056009463867	0.0399515141642887	0.011705725405398	0.00278982999750813	0.000627105751077353	0.000106059036397716	2.69995577890107e-05	
1.11270515874755e-05	0.000121128038086479	0.00041730177362962	0.00180840725665978	0.00594580349223634	0.0160703749420591	0.0404782720420731	0.0863226207208552	0.142266747687534	0.189914798896465	0.197697312682621	0.160022460215003	0.0968574741936416	0.042993956517424	0.0145943603472506	0.00362599993174413	0.000733638622787649	8.72241359340365e-05	3.09914524080695e-05	
1.27601034499116e-06	8.93207241493815e-05	0.000407572716076589	0.00166286665781966	0.00442745565939111	0.0145158186251874	0.0347494396062803	0.077936985505123	0.135914992491054	0.186116692196881	0.203205698271892	0.169805001600267	0.104278267532232	0.04688662482954	0.01541518074011	0.00379658113294106	0.000740836594415458	4.93891062943639e-05	
5.21987355650638e-06	7.96598094927713e-05	0.000230203988876071	0.00134876993679641	0.00381799708004812	0.0120593452720163	0.030306585869076	0.0702522356378016	0.132342934193811	0.185687999382088	0.201592197605349	0.176374685852501	0.112514828412543	0.0510722263312966	0.0172242210303259	0.00412105234769109	0.000892522727821192	7.73146489094133e-05	
1.533974950941e-05	4.10563883928326e-05	0.000244082484840906	0.000851130513220646	0.00320036803367647	0.0102479302053428	0.0274299535528928	0.0644034871461547	0.125352748443222	0.185264922361693	0.205478952472568	0.178674093712184	0.116944535451101	0.0575215040353693	0.0189090234798177	0.00462786707625803	0.000698936135735127	9.40687580209407e-05	
7.35179538422453e-06	0	5.61616533990761e-05	5.93449050087403e-05	0.000207745063383087	0.00052455439024967	0.0028830406661909	0.00922983804222144	0.0261495782646367	0.0580840342044933	0.116028081129866	0.181858482334773	0.20975953111007	0.185282675774606	0.123418227116817	0.0596895298913389	0.0210550872301891	0.00462427929667723	0.000943151976920516	0.000139305153775306	
1.79138556082513e-05	4.53159821954493e-05	0.000102852857411782	0.000203656248292111	0.000214662642627689	0.00046651930749285	0.0020153846620961	0.00790570328582619	0.0242246184956005	0.0549900714732476	0.106689914195668	0.173402630604152	0.213013277506877	0.192196162791404	0.128157772487961	0.0665182448065	0.023410448939439	0.00534948717793013	0.000931520491629068	0.000143842188040831	
9.89442345727291e-07	3.31843740566999e-05	0.000122081963272813	0.000203749012270151	0.000392808611253735	0.000309238788514614	0.00161979323090525	0.00594807071681445	0.0214554483794989	0.0510155712347495	0.100885596565996	0.167128989945287	0.211051781780165	0.203796277169897	0.133250560138534	0.0701905072292463	0.0258174430161125	0.0057384611614196	0.000851985970620869	0.000160517992856835	2.69432761836508e-05	
6.35258826591888e-05	7.50969421061581e-05	0.000195481938074295	0.000370120643237494	0.000548360936440477	0.00107848404408374	0.00588146989850189	0.0193473478020619	0.0484743098341974	0.0989045118625965	0.161666168191556	0.208357921834658	0.20445487321299	0.143699531310789	0.0704366404417417	0.0278110030660242	0.0072932157805649	0.00125434882177112	8.45223746358086e-05	3.06518131045543e-06	
1.12340650859224e-05	0.000232044168700437	0.000226503042002651	0.000386057128560819	0.000684367100099163	0.00458995055189622	0.0162070365325724	0.0445745689914299	0.0932820594409565	0.160083833451645	0.20979176294058	0.20446104724562	0.149414887383052	0.0761195960351645	0.0304831042697342	0.00779697251054636	0.00153458847190603	0.000112568368394749	7.81830205304058e-06	
8.73123063360421e-05	0.000315599151425184	0.000326717017257448	0.000827317456131496	0.00314101945493106	0.0143595390325292	0.0418895242872744	0.0888136629380309	0.157934398365585	0.205920589679745	0.206018426899069	0.155369284360765	0.0808248092655997	0.0321361170690519	0.00953809121660434	0.00230858778051673	0.000156391312707172	3.2612406441306e-05	
