# <N_i^j*N_k^m*U^p> as a function of N_tot.
# number_of_species: 1
# max_order: 2
# species_total_upper_bound: 462
# species_total_lower_bound: 439
# volume: 729
#	N_tot	N_1^0*N_1^0*U^0	N_1^0*N_1^0*U^1	N_1^0*N_1^0*U^2	N_1^0*N_1^1*U^0	N_1^0*N_1^1*U^1	N_1^0*N_1^1*U^2	N_1^0*N_1^2*U^0	N_1^0*N_1^2*U^1	N_1^0*N_1^2*U^2	N_1^1*N_1^0*U^0	N_1^1*N_1^0*U^1	N_1^1*N_1^0*U^2	N_1^1*N_1^1*U^0	N_1^1*N_1^1*U^1	N_1^1*N_1^1*U^2	N_1^1*N_1^2*U^0	N_1^1*N_1^2*U^1	N_1^1*N_1^2*U^2	N_1^2*N_1^0*U^0	N_1^2*N_1^0*U^1	N_1^2*N_1^0*U^2	N_1^2*N_1^1*U^0	N_1^2*N_1^1*U^1	N_1^2*N_1^1*U^2	N_1^2*N_1^2*U^0	N_1^2*N_1^2*U^1	N_1^2*N_1^2*U^2	
439	1	-2149.90421565136	4622651.10096378	439	-943807.950670948	2029343833.6363	192721	-414331690.344546	890881942814.749	439	-943807.950670948	2029343833.6363	192721	-414331690.344546	890881942814.749	84604519	-181891612060.386	391097172904020	192721	-414331690.344546	890881942814.749	84604519	-181891612060.386	391097172904020	37141383851.1487	-79850417695155	1.71691658897063e+17	
440	1	-2157.68391312946	4656138.74225175	440	-949380.921776962	2048701046.59077	193600	-417727605.581863	901428460474.551	440	-949380.921776962	2048701046.59077	193600	-417727605.581863	901428460474.551	85184000	-183800146456.02	396628522612039	193600	-417727605.581863	901428460474.551	85184000	-183800146456.02	396628522612039	37480960000	-80872064440913.4	1.74516549956999e+17	
441	1	-2165.39552647839	4689456.77464071	441	-954939.427176971	2068050437.29864	194481	-421128287.385044	912010243006.859	441	-954939.427176971	2068050437.29864	194481	-421128287.385044	912010243006.859	85766121	-185717574735.353	402196517149640	194481	-421128287.385044	912010243006.859	85766121	-185717574735.353	402196517149640	37822859371.6636	-81901450459344.2	1.77368664067986e+17	
442	1	-2173.21711069803	4723372.4500148	442	-960561.962928531	2087730622.62585	195364	-424568387.61441	922776935335.159	442	-960561.962928531	2087730622.62585	195364	-424568387.61441	922776935335.159	86350888	-187659227325.726	407867405406782	195364	-424568387.61441	922776935335.159	86350888	-187659227325.726	407867405406782	38167092485.0382	-82945378477947.2	1.80277393197521e+17	
443	1	-2180.82431976411	4756475.43988686	443	-966105.1736555	2107118620.19169	196249	-427984591.929387	933453548595.568	443	-966105.1736555	2107118620.19169	196249	-427984591.929387	933453548595.568	86938307	-189597174225.868	413519922037542	196249	-427984591.929387	933453548595.568	86938307	-189597174225.868	413519922037542	38513670011.037	-83991548182632.8	1.83189325455681e+17	
444	1	-2188.86229144321	4791583.49646848	444	-971854.857400786	2127463072.43201	197136	-431503556.685949	944593604163.915	444	-971854.857400786	2127463072.43201	197136	-431503556.685949	944593604163.915	87528384	-191587579168.657	419399560234123	197136	-431503556.685949	944593604163.915	87528384	-191587579168.657	419399560234123	38862602496	-85064885151291.3	1.86213404756839e+17	
445	1	-2197.03467920128	4827419.17984476	445	-977680.432244571	2148201534.70394	198025	-435067792.348834	955949683116.579	445	-977680.432244571	2148201534.70394	198025	-435067792.348834	955949683116.579	88121125	-193605167596.641	425397608981184	198025	-435067792.348834	955949683116.579	88121125	-193605167596.641	425397608981184	39213900622.5327	-86154299579768.9	1.89301935997031e+17	
446	1	-2205.28046305417	4863713.8852368	446	-983555.086522161	2169216393.13762	198916	-438665568.588884	967470511219.17	446	-983555.086522161	2169216393.13762	198916	-438665568.588884	967470511219.17	88716536	-195644843591.452	431491847988784	198916	-438665568.588884	967470511219.17	88716536	-195644843591.452	431491847988784	39567575044.7651	-87257600241625.4	1.92445364199242e+17	
447	1	-2213.60505755361	4900493.08960785	447	-989481.460726464	2190520411.38788	199809	-442298212.944729	979162623749.773	447	-989481.460726464	2190520411.38788	199809	-442298212.944729	979162623749.773	89314623	-197707301186.838	437685692799992	199809	-442298212.944729	979162623749.773	89314623	-197707301186.838	437685692799992	39923636480.0183	-88375163630056.8	1.95645504686468e+17	
448	1	-2221.9345879521	4937433.86515448	448	-995426.69540254	2211970371.58921	200704	-445951159.540338	990962726471.965	448	-995426.69540254	2211970371.58921	200704	-445951159.540338	990962726471.965	89915392	-199786119474.071	443951301534427	200704	-445951159.540338	990962726471.965	89915392	-199786119474.071	443951301534427	40282095616	-89504181524383.9	1.98890183049629e+17	
449	1	-2230.4313963759	4975251.83678999	449	-1001463.69697278	2233888074.37851	201601	-449657199.940778	1003015745569.08	449	-1001463.69697278	2233888074.37851	201601	-449657199.940778	1003015745569.08	90518849	-201896082771.155	450354069746126	201601	-449657199.940778	1003015745569.08	90518849	-201896082771.155	450354069746126	40642963200.0177	-90651341163061.5	2.0220897731544e+17	
450	1	-2239.15324962441	5014229.31137003	450	-1007618.96233098	2256403189.75649	202500	-453428533.048942	1015381435536.63	450	-1007618.96233098	2256403189.75649	202500	-453428533.048942	1015381435536.63	91125000	-204042839872.247	456921646005904	202500	-453428533.048942	1015381435536.63	91125000	-204042839872.247	456921646005904	41006249988.517	-91819277942960.2	2.0561474069567e+17	
451	1	-2247.67285805478	5052447.37082671	451	-1013700.4589827	2278653764.58406	203401	-457178907.001199	1027672847699.84	451	-1013700.4589827	2278653764.58406	203401	-457178907.001199	1027672847699.84	91733851	-206187687056.852	463480454288453	203401	-457178907.001199	1027672847699.84	91733851	-206187687056.852	463480454288453	41371966797.3908	-92990646862587.7	2.09029684891085e+17	
452	1	-2256.53278263542	5092341.54950637	452	-1019952.81775121	2301738380.37688	204304	-461018673.623546	1040385747934.68	452	-1019952.81775121	2301738380.37688	204304	-461018673.623546	1040385747934.68	92345408	-208380440477.657	470254358059597	204304	-461018673.623546	1040385747934.68	92345408	-208380440477.657	470254358059597	41740124416	-94187959096189.5	2.12554969843932e+17	
453	1	-2265.25628651334	5131776.71051722	453	-1026161.09779054	2324694849.51873	205209	-464850977.299117	1053086766992.45	453	-1026161.09779054	2324694849.51873	205209	-464850977.299117	1053086766992.45	92959677	-210577492716.219	477048305440754	205209	-464850977.299117	1053086766992.45	92959677	-210577492716.219	477048305440754	42110733691.6462	-95391604198121.6	2.16102882367616e+17	
454	1	-2274.00549759098	5171480.30882726	454	-1032398.4959063	2347852060.59184	206116	-468708917.141462	1065924835341.89	454	-1032398.4959063	2347852060.59184	206116	-468708917.141462	1065924835341.89	93576664	-212793848381.724	483929875242815	206116	-468708917.141462	1065924835341.89	93576664	-212793848381.724	483929875242815	42483805444.3504	-96608407167396.8	2.19704163361158e+17	
455	1	-2282.83928014317	5211726.93924415	455	-1038691.87246514	2371335757.70294	207025	-472604801.97164	1078957769603.34	455	-1038691.87246514	2371335757.70294	207025	-472604801.97164	1078957769603.34	94196375	-215035184897.383	490925785164458	207025	-472604801.97164	1078957769603.34	94196375	-215035184897.383	490925785164458	42859350638.646	-97841009127794.3	2.23371232247633e+17	
456	1	-2291.83288023035	5252861.11563077	456	-1045075.79338504	2395304668.72763	207936	-476554561.783578	1092258928899.22	456	-1045075.79338504	2395304668.72763	207936	-476554561.783578	1092258928899.22	94818816	-217308880173.311	498070071590158	207936	-476554561.783578	1092258928899.22	94818816	-217308880173.311	498070071590158	43237380096	-99092849359422.3	2.27119952645124e+17	
457	1	-2300.94105243219	5294689.17537611	457	-1051530.06096151	2419672952.79647	208849	-480549237.859411	1105790539587.04	457	-1051530.06096151	2419672952.79647	208849	-480549237.859411	1105790539587.04	95443993	-219611001701.002	505346276587621	208849	-480549237.859411	1105790539587.04	95443993	-219611001701.002	505346276587621	43617904814.9582	-100362227777485	2.30943248405495e+17	
458	1	-2309.87618493612	5335886.92738015	458	-1057923.29270074	2443836212.33611	209764	-484528868.056939	1119276985423.47	458	-1057923.29270074	2443836212.33611	209764	-484528868.056939	1119276985423.47	96071912	-221914221569.56	512628859321033	209764	-484528868.056939	1119276985423.47	96071912	-221914221569.56	512628859321033	44000935684.2298	-101636713480810	2.34784017574822e+17	
459	1	-2318.8770363001	5377543.50558461	459	-1064364.55966175	2468292469.41704	210681	-488543332.884741	1132946243316.47	459	-1064364.55966175	2468292469.41704	210681	-488543332.884741	1132946243316.47	96702579	-224241389794.733	520022325668333	210681	-488543332.884741	1132946243316.47	96702579	-224241389794.733	520022325668333	44386483771.8153	-102926797931861	2.38690247487937e+17	
460	1	-2328.15961822806	5420681.89127824	460	-1070953.42438491	2493513669.98799	211600	-492638575.217058	1147016288194.12	460	-1070953.42438491	2493513669.98799	211600	-492638575.217058	1147016288194.12	97336000	-226613744599.629	527627492579066	211600	-492638575.217058	1147016288194.12	97336000	-226613744599.629	527627492579066	44774560000	-104242322515770	2.42708646583746e+17	
461	1	-2337.22816559477	5462981.2654427	461	-1077462.18433919	2518434363.01426	212521	-496710066.980366	1160998241560.11	461	-1077462.18433919	2518434363.01426	212521	-496710066.980366	1160998241560.11	97972181	-228983340873.948	535220189318702	212521	-496710066.980366	1160998241560.11	97972181	-228983340873.948	535220189318702	45165175436.3373	-105561320145104	2.46736507283148e+17	
462	1	-2346.4694685448	5506264.36888752	462	-1084068.8944677	2543894138.86973	213444	-500839829.244076	1175279091957.57	462	-1084068.8944677	2543894138.86973	213444	-500839829.244076	1175279091957.57	98611128	-231388001112.159	542978940478787	213444	-500839829.244076	1175279091957.57	98611128	-231388001112.159	542978940478787	45558341123.977	-106901256513052	2.50856270499061e+17	
