# TMMC visited states counter in single row (vectorized) notation.
# species_total_upper_bound: 542
# species_total_lower_bound: 521
# volume: 729
63918
229
0
66635
242
479675
76123
243
549889
69856
226
505590
71199
232
519274
76450
235
559179
74981
247
553801
95795
235
711820
90299
242
678905
99956
245
746232
94653
205
716829
81957
166
626371
70853
100
542673
46891
78
364463
36010
59
284157
32751
65
257097
36047
66
284770
40667
71
322615
41994
73
336288
44474
77
357399
47031
86
375994
57549
0
471708
