# <P(U)> as a function of N_tot.
# number_of_species: 1
# species_total_upper_bound: 527
# species_total_lower_bound: 505
# volume: 729
# Bin widths for each
10	10	10	10	10	10	10	10	10	10	10	10	10	10	10	10	10	10	10	10	10	10	10	
# Bin lower bound for each
-2790	-2810	-2820	-2820	-2830	-2850	-2850	-2860	-2880	-2880	-2890	-2900	-2910	-2920	-2930	-2950	-2960	-2970	-2980	-2990	-3000	-3010	-3020	
# Bin upper bound for each
-2630	-2640	-2650	-2660	-2680	-2690	-2690	-2710	-2700	-2710	-2730	-2740	-2750	-2760	-2770	-2780	-2800	-2800	-2810	-2830	-2840	-2850	-2860	
# Normalized histogram for each
8.19220940851657e-06	0.000132002629373925	0.000798903065029713	0.00466711403882288	0.0204516507503866	0.0626725220037847	0.133274863417249	0.201951598153486	0.224903592726153	0.180894064158378	0.107271698958566	0.0458393151854346	0.0135046235207164	0.00299142396445519	0.000557918999037791	7.37373627317916e-05	6.77885698659998e-06	
2.94814439326701e-06	1.05333574710009e-05	0.000113281233929881	0.00103547499906483	0.00508024690234751	0.0207861143699399	0.0636968716589682	0.135050036941669	0.204083588016827	0.225209441464927	0.18006477166646	0.103608372175572	0.0444140045318248	0.0135022509717657	0.00289137486504533	0.000408947608518514	3.70106086379084e-05	4.73048263862615e-06	
4.79009945705782e-07	9.36111684592463e-06	8.9998170961791e-05	0.000873320535895682	0.00553572856649668	0.0219644589250513	0.0648657556246545	0.137703027669252	0.206918624338541	0.223563295351224	0.177766858826519	0.10276826791411	0.0423351292233114	0.0125243499971499	0.00261081214639852	0.000419081716917057	4.53314218385751e-05	6.11944488777619e-06	
2.45977370455277e-06	0.000100627438856935	0.00102985454065972	0.00604613474692331	0.0231706985987559	0.0678821882452883	0.138703959803374	0.206319035658311	0.223531067891756	0.176367769522191	0.100667315009818	0.0411088984901649	0.0121127200231432	0.00252824472675122	0.000372864357759327	5.2738719546423e-05	3.42245299666196e-06	
1.30204550355523e-05	0.00017027371339431	0.00116705575206941	0.00604117482035698	0.023722798278662	0.0696549876237816	0.143173136900422	0.208235585669391	0.223051028130623	0.174217050154193	0.0970223878154376	0.0393148483551555	0.0112646760987652	0.00256106097788421	0.000362939666974056	2.79755878532234e-05	
5.33877518325062e-06	1.4709094589244e-05	0.000156761525631099	0.0011141269494901	0.00618430828003715	0.0250161090583903	0.0719199184308386	0.146344275341039	0.210134835673946	0.221484522456831	0.170949448840486	0.0950688403019906	0.0378061043782471	0.0109901030642493	0.00247827921330636	0.000309707548010519	2.26110677342747e-05	
3.83359957233403e-05	0.000230325811711581	0.00135442673109457	0.00653007776538931	0.0266592421856135	0.0745762405301488	0.149025874219995	0.212551972667474	0.220254289144347	0.166644532127854	0.0922136891633045	0.0368339952747541	0.0105266226339889	0.00224119586902362	0.000295001629161351	2.23957742440052e-05	1.78247617274065e-06	
2.36294527914418e-05	0.000279871204339392	0.00169341143421268	0.00756801949696036	0.0278680144831006	0.0762239919461006	0.151503964193858	0.214920364223013	0.22030411370834	0.162900321813392	0.0888666388799989	0.0352401277684131	0.0102234623224381	0.00204372796738274	0.000297828426416183	4.25126792422636e-05	
1.12602380591738e-06	3.00514391932934e-05	0.000324294856104205	0.00170458280283944	0.0081845311882254	0.0289122144780629	0.0789887994846504	0.15322455472683	0.215509153116228	0.219622782387083	0.161038729081913	0.0866974860468543	0.0337907144275276	0.0096509798697176	0.00197525937424323	0.000304164012500023	3.13367718334885e-05	8.04147547569935e-06	1.19843691240724e-06	
2.29609014857008e-05	0.000226015386125031	0.00179319904533264	0.00845912365538361	0.0298114496756873	0.082372593804357	0.157224706039904	0.216395072089458	0.218721972000657	0.158603715874292	0.0838258370177729	0.0320683244411027	0.00840463715777836	0.00168549864299301	0.000332743267208227	3.14062905379126e-05	1.98336491183365e-05	9.11060805289972e-07	
1.51064249261168e-05	0.000213931245463378	0.00173520204516508	0.00889649613570211	0.0314754732330474	0.0843174767707027	0.159991702192105	0.217028755959219	0.217173258321296	0.155651940140219	0.0824604229723862	0.0312125065972788	0.00798375460191613	0.00156439074080088	0.000235866800089539	4.15164860030215e-05	2.19933367917886e-06	
1.73893465017005e-05	0.00026431233958122	0.00190843245493509	0.00933453533879963	0.0331875391622724	0.08691093365005	0.164002173489336	0.220621488371277	0.214878067856752	0.151457850432649	0.078727842946066	0.0291107826297682	0.0076690526009834	0.00156775804682345	0.000280169648144937	6.02720906536916e-05	1.39959540596231e-06	
1.09497791863901e-05	0.000245847089023081	0.00215726302677674	0.0102055819619271	0.0361250895801684	0.090523877172805	0.1665918259813	0.222590167135999	0.213504169857699	0.147533486287068	0.0732866622059538	0.0279968457947969	0.00729545580357311	0.0015794825243214	0.000297284014707297	5.19563109217761e-05	4.05547377273706e-06	
5.37308530282563e-06	0.000298328591694907	0.00212321632985532	0.01082172363285	0.0375975029673085	0.0940256341778105	0.170085948014368	0.22445427594136	0.21170007873361	0.143308934466255	0.0709271341325595	0.0263634633093426	0.00678321696129037	0.00120631262264422	0.000260294950251011	3.42707084364383e-05	4.29137506034258e-06	
3.67284600262516e-05	0.000344851245359394	0.00234461700129365	0.0112072702586531	0.0404843331903953	0.0972207689141033	0.173961469208299	0.22543912104804	0.207778605068046	0.141020850497222	0.0686228209503914	0.0240836969649961	0.00607804972146645	0.00111892427593582	0.000219629952577362	3.28188391606894e-05	5.4444040340014e-06	
6.90465467056926e-06	6.77574879172727e-05	0.000420788671022088	0.0027436975343058	0.011507808824363	0.0406375854268072	0.100793557765614	0.176197226080091	0.22503624863581	0.206356266271986	0.138737708268056	0.0663800004081545	0.0242712392492364	0.00579935797821684	0.00093525132129327	9.73453041409757e-05	1.10602668420774e-05	1.95851473378705e-07	
2.27447917297029e-06	6.69495823651367e-05	0.000404824903053654	0.00270750473868122	0.0128687440427855	0.0421200901178879	0.10337900836602	0.180649504231379	0.224493394043357	0.203036418179565	0.135115255327328	0.0647339301487508	0.0237301918370951	0.00567794934656427	0.000913045038131733	9.8601551235823e-05	2.31406662693022e-06	
2.59022818968124e-06	5.02067190182475e-05	0.000369320682420014	0.00272117980903011	0.0132617999484226	0.0443125347551391	0.106717387084421	0.182522012900218	0.225529968300658	0.201695182899613	0.131898134586802	0.0628082508132788	0.0218162309624005	0.00536252470107701	0.00078735055220781	0.000118290669940381	2.21297918778161e-05	4.90459528585563e-06	
5.38611497396356e-06	4.20905532820954e-05	0.000485379752630172	0.00310211646067598	0.0144365171852644	0.0466778665302695	0.109515477865905	0.186375620691422	0.226979656882483	0.19980734709562	0.12672588405273	0.0600267827732192	0.02023573524074	0.00467413857908087	0.000804448284200625	8.31899745945023e-05	1.96309240857624e-05	2.73103882158663e-06	
1.01563015664736e-05	5.99845234202611e-05	0.000686619630884044	0.00354164226816384	0.015374067061965	0.0487349731954469	0.115094707149641	0.19010963984892	0.22717103179216	0.194071249898917	0.123047555232864	0.0574733796702812	0.0193213923209299	0.00455018258688685	0.000708016007810131	4.46775778402404e-05	7.2493230310304e-07	
7.58764565371058e-08	2.67518706762253e-05	0.000572484251407866	0.00377393958207797	0.0172135750120358	0.0526886114193662	0.118758079307026	0.192609826798908	0.225690285340713	0.191274473427147	0.119761769460934	0.0547244092667382	0.0178698124188023	0.00419099271885187	0.000754916545075247	8.44396566320077e-05	5.55704715019375e-06	
1.89244729946418e-05	9.68445295490188e-05	0.000620120998231969	0.00380704770389596	0.0175404829234751	0.0569115322841679	0.123544309498089	0.196160557032592	0.223186677722224	0.189451189237006	0.11583351385715	0.0516201291473712	0.0166899061431635	0.00385407390099054	0.000602910044999518	6.13981186368286e-05	3.82385462720554e-07	
1.64652697744933e-05	0.000151544424720579	0.000876662827505717	0.0045231037450574	0.0198971897187673	0.0601981417420866	0.128971147316303	0.197088046525687	0.219156275314131	0.184633222687786	0.113713064230293	0.0499848610103701	0.016210493259234	0.00384429058315911	0.000639452819050099	9.30545289628589e-05	2.98399711123503e-06	
