# <P(U)> as a function of N_tot.
# number_of_species: 1
# species_total_upper_bound: 527
# species_total_lower_bound: 505
# volume: 729
# Bin widths for each
10	10	10	10	10	10	10	10	10	10	10	10	10	10	10	10	10	10	10	10	10	10	10	
# Bin lower bound for each
-2790	-2810	-2820	-2820	-2830	-2850	-2850	-2860	-2880	-2880	-2900	-2910	-2920	-2920	-2930	-2950	-2960	-2970	-2980	-2990	-3000	-3010	-3020	
# Bin upper bound for each
-2630	-2640	-2650	-2660	-2680	-2690	-2690	-2700	-2700	-2710	-2730	-2740	-2750	-2760	-2770	-2780	-2800	-2800	-2810	-2830	-2840	-2850	-2860	
# Normalized histogram for each
6.82505213042414e-06	0.000117147300533483	0.0007749627083793	0.00467929748215167	0.0199336285329843	0.0620861691084877	0.131860776574617	0.201929499865507	0.224231377877191	0.18206970712013	0.108312873310844	0.0465172875720202	0.0137926609407646	0.00302688725704485	0.000576821258853048	6.84966094458678e-05	1.55814289166506e-05	
2.45163294850008e-06	8.75938312017964e-06	9.54987161460096e-05	0.000962435278288429	0.00501249562201744	0.0205487235543535	0.0636727047517146	0.134622716807286	0.203433258080734	0.224906940177012	0.180728129144044	0.10445107913425	0.0445363641424525	0.0135861667695317	0.00293929971842328	0.000448695438566932	3.91764109184906e-05	5.10523819313769e-06	
3.98684382333909e-07	7.79134362685105e-06	7.98048691521411e-05	0.000840590478520065	0.00544131862393177	0.0217031600870748	0.0647362962264767	0.13729590500423	0.206182072970078	0.223574793500729	0.178541018953279	0.103219921256002	0.0425562230819856	0.012609061155857	0.00271453687970694	0.000445695143106631	4.63184716127e-05	5.09327024873087e-06	
2.05132307774361e-06	8.89211923432608e-05	0.00100949210681405	0.00594674286648126	0.0229714667553424	0.067574483357799	0.139047842006901	0.206690440280112	0.223063609623841	0.176319033096169	0.100831748014692	0.0411607499549258	0.0122946109715845	0.00258102536898113	0.000370611807840552	4.43171256587525e-05	2.85414743703909e-06	
1.22107500484916e-05	0.000152491962795195	0.001126742596461	0.00595001030410283	0.0237808445820236	0.0696730115187861	0.143356401482957	0.20819046150905	0.222193444625607	0.174452345946174	0.0971952213402724	0.0394346065623597	0.0114289925329717	0.00264305620293408	0.00038496786044527	2.51902230119998e-05	
4.45246677026785e-06	1.22671872538861e-05	0.000150992981474022	0.00113035854948393	0.00623618359174442	0.0251434585251453	0.0717855917741672	0.146216077070233	0.209673418311339	0.221194481461216	0.170980889637002	0.095375032512856	0.038005254698674	0.0111290597911899	0.0025495258368722	0.000376022728639658	3.69328759393823e-05	
3.19325753069685e-05	0.000217807672306303	0.00131072336564984	0.00648547962919397	0.0266076324022735	0.0741942623638562	0.148357676104995	0.212563491460236	0.22017269897011	0.167300297174863	0.0927049693165814	0.0367512212638779	0.0106374947435131	0.00229114178337309	0.000334054755904534	3.76316761771007e-05	1.48474178236261e-06	
2.25804750278556e-05	0.000260179003773405	0.00154601936149545	0.00745695920761048	0.0278004778185038	0.0760340590368582	0.151189163073106	0.214084601025741	0.219973039264689	0.16355985387011	0.0896256121749845	0.035727641141384	0.0103064701605984	0.00205906389170586	0.000306195366773482	4.78545908166913e-05	2.30536821885683e-07	
9.41010044053763e-07	2.63119721642814e-05	0.000320714982699288	0.00164212909350073	0.00801496379043275	0.0287166976129368	0.0786634350828533	0.152956341451709	0.215250782762261	0.219576094582051	0.161129137740303	0.0873521378587824	0.0341365523759942	0.00982315543778494	0.00202176461828316	0.000329837636341803	3.12802631364238e-05	6.72020356219745e-06	1.001525159427e-06	
2.01776698359213e-05	0.00021420232435639	0.00174434581148552	0.00820226961475544	0.0297597821065427	0.0818218318097717	0.15618587419309	0.216484745391582	0.218985157162266	0.158600871491656	0.0845062745634959	0.0325488774520899	0.00873798538942147	0.00180696335343628	0.000327899974345146	3.54068409158553e-05	1.65735434525924e-05	7.61307500921122e-07	
8.75314836409603e-08	2.09411528793442e-05	0.000230621312777754	0.00175269722682935	0.00876511904906569	0.0313779663129471	0.083867862448149	0.159829353086618	0.216534970720206	0.21790121644676	0.155767641724534	0.0826363638948422	0.0314060186442905	0.00799572334451569	0.00162459640968431	0.000247077231702254	3.99053015592116e-05	1.83816115646017e-06	
2.06627606223195e-07	2.82510845957916e-05	0.000281139317789072	0.00188404848116102	0.009267056484519	0.0334624574199647	0.087254891221316	0.163376183926024	0.21981086375005	0.215927381739969	0.152117944043819	0.078322451674759	0.028681358137023	0.00762757423484555	0.00163697876157487	0.000269080051553408	5.09621536624105e-05	1.1708897685981e-06	
4.18237545907612e-06	1.40148358821252e-05	0.000254555121468205	0.00209713314629265	0.00998856863116143	0.0358512090755233	0.0899585974064416	0.166083015475284	0.223016711143535	0.214496740995792	0.147814154851789	0.0733874053425067	0.0278297709229433	0.00728773852390033	0.00159617585066698	0.000272850776739613	4.377473429849e-05	3.40079031622452e-06	
7.49245711918043e-06	0.000289906870217191	0.00217236885386648	0.0107709937598761	0.0376290255239694	0.093980522130814	0.170020739841964	0.224688672995941	0.211401937862093	0.143193103749498	0.0709707604746598	0.0266324927240156	0.00682602152155896	0.00115874899324947	0.000224833272058077	2.87756808993007e-05	3.60328820119568e-06	
3.80156490721475e-05	0.000318119522956671	0.0023721818593531	0.0112919305384417	0.0398776539565259	0.0966643965910371	0.174046361906997	0.225640502599322	0.207862021354949	0.141313170759275	0.0688766773921512	0.0242580228801111	0.00612004330051776	0.00108647433355432	0.00020229873037524	2.75571044201843e-05	4.57152094064186e-06	
6.04586520182622e-06	7.32683476116417e-05	0.000408399540568092	0.00263083386167345	0.0115573040401143	0.0403081991220811	0.100122058569536	0.175282226506979	0.224703127003151	0.206992313838619	0.13948455693523	0.0671436019676375	0.0243473573025114	0.00588017379364535	0.000963320818751348	8.7756286836008e-05	9.29166616371709e-06	1.6453368931244e-07	
1.90053524726054e-06	6.28890721929741e-05	0.000390923861610962	0.0027281311393378	0.0126652721389051	0.0419187136263265	0.102453915779224	0.179580153119389	0.224392299343924	0.204350265037459	0.135718530128446	0.0652842217383342	0.0237700995886484	0.00562306732555898	0.000958931297755835	9.87526534569443e-05	1.93361418352615e-06	
2.16172551478017e-06	5.07512156125569e-05	0.000383555286980678	0.00280706785455766	0.0133186001922536	0.0444457582898518	0.106496115832226	0.182222093149901	0.22560003976379	0.201708362340346	0.132170188266529	0.0628937833058777	0.0216315350939409	0.00531709429180292	0.000814148285992506	0.000116183029119402	1.84688499374787e-05	4.09322576726702e-06	
4.4790024096311e-06	4.02989894438065e-05	0.000470364438407788	0.00304233155411956	0.0143847689516684	0.0462335653625033	0.108800662788879	0.185510542714375	0.226936044881084	0.201245266147166	0.127238552913674	0.0603311547573903	0.020169480277316	0.00466734611538949	0.000819669473205365	8.68758016068206e-05	1.63247455185144e-05	2.27108584235828e-06	
8.45540614724141e-06	5.69155657898359e-05	0.000672147453688991	0.00352235562762909	0.0152850688430146	0.0482780274179611	0.114123787610711	0.188855720984078	0.226747398474163	0.195516725184143	0.124197278458242	0.0578856591842629	0.0194363171806801	0.00465592926046679	0.000717122247842626	4.04875746886288e-05	6.03526491594676e-07	
6.281916942989e-08	2.88908351597084e-05	0.000557795336480157	0.00365216292398082	0.0167249487465127	0.051849748883212	0.118234665991059	0.190749456712152	0.22588763733194	0.192276360384038	0.121207849417952	0.0553867193987925	0.0181210359851446	0.00438551091651634	0.000838698731058461	9.38548305172761e-05	4.60075631348432e-06	
1.57210000180255e-05	8.41669856092765e-05	0.000635280036755854	0.00380883329906789	0.0173437932025015	0.0563755839803849	0.123114957025646	0.195742659696224	0.223400750481463	0.189993391695923	0.116570346073422	0.0515652426670158	0.0166264349214655	0.00398997542012957	0.000655894744938088	7.64563235722236e-05	5.12445864102623e-07	
1.37148893063739e-05	0.000134459176908508	0.000899578379151361	0.00460650139133187	0.0200108875212309	0.0596564100362619	0.127886170478483	0.195846314246741	0.220690083163893	0.185780523493685	0.11395774907461	0.0499278398570579	0.0161698752051005	0.0037192087123747	0.000620673455451063	7.75253721309591e-05	2.48554628206128e-06	
