# <P(U)> as a function of N_tot.
# number_of_species: 1
# species_total_upper_bound: 527
# species_total_lower_bound: 505
# volume: 729
# Bin widths for each
10	10	10	10	10	10	10	10	10	10	10	10	10	10	10	10	10	10	10	10	10	10	10	
# Bin lower bound for each
-2790	-2810	-2820	-2820	-2830	-2850	-2850	-2870	-2880	-2880	-2900	-2910	-2920	-2930	-2940	-2950	-2960	-2970	-2990	-2990	-3000	-3010	-3020	
# Bin upper bound for each
-2630	-2640	-2650	-2660	-2670	-2680	-2690	-2700	-2700	-2710	-2720	-2740	-2750	-2760	-2770	-2780	-2790	-2800	-2810	-2830	-2840	-2850	-2860	
# Normalized histogram for each
4.07243098766403e-06	0.000104035199849146	0.000831121090904461	0.00467200305599085	0.0201917690848733	0.0614734295653558	0.13275119909158	0.2027029313952	0.224681544561511	0.183005895203939	0.106473013572283	0.0454561920146978	0.0140157037711597	0.00300802934527577	0.000556087823532483	6.26035057270027e-05	1.03692871328732e-05	
1.5610597571052e-06	1.22261746462472e-05	9.33275534894964e-05	0.000868529128166345	0.00504162326224611	0.0211322474175361	0.0635280499220955	0.135076324372933	0.204256031636797	0.224617868416005	0.180422826150382	0.104031667933297	0.0441283519779425	0.0133265573036786	0.00291854938188875	0.000506859514213658	3.30431404535301e-05	4.35565447214094e-06	
1.82301781809984e-07	5.96367069176847e-06	9.66679928909314e-05	0.000876799497708564	0.00544811983961773	0.0222588652572173	0.0648655177137851	0.137155313647969	0.206454597236731	0.224712396257461	0.177923978342447	0.101940998443796	0.0424431404770132	0.0125942083673584	0.00269947956289482	0.000464651912030973	5.29890512461021e-05	6.13042736040086e-06	
4.06948047377451e-06	9.01878403167181e-05	0.00094076689273781	0.00578243515206606	0.0231969720804921	0.0672448895650465	0.138778430998351	0.20667823702667	0.224709031056713	0.177002758864576	0.099657833442979	0.0405929735444874	0.0123938649445757	0.00254799239181176	0.00034152570170217	3.56989727502513e-05	2.33204425077441e-06	
1.18913066357829e-05	0.000132422525002978	0.00108011928042908	0.00601516068568159	0.0239152567094953	0.0692690013353539	0.142982708839905	0.209282276007178	0.223924442465971	0.173902084459658	0.0965012417156791	0.0387165494227124	0.0113657336773183	0.00252203483673308	0.000352971015524721	2.48224518236713e-05	1.28326489786227e-06	
2.18924495820052e-06	1.45705789120338e-05	0.000145165512729625	0.00110408857169587	0.00633306779405316	0.0252865165193741	0.0719806366179702	0.144731803043041	0.210315275952231	0.223201800691685	0.170678731473694	0.0944650307414593	0.0377375208021535	0.0110924652286346	0.00247296463272237	0.000395223435564498	4.23286854546675e-05	6.20473667459144e-07	
1.80088032041647e-05	0.000170594986798318	0.00117853393574334	0.00663725009447661	0.0264209841809123	0.0737832141611644	0.14760899867512	0.212607878050026	0.221067836422453	0.168909316696073	0.0920330473449046	0.0361942029233604	0.0106953968653903	0.00228112350954004	0.000345359263945692	4.74089794665741e-05	8.45107419825331e-07	
9.79162190198947e-07	1.43859354303906e-05	0.000190601316871144	0.00132291997114827	0.00733126345584582	0.0280590957321083	0.0756256509324071	0.14986226942613	0.214534902207388	0.221106589399602	0.164948738344516	0.0892038902652004	0.0351587542216102	0.0101584949549598	0.00211134559329585	0.000318927918445635	4.6692652241113e-05	4.49851060907229e-06	
1.36767898044264e-06	2.39357921360765e-05	0.000208225599826566	0.0014614411294328	0.00775031107717412	0.0286704387403345	0.078250768701151	0.152871448082346	0.215412389094383	0.220038178321646	0.162778959735979	0.0871832084304499	0.0335382183185011	0.00943481641838213	0.00201367324229895	0.0003267131288178	3.17428421512424e-05	3.69696318218619e-06	4.66702827346921e-07	
1.23592147508505e-05	0.000204802194171277	0.00164529615396302	0.00831766697169124	0.0303413028720883	0.0810581917955567	0.155943396921606	0.216567650824737	0.219669522010273	0.158874997023466	0.0843036468983225	0.0322761315996616	0.00870296725312465	0.00177081757912191	0.000271780118853565	3.13391354195454e-05	7.77629954335154e-06	3.55133650765601e-07	
1.97884763081847e-06	1.40381115249724e-05	0.000212784653582179	0.00172228150231951	0.00863163181393421	0.0319797912576399	0.0841647508198744	0.160659021366983	0.217956570032174	0.217185368117401	0.154851444897065	0.0816753294706199	0.0308573036908503	0.00817114846952588	0.00165221788431459	0.000232145766503238	2.88872261773293e-05	3.05642396007386e-06	2.49647919212309e-07	
5.48489376483544e-06	4.05660611702413e-05	0.000236900581537684	0.00189866355642158	0.00934423578977278	0.0338369321538873	0.0874332417659389	0.163142110901268	0.220610525571985	0.215570157770375	0.152026239002695	0.0776145752841285	0.0286129508035693	0.00776493970687766	0.00159483801729778	0.000234169351206933	3.19896053523736e-05	1.47918275099729e-06	
5.30069562856415e-06	3.3853476844508e-05	0.000280812030549692	0.00211129133507419	0.0100188603772028	0.0356143457701072	0.0898204375118708	0.16633090544735	0.221756432107299	0.214522916858318	0.148309899498923	0.0741858274587019	0.0279239144854246	0.00736229872814051	0.00147627248732103	0.000217345352829225	2.72300619839417e-05	2.05631643066288e-06	
2.43505265217933e-07	4.0547145521e-05	0.000347900054297029	0.00220884892869584	0.0105623617990618	0.036833868984627	0.0933824675536237	0.168958642146629	0.224164891901531	0.21256360714692	0.14451955290063	0.0718470448785848	0.0263977639618083	0.0066876398643044	0.00126660882379726	0.000191350097024954	2.46573713068656e-05	2.00293637228392e-06	
1.21284678852421e-07	3.08824639245386e-05	0.000327427734579599	0.00233771000426278	0.0112044831239964	0.039090566748877	0.0963992726715761	0.173920324176685	0.224795038658977	0.209063155015272	0.141574507010887	0.0692561141161451	0.0244910645607132	0.00622264583607196	0.00109787032325908	0.000166248858106511	2.03010808381466e-05	2.2663311501842e-06	
3.06863568386822e-06	4.11997203654495e-05	0.000343025694290131	0.00248473975672518	0.0115901875066442	0.040305533213755	0.0999102816299411	0.176625222463719	0.225060288231536	0.207397566121007	0.138898014620982	0.0665604211044507	0.0236254091685039	0.00601258525093263	0.00104064630584251	9.64902878670032e-05	5.09978698636413e-06	2.20500767703106e-07	
2.34667807576646e-06	4.21111735179384e-05	0.000364700713689177	0.00263052544973578	0.0126336087011409	0.0422294815412663	0.103036878919407	0.179634758288394	0.224973169990001	0.204713134039431	0.135419244098466	0.064423453887215	0.0230566891928809	0.00571894947211179	0.00101611727853636	0.000102716438964712	2.08719645167869e-06	2.69407150692222e-08	
2.5618152815653e-06	5.11797846102015e-05	0.000399517424652229	0.00282440629351509	0.0133763242016832	0.0445982635459289	0.106804869813874	0.183732421245326	0.225938149967898	0.201640752112906	0.131357570295144	0.0615334281893602	0.0213032546960229	0.00540234984845259	0.00089425157448277	0.000123039197817043	1.57255610968231e-05	1.93443194730441e-06	
2.14555871876094e-06	8.34763103899635e-06	5.30702313967874e-05	0.000469271654959215	0.00303000664961113	0.0142331104589308	0.0471385833637603	0.110519678947977	0.186523396483207	0.226437040488931	0.198826051504204	0.126837062494486	0.0595530477293343	0.0202046027543673	0.00507201834434789	0.000958538665956823	0.000121843279553015	1.11102689386335e-05	1.07349028009577e-06	
4.71904642057999e-06	7.14254462612483e-05	0.000610885688542363	0.00344532563754891	0.0155348087258138	0.0494190780477374	0.114135607615063	0.189343507791193	0.22595404802616	0.195932214186683	0.12357063136625	0.0571898457286019	0.01908623026752	0.00478221068593951	0.000803182555682429	0.000104914717719374	1.13644668630876e-05	
2.08230502394671e-06	5.41824555720484e-05	0.000597712261764832	0.00380101322524368	0.0166849644200339	0.0530065485828106	0.119243601183328	0.193673219954627	0.225149270404191	0.190547447643959	0.119858348939836	0.054371090577744	0.0177199919217905	0.00435214365739862	0.000846945320403672	8.79883728736857e-05	3.44877339908942e-06	
9.77477325529923e-06	6.84022338763869e-05	0.000672332991980593	0.00401656064873421	0.0177825236296672	0.0563657943970861	0.123181520308141	0.197042477226702	0.225432157543795	0.188515089570774	0.114948090285126	0.0511835182644519	0.0162967058535486	0.00378451320760147	0.000627803626253938	7.05300084388217e-05	2.20543056836305e-06	
1.12398687940107e-05	9.47110665945684e-05	0.00076409853008819	0.00445652966970253	0.0197432560308304	0.059816439462582	0.128565084356075	0.197791109046482	0.223700246945567	0.185105192957399	0.111599770707236	0.0490017280046755	0.0152619841070297	0.00345125918503571	0.000585865925399883	5.0309529667942e-05	1.17460684087696e-06	
