# <P(U)> as a function of N_tot.
# number_of_species: 1
# species_total_upper_bound: 527
# species_total_lower_bound: 505
# volume: 729
# Bin widths for each
10	10	10	10	10	10	10	10	10	10	10	10	10	10	10	10	10	10	10	10	10	10	10	
# Bin lower bound for each
-2790	-2810	-2820	-2820	-2830	-2850	-2850	-2870	-2880	-2880	-2900	-2910	-2920	-2930	-2940	-2950	-2960	-2970	-2990	-2990	-3000	-3010	-3020	
# Bin upper bound for each
-2630	-2640	-2650	-2660	-2670	-2680	-2690	-2700	-2700	-2710	-2730	-2740	-2750	-2760	-2770	-2780	-2800	-2800	-2810	-2830	-2840	-2850	-2860	
# Normalized histogram for each
4.29975613573888e-06	0.000109316088152775	0.000843517070281566	0.00466331423964157	0.0202266587576949	0.0614006825898109	0.132378825264661	0.202664855675971	0.224732271979849	0.18324142495862	0.106465870244749	0.0454908635123761	0.0140928909087335	0.003041637292186	0.000566691961440633	6.59315937353864e-05	1.09481059612465e-05	
1.64748985975977e-06	1.29030926981912e-05	9.42301352757964e-05	0.000876361356708887	0.00501643005275646	0.0210516912677504	0.0635070201338554	0.134731122188062	0.204145731212966	0.224899900177078	0.180624898560039	0.104052620951815	0.0440867328802767	0.0134270932332049	0.00293680255533129	0.000497800807534587	3.24170938436291e-05	4.59681094385287e-06	
1.92659263295888e-07	6.30249683029961e-06	9.64670320527754e-05	0.000881711839145609	0.00539851417771006	0.0220531174373118	0.0645997158362488	0.136981288791961	0.206562920778472	0.224815311528341	0.178109683523228	0.102130056944612	0.0424983394937054	0.012631779272128	0.00270983019935505	0.000474080681595378	4.61799773672261e-05	4.50733067152706e-06	
4.29970598090676e-06	9.23998646598109e-05	0.000938559723432931	0.00574109663966883	0.022973724123961	0.0671087668417701	0.138469273065359	0.206623368978941	0.224838961233096	0.177050491760715	0.0999294162048436	0.0407683551121437	0.0125182026084788	0.00256660514874092	0.00033835195807541	3.57298883532553e-05	2.39714178002885e-06	
1.25643072757495e-05	0.0001329399157476	0.00105912308214997	0.00600498808202382	0.0238807443825909	0.0690586898447346	0.142814520169841	0.209129649085648	0.22385911908524	0.174143155760571	0.0966494685518801	0.0388466258508209	0.0114710073748024	0.00255863918385983	0.000351498798682887	2.59106315467711e-05	1.35589258495841e-06	
2.31571182104598e-06	1.29254223430491e-05	0.000140670563648514	0.00107450367918538	0.00630085392825879	0.0251816634996827	0.0718618389417011	0.144833250607158	0.210094114308554	0.223114512089446	0.170829757436241	0.0945244991014874	0.037918094886149	0.0111824146296839	0.00250206560452665	0.000388207656046287	3.76556172854148e-05	6.56316782185911e-07	
1.79948892017648e-05	0.000161499188568279	0.00118522809340283	0.00658644900687608	0.0262706624973854	0.0738395538580197	0.147728510055784	0.212381792625149	0.221037352167051	0.16896769035554	0.092155421526586	0.0363068196058151	0.010700411830734	0.0022825209733057	0.000338757839448139	3.85492232871042e-05	7.86263846347861e-07	
1.03483068867089e-06	1.52038218158539e-05	0.00019254997841373	0.00134235705693854	0.00733066912822364	0.0279942412788899	0.0756644137881437	0.149646233078564	0.214438477417128	0.221217380778013	0.164915008015471	0.0891873846843122	0.035376570048471	0.0102203660784287	0.00209956426183182	0.000307509989652438	4.62814997064133e-05	4.75426530780741e-06	
1.44589071642552e-06	2.53045781464327e-05	0.000214078281352166	0.00147696246073881	0.00781610808892292	0.0287209734494725	0.0782945783394069	0.152587794238351	0.215111242076679	0.219818126146917	0.163018460300907	0.0873918290771861	0.0336720923114588	0.00947826082886511	0.00201778670365038	0.000322605049796283	2.84706316327088e-05	3.38815422519094e-06	4.93391574367885e-07	
1.30598366855956e-05	0.000214295986116378	0.00166239063241175	0.00829643027293553	0.0303405053692481	0.081245013202996	0.156051075707848	0.216182280724221	0.219360855851573	0.159011749619366	0.0845042704228933	0.0323611867389906	0.00868506242103815	0.00176544867775535	0.000269897831289328	2.79319676980293e-05	8.1694713862232e-06	3.7526554672407e-07	
2.09244065456131e-06	1.46008510393124e-05	0.000214702606294117	0.00171073056109843	0.0086406300303912	0.0319625887837446	0.0842782285020391	0.160653462266474	0.217499139060595	0.217408828546413	0.154982309771444	0.0816703912284315	0.0308978168746378	0.00813198798278074	0.00166566926249764	0.000237322739870547	2.85902261924023e-05	9.08265401730463e-07	
5.79990406585062e-06	4.28958651168855e-05	0.000246220160488772	0.00192278384008846	0.00943346390308058	0.0338442652963	0.0874657201318117	0.163135591816273	0.220345946338152	0.215913307386917	0.152000702630505	0.0774333938950361	0.0285914781010293	0.00773667172371748	0.00160589291602431	0.000240475112366284	3.38268433452065e-05	1.56413568238047e-06	
5.59946350056988e-06	3.57615907875771e-05	0.00028717735379001	0.00212809247652513	0.0100549413461384	0.0357549200321711	0.0899431983399095	0.166544447275128	0.221458422868505	0.214400948865319	0.148153678409298	0.0742010201617952	0.0278988371793145	0.00739416637994544	0.00148452016165069	0.000223331023338554	2.87648544420648e-05	2.17221844187231e-06	
2.57236077628127e-07	4.17867369340072e-05	0.000351942074693839	0.00223570268795702	0.010608913957488	0.0370105662826535	0.0935160824471545	0.168978052272893	0.223867953387895	0.212588899301515	0.144418596861118	0.0717793885468102	0.02639144614923	0.00670435727344555	0.00127780311610967	0.000201085753931763	2.50500358370003e-05	2.1158782570221e-06	
1.28325427362917e-07	2.85479311198526e-05	0.000332680686126098	0.00238255553928973	0.011329626666296	0.0392820830385007	0.0965742369252311	0.173687737763515	0.224668744173764	0.208935012714871	0.141432629786293	0.0692946713451213	0.0244977374108294	0.0062458044672994	0.00111156380475438	0.000173390034709283	2.05574350323128e-05	2.29195181894698e-06	
3.02036072540271e-06	4.1832220220063e-05	0.00035123761425314	0.00251030384628636	0.0116275922305705	0.0403801276261271	0.10001628035705	0.176853166234883	0.224829010893256	0.207289254584448	0.138832998432966	0.0665211150698344	0.0236264661516184	0.00600880067656798	0.00101481280845882	8.92568154200651e-05	4.64188046170253e-06	8.21968529921569e-08	
9.46637172847473e-07	4.25762051237174e-05	0.000372477762017434	0.00264901883738174	0.0127544964763933	0.042240300209563	0.103059174256722	0.179527257903632	0.224903773058213	0.204803698650434	0.135315844908562	0.0645324492948402	0.023030112675257	0.00570024613495157	0.000977073355366873	8.86918147402174e-05	1.86181962950856e-06	
2.70148214068485e-06	5.16515040952562e-05	0.000404603945433458	0.00282421555544708	0.013327840369316	0.0445913228214834	0.106700766434175	0.18356588430671	0.225805950615655	0.201775007871997	0.131705062282499	0.0615928153270385	0.0212971262607488	0.00533419643676145	0.000884113300250384	0.000119762231426036	1.49393601447911e-05	2.03989467765999e-06	
2.26319596451732e-06	7.7734557217318e-06	4.3569146964366e-05	0.000465463970035729	0.00306950414588255	0.0141349681225174	0.0468202647124588	0.110416899204178	0.186669607491599	0.22642831984594	0.198856482818955	0.127081746965194	0.0596407779175353	0.0201963138473941	0.00506411169229937	0.000966299188333339	0.0001236313914825	1.08705396625723e-05	1.13234788151794e-06	
4.97516572871148e-06	7.0654263300104e-05	0.000624982662215898	0.00346976500079576	0.0155220709310009	0.0493721371644719	0.113974987116957	0.189281515572238	0.225980014401753	0.196091357784571	0.123665750718928	0.0571619593414585	0.0190744999928024	0.00478092546455614	0.0008099035036113	0.000103981264162783	1.05196514487218e-05	
2.19532570801918e-06	5.21049871584729e-05	0.000601519243997255	0.00378059894549734	0.0166593195486496	0.0529528401790227	0.119214544323035	0.193300018670431	0.2251910549447	0.19089132194906	0.120024407299457	0.0543644779479077	0.0176958540141222	0.00435665898679765	0.000825476838231062	8.39708347228657e-05	3.63596150279827e-06	
1.03113245203616e-05	7.08953829040432e-05	0.000662434459006566	0.00399752610428052	0.0177305794394524	0.0563118545608692	0.122938767643338	0.196644641083705	0.225404937391047	0.189019079244982	0.115065325912282	0.0512749579667189	0.0163512480207299	0.00382505307859674	0.000624306538105694	6.72373426004164e-05	8.44506861627187e-07	
1.18639587685072e-05	9.99698670502316e-05	0.000783176257033331	0.00444347911815953	0.0197059321956159	0.0599103556736759	0.128310807026607	0.197604594696623	0.224014333693146	0.185149463039632	0.111549481944034	0.0490916739591957	0.0152489227328394	0.00345095225353631	0.000573347430652574	5.04063269349701e-05	1.23982649484275e-06	
