# <P(U)> as a function of N_tot.
# number_of_species: 1
# species_total_upper_bound: 527
# species_total_lower_bound: 505
# volume: 729
# Bin widths for each
10	10	10	10	10	10	10	10	10	10	10	10	10	10	10	10	10	10	10	10	10	10	10	
# Bin lower bound for each
-2790	-2810	-2820	-2820	-2830	-2850	-2850	-2860	-2880	-2880	-2900	-2910	-2920	-2930	-2940	-2950	-2960	-2970	-2990	-2990	-3000	-3010	-3020	
# Bin upper bound for each
-2630	-2640	-2650	-2660	-2680	-2680	-2690	-2700	-2700	-2710	-2730	-2740	-2750	-2760	-2770	-2780	-2800	-2800	-2810	-2830	-2840	-2850	-2860	
# Normalized histogram for each
4.43239117046033e-06	0.000110920684648862	0.00086789775738656	0.00473401558082634	0.0204878084356026	0.0617581449007301	0.132896172213947	0.203097666632299	0.224219136822873	0.182566624217247	0.106321876120354	0.0455800012636713	0.0137283946911939	0.00297780008964712	0.000563617354209605	7.15320626815145e-05	1.39587815118035e-05	
1.50620840779202e-06	6.00383452789087e-06	8.62986784317439e-05	0.000929038509171183	0.00510732935672424	0.0209199194767622	0.0634873067254943	0.135070277469857	0.204998476877769	0.224673622964522	0.18021732055978	0.103820366477419	0.0440258971479346	0.0132830534113414	0.00286757645523423	0.000464750244721641	3.60573693363443e-05	5.19823256580185e-06	
2.45832910629361e-07	4.80422300540014e-06	8.34764714512288e-05	0.000859102172664594	0.00533467325609397	0.0218265932190346	0.064464400169175	0.136980784813563	0.206984940056741	0.225026190495179	0.178105663615794	0.102191614690872	0.042410992740659	0.0124845519504159	0.00273263289820051	0.000460767101778532	4.37811262697591e-05	4.78516619062267e-06	
5.20259770233044e-06	9.39215770998123e-05	0.000923594710793166	0.00573090301982993	0.0229570906533867	0.067173297589396	0.1382990266586	0.206499400427623	0.225215096521606	0.176937199763441	0.100099973648132	0.0406671160826608	0.0123501898724516	0.00263933941163279	0.000365624162241992	4.01557149432696e-05	2.86758846033732e-06	
1.36595417732218e-05	0.000144756205964259	0.00109001586382802	0.00599811289462035	0.0238348921628734	0.0692009835659953	0.142645979545715	0.208311262685991	0.223555102443411	0.174789666790953	0.0970896115231636	0.0389799784079746	0.0113711830818118	0.00257442298993007	0.000377589304371449	2.27829916231427e-05	
2.95186147372439e-06	1.42983161487537e-05	0.000131737252222602	0.00107210811950722	0.00635004781702569	0.0252421395746835	0.0718086800992919	0.144790668221893	0.209087663336754	0.223205071733582	0.171297921367635	0.0950467295891352	0.0378327564338074	0.0112365016292995	0.00247311734918317	0.000375501062122822	3.16300683492331e-05	4.76167885542945e-07	
2.14126755535836e-05	0.00016896013357354	0.00125116566615127	0.00673372815855197	0.0263866040618297	0.0737096862472027	0.147640151492395	0.212304922634581	0.220701438416338	0.169116105815107	0.0926176740315016	0.0362863275827658	0.0104905806626038	0.00222150395023484	0.000315207096203523	3.36043458931229e-05	9.27029512678386e-07	
1.41100482468117e-05	0.000219858207435208	0.00142192665407372	0.00748289370840758	0.0283191739011813	0.0757955114033452	0.150345509665557	0.214226971339785	0.220502216270813	0.164545781473156	0.0892491391278356	0.0354889890672829	0.0100057055090845	0.00206099014901788	0.000285715208548484	3.51557045719528e-05	3.52561656892394e-07	
5.89935030056791e-07	1.77947926590442e-05	0.000238895233714959	0.0015592646758422	0.00794171485911054	0.0287695171563502	0.0786966102917417	0.152375494989634	0.2149482476365	0.219743465291569	0.162670686414409	0.087479644585807	0.0337625053137781	0.00942620574411734	0.00200560079385603	0.000332313627156235	2.66077770630438e-05	4.21300868731876e-06	6.27872974111891e-07	
1.49631636007191e-05	0.000216508474642216	0.00167746477623556	0.00826645894617213	0.0300502952278298	0.0813150578648254	0.155705201953126	0.216189486337312	0.219234457865499	0.159091870341834	0.0850416257883406	0.0324628965877714	0.00860167632412919	0.00178830871887544	0.000304664738732753	2.81726535374269e-05	1.04119629012614e-05	4.78274635639422e-07	
5.50949822961109e-08	1.60098419244595e-05	0.000210768704514236	0.00172324565764195	0.00870138993222373	0.0314942012065676	0.0842748370787703	0.160305471887545	0.217085885685173	0.217912665687259	0.155691263320592	0.0817916340332595	0.0308988638261456	0.00801230368985744	0.0016245249485022	0.00022469063659237	3.10317738215405e-05	1.15699462821833e-06	
3.35556523392636e-06	4.51764449389162e-05	0.000262440324260599	0.00188892452527282	0.00936214785587624	0.03354847101423	0.0872139068355241	0.162891218000293	0.220253954199866	0.216717794597747	0.152380320617139	0.0775327102510076	0.0283827284589617	0.0076235099767894	0.00160864513248949	0.000244193376114606	3.86352643140874e-05	1.86755994167314e-06	
6.51332705070388e-06	3.70909300990344e-05	0.00030940187044068	0.00212906496967261	0.01010179542855	0.0357952131167392	0.0892882753799417	0.166041679220549	0.222509190345907	0.215069447059444	0.148053173325336	0.0739350996572189	0.0275985978709249	0.00735467825573267	0.00150391553797753	0.000229060791198135	3.50416241906579e-05	2.76128902727932e-06	
3.26204773504165e-07	5.04995158612056e-05	0.000371617003360086	0.00229203352997397	0.0107259071027861	0.0371962478727725	0.093389745364139	0.168326599568017	0.224095461409657	0.213134157022888	0.144459514308848	0.0715159918835576	0.026380268655388	0.00660640843645644	0.00120291875661948	0.000219550897182107	3.00692920408724e-05	2.68317568032617e-06	
1.62473939132932e-07	3.47259706418887e-05	0.000343609710483947	0.00243694283459115	0.0112450839306174	0.0395431585740092	0.096899935274539	0.173295944704511	0.225135847010972	0.209097651518935	0.141090286809539	0.0690987248293343	0.0243173497807238	0.00616761463723788	0.00108354814623678	0.000183121354025767	2.33905795395911e-05	2.90186012218819e-06	
3.82953270056164e-06	5.30393121333106e-05	0.000404028016565638	0.00251699779113084	0.0115194143759596	0.0405043648051127	0.100516439297084	0.176945707212272	0.224905421816774	0.207095061071951	0.138363144410541	0.0664980390082909	0.0236718556234717	0.00589005057275958	0.00101054375896735	9.60737095417497e-05	5.88546688171422e-06	1.04217861717412e-07	
1.20274602370214e-06	4.73429000500603e-05	0.000376762095003846	0.00256560380565132	0.0126843555831154	0.0419848625316199	0.102647923587733	0.179561133923754	0.225333527419495	0.2050601565318	0.135438704343064	0.0645527797583492	0.023130010684895	0.00554069315231529	0.000979511033081398	9.30643766631044e-05	2.3655273852243e-06	
3.43208591050551e-06	4.3030747287204e-05	0.00038497099991523	0.00269660485491931	0.0133231398047039	0.0447334424003414	0.106750038400366	0.182919102838734	0.226151052139727	0.201244328965491	0.132095203450759	0.0619067787161	0.0215044564679561	0.00528552020559652	0.000827007763631997	0.000113715058270307	1.55835252152683e-05	2.59157507527967e-06	
2.88758297337637e-06	9.91805338039082e-06	4.5179479126187e-05	0.000439257055250232	0.00291696590018631	0.0139633179293571	0.0463898452176304	0.109383472408119	0.185980476196149	0.227365108704601	0.199976219634774	0.127216096028158	0.0600104726836315	0.0203634800657059	0.00491949225399266	0.000907221545733461	9.71157875956424e-05	1.2028725361593e-05	1.44474827362436e-06	
6.34132665708031e-06	7.81534474032726e-05	0.000639839284435419	0.00345715438061185	0.0154647162333598	0.0487265469379707	0.113318834303163	0.188395601172609	0.227192616184552	0.196194320783781	0.12390165326804	0.0577142643385718	0.0192301967693527	0.00480149070380688	0.000800006200578736	7.32023420423468e-05	5.06232306461809e-06	
2.79886484062767e-06	5.163515047369e-05	0.000620766882450254	0.00380325911368075	0.0166257734857803	0.052135282280409	0.118442575717691	0.19288611399339	0.225713877770821	0.19176208110908	0.12032811894652	0.0546637299074013	0.0177681256930608	0.0043232287561524	0.000795073859175689	7.37345604712668e-05	3.8239086011843e-06	
1.31449270068854e-05	7.22532694104185e-05	0.000642653156517258	0.00378482618876347	0.0173611709196079	0.0558450523416111	0.122640469166341	0.196157656275598	0.225678242932052	0.189664186199122	0.116005173750276	0.0514135693008184	0.0163355255081225	0.00370778792200392	0.000610093831663728	6.71138278132062e-05	1.08048327238388e-06	
1.46359022705352e-05	0.000108213600995489	0.000823289785810221	0.0044250500510782	0.0198179229983729	0.059691167971473	0.127515684382498	0.196914487649467	0.224187500017571	0.186062323664335	0.11242204837224	0.0487280413187465	0.0152170666477121	0.0034617937186349	0.000551171815298279	5.80171920738285e-05	1.58491142287606e-06	
