# <P(U)> as a function of N_tot.
# number_of_species: 1
# species_total_upper_bound: 151
# species_total_lower_bound: 97
# volume: 729
# Bin widths for each
10	10	10	10	10	10	10	10	10	10	10	10	10	10	10	10	10	10	10	10	10	10	10	10	10	10	10	10	10	10	10	10	10	10	10	10	10	10	10	10	10	10	10	10	10	10	10	10	10	10	10	10	10	10	10	
# Bin lower bound for each
-360	-360	-360	-370	-390	-390	-390	-390	-390	-400	-400	-410	-420	-420	-420	-440	-440	-440	-450	-450	-450	-450	-480	-480	-480	-480	-490	-490	-490	-500	-500	-500	-510	-510	-530	-530	-530	-540	-540	-550	-550	-550	-560	-560	-570	-580	-580	-580	-590	-600	-600	-600	-610	-610	-610	
# Bin upper bound for each
-170	-170	-170	-170	-170	-180	-180	-180	-180	-190	-190	-200	-200	-210	-210	-210	-220	-230	-230	-230	-240	-240	-250	-250	-260	-260	-270	-270	-280	-280	-280	-280	-290	-290	-290	-310	-310	-310	-310	-310	-320	-320	-320	-320	-330	-330	-330	-330	-360	-360	-370	-380	-380	-380	-390	
# Unnormalized histogram for each
8	208	761	5936	24215	73915	188917	378151	599079	775835	832236	724292	539577	350060	190550	99451	37609	13488	2877	287	
69	457	1861	11973	42310	116273	262844	476963	679141	812590	805860	648757	449862	269719	141163	66691	24767	7891	1448	166	
110	726	4414	21463	70506	172487	358708	576739	751483	818707	751032	559275	366656	205186	100993	44340	15305	4691	715	58	
6	258	1840	9040	39862	110918	247261	459176	670231	802242	808397	674524	469587	291575	151381	70142	28442	8917	2479	248	11	
18	0	136	751	3889	18100	66927	168334	335540	556058	745527	826917	766425	583779	385400	221498	108441	48286	17992	5455	957	148	14	
25	50	254	2035	8635	32683	106337	234722	428032	644447	792342	809570	688868	493791	302181	165358	77479	31576	10623	2956	550	56	
77	122	440	4431	16821	55935	159192	314230	524323	717031	813765	766282	608543	399162	229675	119198	52193	19209	5834	1517	280	12	
68	343	1170	8023	31801	93805	228382	408497	617370	768763	803250	699245	516334	313841	171643	85020	34442	11962	3404	795	130	9	
144	650	3377	15517	54959	144843	309942	503296	691282	796466	772515	619053	420983	240023	124522	57487	21693	6928	1782	318	82	3	
17	355	1490	7566	29745	90925	210032	400102	599348	757025	803456	714369	531296	336101	178963	88855	37875	13252	3917	959	194	22	
107	467	3379	15158	53521	139542	287364	494307	678613	792102	766929	632963	438516	260575	129346	61558	24581	7729	2414	487	49	7	
8	231	1315	7311	29059	88435	201496	378726	583504	738153	793970	717630	546890	348979	191370	92001	41266	15080	4645	1289	212	4	
5	30	616	2819	13690	50207	130745	276305	475819	666882	786263	774155	649225	453026	270137	139671	64396	26121	10018	2934	661	81	23	
2	112	1284	6645	27203	80238	192821	365301	573151	737654	797571	723857	562878	369615	203187	99214	43114	16216	5719	1787	259	28	
25	394	2630	13027	48089	125358	268681	468871	657432	777495	772945	655792	474814	291259	150922	68358	27859	9439	3110	959	110	7	
4	14	119	1181	6235	24128	77809	184679	357923	561702	717802	796471	725698	579935	390005	218476	108184	45681	17428	5995	1635	560	50	2	
18	67	539	2645	11263	40911	120596	255219	449259	640068	765981	774916	654281	494400	307849	161272	77176	30079	10834	3450	988	267	6	
34	66	1177	5960	21422	68778	177099	344836	545546	707666	779058	726154	577701	402593	236396	117593	50692	18951	6105	2047	546	115	
42	106	250	3019	11708	39579	114402	245436	439150	627406	753836	763108	657645	490201	317972	174856	82360	33849	11507	3719	1188	282	64	
115	136	946	5935	21964	67230	168443	325255	530534	701064	775621	726316	576045	406135	241627	125710	56368	20265	7078	1975	519	49	8	
63	520	2518	12802	40703	105442	241104	419814	617502	746784	765130	666872	491677	324367	181392	86724	36561	12753	4346	1396	257	8	
104	966	4859	24191	66606	159138	320751	518389	696143	771563	739000	593448	414892	252996	132353	59475	23567	7697	2574	744	137	10	
7	0	16	416	2254	11404	40014	105224	232787	413021	608685	750578	768742	680320	510715	336070	190472	93698	40848	14352	4399	1422	446	36	
13	23	105	1188	5133	20095	67536	154847	314954	512063	694784	782429	741869	612585	429398	269252	140113	65005	26065	8293	2324	838	133	3	
62	54	416	2653	9942	37058	103765	221443	402077	605200	755747	780156	690537	526819	349164	203224	99366	43473	15754	4869	1290	292	77	
20	190	1251	5466	19613	61636	150188	295223	495442	676795	787928	751880	613857	443724	277397	148339	69921	28072	9703	2798	678	156	39	
35	64	542	2994	11043	35001	97892	213603	385323	587973	736466	788829	698273	532840	361735	212318	105506	47402	16971	5571	1468	400	72	
40	251	1233	5555	21552	60667	143814	291156	475984	672885	778565	756374	632039	451143	283040	155529	72786	30851	10631	3178	625	189	17	
169	537	2139	11469	35885	93418	206672	378907	574354	735608	792302	707686	542369	367796	219335	110267	51517	20926	6531	1496	320	89	
3	165	1246	4648	20187	59882	139211	285276	469292	657948	768941	768996	632640	456082	293974	162219	78080	33865	13030	3836	788	50	46	
21	591	2582	9044	35600	92147	198884	362514	557288	717106	778579	713773	546566	369353	224903	116956	53679	21951	7224	2255	271	20	41	
188	1527	4860	18240	58239	139564	271552	457710	642650	769728	757226	642965	465239	298120	169030	82153	34005	13602	4095	1264	77	23	1	
31	670	2786	9269	32686	92111	199062	359856	547970	709669	779215	716060	568410	386858	229246	122133	55379	21371	7626	2694	551	35	20	
136	1399	5571	18207	56072	136499	274525	449182	627249	752879	761109	656441	482958	306263	173846	85200	36497	13421	4658	1337	261	15	20	
12	9	463	2436	9901	31219	85310	193403	358191	545010	699286	773279	720425	576984	394416	237659	125998	57303	22908	7950	2684	790	105	11	1	
20	120	907	4628	17941	53598	128703	270429	453344	623101	757246	753806	656808	494869	315199	179156	89626	38533	14212	4737	1631	446	56	
182	201	1734	9655	31520	85705	183049	351345	542432	679489	773173	715906	577066	401128	244449	130897	60299	22726	8665	2926	895	191	33	
16	108	527	4488	17674	50976	127211	250643	439956	626181	731209	760437	656887	496164	318461	184072	91559	39139	13572	5314	2024	589	111	27	
318	408	1452	8576	30711	81419	184582	343202	532682	684518	760867	728446	589609	409476	248645	135788	62727	25578	8438	3218	1108	259	111	22	
49	376	721	3181	16846	51045	123974	256594	435426	618753	725102	759273	671151	503706	328371	188921	95438	41179	16205	4889	2312	544	219	52	24	
184	728	1679	7581	29760	80537	178338	337178	525623	679982	757387	732360	595217	415578	254600	140724	63450	27125	10204	3140	1156	193	165	39	
298	1159	3467	15472	47959	117666	244713	425667	613551	732985	765321	686005	519770	340957	194438	98815	41669	16508	6623	1856	664	117	181	30	
62	611	2282	7546	27636	76190	167583	325708	514386	687795	757151	740702	613942	434708	265858	141361	68679	27892	10263	3955	922	389	101	76	33	
347	1408	4606	14458	45663	110396	236642	419315	600909	738908	773932	697322	530927	356023	197844	103373	47518	17716	6419	2199	416	161	65	93	1	
185	682	2481	8227	24983	72546	160552	318088	507755	676020	765125	755502	628490	449148	274827	142113	73879	30667	10096	3959	1066	347	80	28	55	
22	484	1307	4417	14168	41655	112350	223141	403169	597489	727562	761940	703633	545088	365424	211181	105819	51600	20721	6503	2264	565	242	51	61	41	
54	802	2857	8623	24816	67464	160917	303394	492640	668110	759611	746465	634140	462198	291036	154470	76084	34464	12855	4113	1499	439	112	5	41	23	
274	1746	5573	14768	42033	104894	221295	388365	588271	723241	770247	702603	558563	380197	223167	111684	52801	23111	7429	2322	822	236	28	0	0	8	
20	736	3207	9828	26338	68501	154854	300693	479456	668701	762656	755336	637942	478495	300710	165223	79344	33598	15129	4105	1346	329	84	19	
7	267	1840	5693	16933	43404	103580	208780	380329	573837	727787	771732	705083	559622	392171	233145	123387	53424	21518	8742	2129	770	168	63	17	
94	677	3812	10581	28302	68353	149524	288892	475164	656978	777955	755554	645661	478152	318332	173802	86617	36162	13712	5348	1353	484	62	11	
250	1748	6368	17396	44380	104331	209939	377418	567098	730937	789426	714842	567522	404651	246787	127144	59386	22784	8752	3072	850	300	50	
22	772	3931	10838	30816	72016	153432	280673	469449	658337	775131	769457	650521	484080	324662	182744	91997	38221	14614	5809	1533	548	142	25	
150	1800	6737	18939	48089	103306	213190	365350	567082	720576	796962	722543	576733	407317	254400	133229	62603	23127	9498	3272	814	258	131	3	
407	3809	13378	32842	74507	154825	287080	452372	649974	766079	785135	656630	502938	331434	191082	94448	42477	14478	6036	1912	278	180	18	
