# <P(U)> as a function of N_tot.
# number_of_species: 1
# species_total_upper_bound: 303
# species_total_lower_bound: 272
# volume: 729
# Bin widths for each
10	10	10	10	10	10	10	10	10	10	10	10	10	10	10	10	10	10	10	10	10	10	10	10	10	10	10	10	10	10	10	10	
# Bin lower bound for each
-1070	-1080	-1080	-1080	-1080	-1090	-1100	-1100	-1110	-1110	-1120	-1120	-1120	-1130	-1140	-1140	-1140	-1150	-1160	-1160	-1160	-1170	-1170	-1200	-1210	-1220	-1220	-1230	-1230	-1230	-1240	-1240	
# Bin upper bound for each
-830	-830	-840	-840	-840	-850	-850	-860	-870	-870	-880	-880	-890	-900	-900	-910	-920	-920	-920	-920	-930	-940	-940	-940	-960	-960	-970	-980	-990	-990	-1000	-1000	
# Normalized histogram for each
6.94633411522648e-05	0.000392094727330553	0.00124517344594432	0.0022779383280346	0.00253282860465944	0.00650601690312907	0.0131366085585725	0.0224165664901953	0.0345324657878693	0.0583681511154894	0.0804488824439155	0.101865980529598	0.121869700549851	0.121113066800771	0.116599671857473	0.100431935684983	0.0815269994247746	0.0595071202795067	0.0394316406093026	0.0201156650741765	0.00955207052423582	0.00391291019251105	0.00167515726844883	0.000438594980498598	3.32964775771187e-05	
5.68413058948981e-06	0.000132440242735113	0.000788388912762237	0.00147673712714945	0.00265392057223279	0.00414032072138438	0.00975396809156452	0.017670256763547	0.0290834225741836	0.0455440963482871	0.0696732307006714	0.0924290791026349	0.110215292130208	0.124901380334272	0.119250217702202	0.110763810732093	0.0895159621755214	0.0705383553763918	0.0485470225387146	0.028966897897099	0.0139642036191996	0.00634121608563484	0.0026482364416433	0.00078668367358539	0.000175071222156286	3.41047835369389e-05	
8.35426635901749e-05	0.000466020300298935	0.000848497937007695	0.00200047738664909	0.00356619193216563	0.00705566101001375	0.0131423407858694	0.0235488014185203	0.0373248161493084	0.0578723331704157	0.082303731572307	0.102534695779675	0.117871310199025	0.123199854510736	0.116196478705146	0.101445799565805	0.0778890417031337	0.0585111219722888	0.0381358051353164	0.0212738267086464	0.00928232873753964	0.00347071460234829	0.00144523124836609	0.000444992555041544	8.63842507871197e-05	
7.79384206831502e-05	0.000605302770853079	0.00107008882704384	0.00315792827162165	0.00494482301151782	0.0103362274846143	0.017157261528344	0.0306514172845799	0.047455964792314	0.0719331800354762	0.0948573158007917	0.111083867429591	0.122558450971044	0.120068403764255	0.111866096104331	0.0898288654327744	0.06698892591754	0.044974450989249	0.0272409002627151	0.0141950326488027	0.00611162374743856	0.00196097617587459	0.000576289198190008	0.000253157643824831	4.55114865303067e-05	
0.000171649051254065	0.00101050537814685	0.00195543055398733	0.00405342676516243	0.00696518774756526	0.013775834322739	0.0238301347302487	0.0390915032008841	0.0598062931902658	0.084329297014447	0.106767420667914	0.116993940389307	0.12157200877292	0.115585391696292	0.101875707838488	0.0762258650598947	0.0551729093316636	0.0342340061291827	0.0216043996902333	0.00942187915222477	0.00407965884608498	0.00103046457015314	0.000357554668226905	8.21178185401505e-05	7.41341417376359e-06	
0.000110852202016139	0.00037312622637391	0.00120451774149495	0.00281301747693531	0.00496720717590873	0.00938529596966535	0.0183163264723058	0.0313220325036941	0.050008628186858	0.0728464674145952	0.0976522189296706	0.115895977207873	0.118426721551839	0.120074648101399	0.110225944215058	0.0896062918338497	0.0636948753141289	0.0438946149828751	0.0265491023828652	0.0136285354138501	0.00610315654502256	0.00193648511666337	0.000700540204493743	0.000235989481611677	2.74273489524467e-05	
1.54103080121045e-05	0.000141546532851923	0.000740265536729613	0.00173451577958465	0.00408087786246471	0.00760013561071051	0.0139286354343481	0.0251929998390479	0.0399948860607486	0.0605756377869884	0.0850317966021983	0.107351630125212	0.121603311275665	0.120128487723692	0.116558433034221	0.102117262170433	0.0754043493596732	0.0517626538605105	0.033657824954882	0.0185094921789833	0.00849678723615555	0.00355578588575597	0.00123624915385994	0.000422356589961383	0.000153532327972449	5.13676933736817e-06	
3.50253646800777e-05	0.000335898989145008	0.00113172120958087	0.00240411806418829	0.00512403859680351	0.0100729503702066	0.018321710845518	0.0318300178859034	0.0517634696930113	0.074331288273106	0.0966964190871012	0.116574174822505	0.120464287047218	0.121306044172153	0.111277306147526	0.08967239800298	0.0632833695549195	0.0400805009201336	0.0250804578561606	0.0112529032295109	0.00590033848282752	0.00205501278999997	0.000743571266568864	0.000213597305917851	4.93800223358473e-05	
5.76695614864214e-06	0.000179352336222771	0.00071567925804649	0.00138868304059303	0.00356224881301625	0.00749992647130911	0.0139958258771396	0.0257304282483966	0.0427913913185396	0.0639492000366778	0.0855885495932277	0.108123507439662	0.119783716076601	0.122566272418321	0.117634948215617	0.0984246405888754	0.0756318998025971	0.0499643313762206	0.0325210191134228	0.0171515042816766	0.00744802386597133	0.00355359837879329	0.00115281453411356	0.000476927273492705	0.000159744685317387	
5.65256563032451e-05	0.000459126759361052	0.000894605029860543	0.00229794096645029	0.00506769812530931	0.0105956765948022	0.0202875194811637	0.0339430798176875	0.0517348185353395	0.0765063222216198	0.0960226702489321	0.117319576449797	0.12362737825931	0.12162763896948	0.109754367183742	0.0874780674685619	0.0602834588625884	0.040090533336871	0.0230353585283949	0.0107375675279715	0.00502905303375505	0.00233312530353701	0.000635048444794622	0.000166693006853447	1.61501875152129e-05	
1.15427923053438e-05	0.00033878095416184	0.00059964806026261	0.00162926513389928	0.0039384007345833	0.00785313874494065	0.0142236058182599	0.0258679746958907	0.0410571350904926	0.063975926352368	0.0850143967477028	0.105999193158818	0.12396381796324	0.124493632130055	0.118152599177114	0.100469041365328	0.0734421703219804	0.0496772923841233	0.0318384840158298	0.0157501401006416	0.00694702954897116	0.00321120481934664	0.00125643294243667	0.000223353031108402	6.57939161404596e-05	
9.46944544848795e-05	0.000491949239153154	0.00098101145225494	0.00241701821020552	0.00572555006507357	0.0118038947136243	0.0195884717585338	0.0333237869005235	0.0508260936343385	0.0751163760201307	0.09672114677294	0.116729392119343	0.128316759879114	0.124553232718551	0.108081594285074	0.0852244316311813	0.0605299655981976	0.0394350436460598	0.0218796156328996	0.0106115529544092	0.00493565973741921	0.00184480964682433	0.000673254475179082	9.06526180129639e-05	4.04183647191559e-06	
0.000325209873813915	0.000648092664452059	0.00183723216727074	0.00335623571025487	0.00807032445357178	0.0156874494586623	0.0277591934329713	0.0418380466463823	0.0644386784494645	0.0863970352960341	0.106479763102933	0.123585569757227	0.130368435443804	0.118935475801244	0.0943568232987568	0.072846429963523	0.0477546556207785	0.0287598391985526	0.015345950002618	0.00709120420736638	0.00287162063890069	0.00096573951794472	0.000240853108692237	4.01421847820396e-05	
5.93485277201263e-05	0.000539955232590953	0.00122711808786026	0.00250369328215396	0.00548624772424579	0.0114408833388318	0.0223575213494691	0.0350522877984664	0.0555112381092025	0.0755914051694895	0.0981025344730578	0.11762878194129	0.125285323865498	0.124758169295748	0.108384957824725	0.0848701401847136	0.0580492604417043	0.035411288206342	0.0203204704127225	0.0107223006747695	0.00501262319910675	0.00129112140206824	0.000372964767339225	2.03646908843571e-05	
3.88440024860162e-05	0.000272487778633248	0.000941532239362541	0.00182334907191822	0.00406122742409766	0.00830971772585178	0.01543208445034	0.0297318952162741	0.0446305993339703	0.0679312032132686	0.0873978460710741	0.108899450850162	0.123550596922164	0.128206079608174	0.116803335714219	0.0983159095758003	0.0682187647839114	0.0448827954695138	0.0270736899715221	0.0136035175273415	0.00620054636698422	0.0026900921124644	0.000870801369164123	9.39213194438003e-05	1.97118818585754e-05	
5.72464128472515e-05	0.000542395305562848	0.00145718141793004	0.0031092319381785	0.00592760583936541	0.0115452715041235	0.0214731872836635	0.0360236063389705	0.0559401537904642	0.077651000424433	0.101965113226466	0.118853383262999	0.126464264938712	0.12207942101325	0.107385018555933	0.0847165955616104	0.0562483592252883	0.0355355662132828	0.0189786314753499	0.00853665447337348	0.0036325451061256	0.00149418919997271	0.000345791463461176	3.75860286370843e-05	
0.000162987556103101	0.000636869525271192	0.00183694516077765	0.00468835735224685	0.0092386683046626	0.0163758991866863	0.0304502516736676	0.0449074219080797	0.0686073206353847	0.0885944672395012	0.111269458452094	0.124548594072821	0.124964473352985	0.115060514205439	0.09815911065637	0.0689164749677795	0.0441510668434589	0.0264689471003876	0.0123116507681296	0.00552823628903436	0.00229110621568416	0.000664130789103383	0.000167047744333427	
8.47929136355136e-05	0.000347302481876967	0.00111973107869363	0.002700596221953	0.00627409483564694	0.0133043566134407	0.0242490309796137	0.0384251284380332	0.0562618405173065	0.0793986904721804	0.102208565013515	0.117967269935337	0.126475599967941	0.121440294754106	0.105304667907973	0.0832660604166933	0.0555753663808874	0.034216263745454	0.0188176383198923	0.00726140958345772	0.00332434683321699	0.00153788791306055	0.000391441258837919	4.76234172473433e-05	
1.98623422842395e-05	0.000155393619047285	0.000655457295379902	0.00188224902470058	0.0045554866215441	0.00953041917720831	0.0165914818592554	0.0323528346483372	0.0470977028616962	0.0680898619099862	0.0913480805382928	0.11265044263814	0.124840663121823	0.125770103903418	0.115499520382852	0.0928196464269399	0.0691548339683441	0.0414825018606341	0.0246731184227898	0.0128515196444407	0.00442813395630986	0.00233849871070031	0.00105620926029132	0.000144294074829622	1.1683730755435e-05	
6.70464396576162e-05	0.000190553039026909	0.00111744066096027	0.00295533648490808	0.0067946273453021	0.0140574035148802	0.0252459251644108	0.0409859590640317	0.0578293185846849	0.0798211389190467	0.10347971021823	0.117908221657882	0.12903851876771	0.12218154999606	0.104992960123836	0.0783102415200957	0.0531037208421503	0.0317182590980254	0.0184313015125442	0.00731982445595343	0.0028988763251964	0.00112567443425156	0.000398749877963717	2.64656998648485e-05	1.1762533273266e-06	
9.5078234127217e-05	0.000436068691089644	0.00192269317901706	0.00505734039181623	0.0107679034662472	0.0194364560468583	0.033320812742831	0.0509419788010752	0.0690901834657777	0.0940681746152853	0.113180073480216	0.124966839998591	0.12731914593922	0.111942882631202	0.08932717476788	0.0665547638890519	0.0408343408496003	0.0222031152794244	0.0120796309555949	0.00396100618595425	0.00184874344136255	0.000488889932271431	0.000138509032432242	1.81939830737267e-05	
4.68477605892043e-06	0.000302753652807733	0.00102128118084465	0.00335839883723858	0.0071050484903602	0.0153877325625315	0.025303646688244	0.0432656636951523	0.0623666668813856	0.0815742487229593	0.10363603037843	0.12276221423598	0.126580892321008	0.12009540546444	0.101905005624659	0.0755232748458562	0.0514195164257033	0.0303918990852389	0.0168997440355481	0.00731820580104107	0.0024196868344324	0.000920558495577864	0.000354286189455857	8.31547750458376e-05	
0.000100498192194369	0.000795852735874485	0.00167477623177091	0.00470192120012269	0.0107631821096952	0.0198388078706931	0.0355682272351263	0.0531565726979524	0.0735199462770358	0.092662818689643	0.114853748989209	0.126346559592523	0.124689791707331	0.111491997323146	0.0869018905278421	0.0649276413016201	0.038602343176347	0.022646948108078	0.0111855068826739	0.00359586017157888	0.00144996235674651	0.000324150238407272	0.000159170547174897	4.18258372138416e-05	
2.87730868055256e-06	0	6.56026379165983e-05	0.000316503954860781	0.00125162927604036	0.0028468092085387	0.00812724609908876	0.0149746652970677	0.027583031935249	0.0452963196344667	0.0651416930659738	0.0841992593807456	0.105102331483224	0.124072427614107	0.12640074579841	0.118065182550849	0.0977646188860787	0.0734720771579096	0.0495213597009901	0.0301006770307325	0.0153625265072062	0.00721629017082582	0.00222876330395601	0.000702063318054824	0.000175515829513706	9.20738777776819e-06	5.75461736110512e-07	
2.48186793461259e-05	1.21207503783406e-05	3.0013286651129e-05	0.000226254007062357	0.000707620950659311	0.00233180150135695	0.00545549202743214	0.0111730231344722	0.0216430427470007	0.0371212409801416	0.0565456092293165	0.0792979892252301	0.0942451831560818	0.117737506103664	0.125218317801457	0.123991813298887	0.106220484529882	0.0842045844141002	0.0592537311709915	0.0360569236612054	0.0218525585749691	0.0114431427143324	0.00377532515355836	0.00102680071062228	0.000308790545352962	9.5811645847835e-05	
2.25237192089208e-05	1.84810003765504e-05	4.15822508472384e-05	0.000117816377400509	0.000458559821843156	0.00153276796873015	0.00378513988962223	0.00937564250352872	0.017201768631736	0.0293536039105797	0.0484485200183886	0.0698379678291986	0.0888768634046161	0.105685333247089	0.122961025880331	0.125889686908752	0.115951528956262	0.094381891391781	0.0689999699683744	0.0458230629023949	0.026904293829425	0.0144723558886243	0.00714059652048965	0.00212011726194739	0.000449896852916648	0.000123014158756413	2.5988906779524e-05	
7.06969280173075e-05	0.000159211780982067	0.000114379582727189	0.000223586219501891	0.000733408781708003	0.00262555745677285	0.00617477315195069	0.0133565464493186	0.0250629231397943	0.0378636652851069	0.0628397978872539	0.0826130964047451	0.0965823495635471	0.115849274149467	0.125274381674896	0.122824704380508	0.104983213790384	0.0783356448738117	0.0562327963623844	0.0342115654426519	0.0192335878231151	0.00962167947162381	0.00401363128735657	0.000693749529405611	0.000289684973339211	1.60936096299562e-05	
2.3923295080744e-05	5.29730105359331e-05	0.00016290624745459	9.28451690038397e-05	0.000406696016372647	0.00147982668142316	0.00456764055363062	0.00954938195306363	0.0180524045474766	0.0325254284690629	0.0487533969655009	0.0742100613404678	0.0953349004990285	0.10961369004865	0.124196647207155	0.120951053507867	0.117716282251592	0.0893193309907491	0.0663039819185457	0.0416795064510304	0.0257283646548125	0.0112103421543839	0.00596886212264562	0.00146729543161896	0.000456821015589444	0.000175437497258789	
3.81412787119861e-05	0.000120685837118523	0.000260726950001338	0.00020323039552506	0.000853339952078614	0.00252870985132302	0.00683582798169446	0.0133289537277976	0.0243534910940114	0.0412375535614561	0.0625767450915875	0.0889932808729457	0.105916053891919	0.118373450937507	0.123193483875632	0.117909493591981	0.10343857859409	0.0774512745164454	0.0517639772131477	0.0311557319795267	0.0169233422917899	0.0083449702184926	0.0034230374461966	0.000542516994216757	0.000233401854804691	
5.93850676247458e-05	0.000432825781341897	0.000248389465545812	0.000547027834466408	0.00131674967252561	0.00430427538226282	0.0102365010318156	0.0181906740319377	0.0331305866216863	0.0527430762150242	0.0763497826163919	0.101953311916642	0.115336079512037	0.123452419427596	0.121055889342779	0.110199842172763	0.0888040875198854	0.0634152580795097	0.0368261650607955	0.0230231339099014	0.0111318451283117	0.00525329444372751	0.00171588584819578	0.000219838952264684	5.36749649685202e-05	
2.2377770038002e-05	0.00018131731620535	0.000712645907364065	0.000406816383511371	0.000957080010856087	0.00203924601833485	0.00735826981967534	0.01474121256529	0.0247698962761669	0.0463581326841102	0.0656431801450653	0.0892391041777001	0.112564773602953	0.120466421582269	0.121469404711152	0.118232661101296	0.101476301654635	0.0727857053100153	0.0475894838251757	0.0268269297527371	0.0152025389014581	0.00645340460557459	0.00371528361528367	0.000695432238104064	9.23800250286751e-05	
6.23740716134456e-05	0.000782250971519083	0.000695842853962842	0.00066951985126359	0.0016949724781562	0.00403256956568762	0.0113732538836443	0.0193908971623231	0.0342948668428019	0.0591649542408932	0.0780208077613946	0.102691183682485	0.122774490263636	0.122743017108235	0.119279253296527	0.108826732268167	0.0864830808900151	0.0586636727112292	0.0323973216916993	0.0200232214662943	0.00957298939469111	0.00400567432379926	0.00204403838351585	0.00029985333509583	1.31615013496261e-05	
