# <P(U)> as a function of N_tot.
# number_of_species: 1
# species_total_upper_bound: 303
# species_total_lower_bound: 272
# volume: 729
# Bin widths for each
10	10	10	10	10	10	10	10	10	10	10	10	10	10	10	10	10	10	10	10	10	10	10	10	10	10	10	10	10	10	10	10	
# Bin lower bound for each
-1080	-1080	-1080	-1080	-1080	-1090	-1100	-1100	-1110	-1110	-1120	-1120	-1120	-1130	-1140	-1150	-1150	-1150	-1160	-1160	-1170	-1180	-1180	-1200	-1210	-1220	-1220	-1230	-1230	-1230	-1240	-1240	
# Bin upper bound for each
-830	-830	-840	-840	-840	-850	-850	-860	-870	-870	-880	-880	-890	-900	-900	-910	-920	-920	-920	-920	-930	-930	-940	-940	-960	-960	-970	-980	-980	-990	-990	-1000	
# Normalized histogram for each
1.80113197542391e-06	9.36588627220435e-05	0.00029898790792037	0.000786374220470081	0.00173557077151848	0.00263757766481078	0.006419954813201	0.0130924283293564	0.0227850399419027	0.0374397701467418	0.0597734464156033	0.0812454611474219	0.102908756095031	0.120594070961718	0.121968694885362	0.117455418381344	0.100107275420456	0.080799500870307	0.0595944138972461	0.0371234913718574	0.0198794538391488	0.00854312918583071	0.00314801846664592	0.0011837039342486	0.000363108206245461	2.08931309149174e-05	
2.72064814430318e-05	0.000125650986664528	0.000579569650740374	0.0010313404347023	0.00224346077899316	0.00406235725546743	0.00994790674763697	0.0175714492319897	0.0297524353380692	0.0479968870057549	0.0697506167995727	0.0929394884895105	0.111711960685202	0.125790956851952	0.120324243981998	0.110664869129665	0.0893682798200936	0.0698537150450411	0.0472025293436222	0.0273818916523355	0.0136426185236045	0.00521827473677729	0.00206232288938561	0.000618231492790998	0.000110257845848076	2.14788011392356e-05	
9.32060998373554e-05	0.000376050764343791	0.000664272703840844	0.00156693793226569	0.00313423434953076	0.00700228749278101	0.0139508022356559	0.0234044101541593	0.038816038762266	0.0595608487060663	0.0815700352426603	0.103265905889801	0.118432330758336	0.12438963447794	0.117034597745775	0.101636233082645	0.0774374201698717	0.0578913840639795	0.0364776411113465	0.0201891581947699	0.00893989891439988	0.00274312721521324	0.00107043620813209	0.000298618004478912	5.44897199049154e-05	
5.97674509325333e-05	0.000539696503031498	0.000835670646272247	0.00248303338065818	0.00469693428765609	0.0101493721017707	0.0185891087957288	0.0304305797478529	0.0487380299574506	0.0730211515935184	0.0942135444496259	0.112298387746169	0.123042571245844	0.120733471884067	0.112185294845004	0.0891297322310832	0.0668253784764883	0.044938323211638	0.0257025091234835	0.0138674801720587	0.0054034070310143	0.00149740727366299	0.000430182491143144	0.000160334239627395	2.86311142191776e-05	
0.000168490305354622	0.000780432754802153	0.00150924294796374	0.00334112690618101	0.00679732910601912	0.0137993560085435	0.0239987553226804	0.0389459963477038	0.0611336601328277	0.0845337371364822	0.107408267783435	0.11868815599191	0.122431508690873	0.116047877058002	0.102140615556029	0.0767996736306936	0.0542101425427983	0.0337539855127017	0.0199750634348075	0.00909309913897869	0.00330814582513287	0.000814847795895863	0.000264207138396503	5.1622561640565e-05	4.66037014810656e-06	
9.47367480270625e-05	0.000303515090848966	0.00104496420559662	0.00236055376310451	0.00463137573845508	0.00920984189687994	0.0182230603544584	0.0311090455719508	0.0500124230263922	0.0746328951013951	0.0973879469831708	0.117046000947367	0.120838688342911	0.120948439971758	0.109140666195962	0.0897314302567723	0.0639340775232597	0.04362895369518	0.0251996174780363	0.0128198482424546	0.005458981669333	0.00156726755981374	0.000508718462047207	0.000149791311031469	1.71598637935811e-05	
9.64296734819827e-06	0.000129644338792443	0.00056929222048252	0.00152751745734237	0.00356182642087338	0.0070436519274506	0.0133612241282758	0.0247949262277283	0.0400122429970628	0.0620157087509572	0.0873159978971188	0.108635884410108	0.122858904101761	0.121903536040412	0.116536331843793	0.100528291751906	0.0745929953485183	0.0518395210230974	0.0328010891553046	0.0174705568063635	0.00808580669493366	0.00306789220448234	0.000954296620532806	0.000283931816363616	9.60725265431605e-05	3.21432244939942e-06	
3.49757543074604e-05	0.00030585940246422	0.00101501066582059	0.00224166033474652	0.0046003823777874	0.00944273987211008	0.0179179361735311	0.0317512038975839	0.0509725222622461	0.0759584159695011	0.0994175109325999	0.117515322413998	0.123872344207105	0.121065718371657	0.109958061215422	0.088281302140195	0.0626936827006707	0.0403805790343194	0.0238124214606946	0.0111283570924584	0.0052891906003731	0.00165885006143955	0.000522494941899205	0.000132765108187503	3.06930088820571e-05	
3.5696220876792e-06	0.000167772238120922	0.000698218080350051	0.00133361081195695	0.00340470554722842	0.00692899343439409	0.0130919459687722	0.0256341701360419	0.0418081278153163	0.0652362715011724	0.0876320804792717	0.109280410592211	0.121768376503748	0.124420962677102	0.115959887442676	0.0977351818740302	0.0754043400179266	0.0503563018286817	0.0312052793282828	0.016105420935191	0.00752512032303652	0.00300847749549603	0.000884909315535674	0.000306987499540411	9.88785318287138e-05	
4.90087100552378e-05	0.00034803286850821	0.000859428103867213	0.00236484782795528	0.00498645868033039	0.0102918291115999	0.019374776708504	0.0334353045962357	0.0522280140889387	0.0782605175177728	0.0976988634951165	0.1182935309213	0.125778723543287	0.121946455498316	0.108281903782407	0.0868491163871631	0.060581513204296	0.0390333067455162	0.0220752276596636	0.0103319594321524	0.00468104208143543	0.0017007442931488	0.000436816763535815	0.000102634182651911	9.94379624309173e-06	
7.07759414173378e-06	0.000278149449770137	0.000544620869206414	0.0015206211013515	0.004200552123119	0.00779030787180637	0.0140801657855652	0.0258540975200464	0.0412662665230859	0.0651846420453681	0.0880749970185635	0.108535260043195	0.123712099041021	0.125944372233324	0.117029788532103	0.098858419452909	0.0734102219568911	0.0484075590120953	0.0306371356410301	0.0143070026778077	0.006555975453488	0.00271001079686986	0.000886822545959242	0.00016349242467405	4.03422866078825e-05	
6.97260435576481e-05	0.000463079531708623	0.000994828651769474	0.0025844415841898	0.00585628335537216	0.0113361165058801	0.0196578141589648	0.0330409887012116	0.0526466844033757	0.0773589324167998	0.0987683493063491	0.118057812750358	0.128518480042681	0.124641289438793	0.106737543072559	0.0843702734634299	0.0598566390286247	0.038476802884827	0.0206779977356643	0.00957007555415477	0.00437654176431541	0.00142374946516955	0.000450754220978735	6.23308571197157e-05	2.46506214597746e-06	
0.000252387951077091	0.000570970217513812	0.00163786682978079	0.00380068643859008	0.0088735780611508	0.0156572564544767	0.0276401974360499	0.0418394090511346	0.0653684793289666	0.0898993138445942	0.108305227297828	0.125067256256248	0.129518204498665	0.117869420916554	0.0933499137703999	0.0720852554463408	0.0470333619349413	0.0277598427761117	0.0139153194176599	0.00636527368340569	0.00234441150067823	0.000664067035372543	0.000157875212034197	2.44246404268153e-05	
3.85336428751471e-05	0.000471948745305701	0.00110086021938723	0.00245554755422726	0.00599145118759627	0.0124870214095041	0.0219620553208774	0.0345671522966228	0.0548521103532828	0.0778174544675517	0.100762294441575	0.119445454921471	0.127469290630987	0.123959900972073	0.106467748224713	0.0833719553561233	0.058089643394114	0.0349189043577308	0.0187354813894878	0.00940397645983292	0.00421536841874545	0.00108636591335162	0.000312864898573442	1.66154239920359e-05	
3.55127995513432e-05	0.000205692947896394	0.00089661028570223	0.00178302382697883	0.00419156518268874	0.00902552526419237	0.0164712583661651	0.0288546770532815	0.0442130838295456	0.0677935827316375	0.0915386359920465	0.112847370558483	0.124415049691548	0.128326731820347	0.115502040227915	0.0952850605387749	0.0677267764750558	0.0441258840841126	0.0257822924742752	0.0124649926425215	0.00546369695275567	0.00226016114372311	0.000703223753491945	7.55965535003841e-05	1.19548038093631e-05	
2.82003919854486e-05	3.98330536794461e-05	0.000431818502277182	0.00144809012845279	0.00304458481972899	0.00654566348472244	0.0123690444297176	0.0224249517068287	0.0363065946616658	0.0561737708154143	0.0792776469592927	0.105676738906671	0.121165099194879	0.127031485737652	0.123102113619379	0.106012323571298	0.0816334372047771	0.0543967936154313	0.0334967781052157	0.0171694561554406	0.00773713004610764	0.00297020628586737	0.00118935153198629	0.000293989086448302	3.48979850819926e-05	
3.21238072712767e-05	0.000120729033920622	0.00066718676640344	0.00198037976694354	0.00468936984386418	0.00982105980323286	0.0179423818920569	0.0307802555078209	0.044996981774152	0.0689020365081774	0.0915260220489341	0.113850656066987	0.126566388613346	0.12648519657299	0.115788674769397	0.094945618983405	0.0663063622788841	0.0419688716777453	0.024766396379541	0.011074947313426	0.00448462469861868	0.00166973196036416	0.000522100120376025	0.000111903812142799	
8.02258710136891e-05	0.000348701044625289	0.00123400056861845	0.00305667605919262	0.00676008523646927	0.0136144710581652	0.0252415924694649	0.0385330488364434	0.056287245212486	0.0810890028627969	0.10582812803486	0.121480969578913	0.127606285204379	0.122629466258688	0.104393914656563	0.0795502847314685	0.0530095961401504	0.0320097706666066	0.0170026066370722	0.00639132772409056	0.00240888733754261	0.0010981795764637	0.000313866126948292	3.16681069790878e-05	
1.55015709432917e-05	0.000126478726560039	0.000619358220870611	0.00209517823635809	0.00478082540228338	0.0101743151652573	0.0177869957321357	0.03224538141263	0.0478744880077733	0.0699533050406176	0.0939395199163479	0.114870868390958	0.126709136273606	0.127179468028362	0.11579743956325	0.090670449989466	0.0659510812698041	0.0391196235091188	0.0228605894401889	0.0109726460688368	0.00381056798460553	0.00163858651039204	0.000691581449129129	0.00010956792189463	7.04616861058715e-06	
5.80091746461706e-05	0.000189944675518254	0.00102683313413313	0.00335568926748915	0.00708171759506696	0.0146879937633063	0.0260072108233801	0.0415045033158964	0.0587424247622773	0.0821954633288282	0.106277759954498	0.121584046628058	0.128553283018628	0.123056913720903	0.104119747914765	0.0761526051601991	0.0497856667111168	0.0294831630139162	0.0163253380891424	0.00634139318936918	0.0022719081021485	0.000878626767201754	0.00029641273386275	2.26377266911885e-05	7.07428959099641e-07	
2.43715237465178e-05	0.000129275039003268	0.000446458058197079	0.00191051553543355	0.00525647849848808	0.010574062411587	0.0199295486358481	0.0342236239184253	0.0521617718168406	0.0705481438258983	0.0954957538801055	0.116862869206509	0.126005722716344	0.128160306699732	0.113501011771446	0.0880967005548584	0.0624454952064038	0.0378708754286651	0.0206539833489511	0.010379796642593	0.00338340327489701	0.00140012637871299	0.000409370956843683	0.00011549982992915	1.48348405413587e-05	
1.76133055137044e-06	4.86127232178241e-05	0.00037058394800834	0.00105010527472706	0.0035413312065854	0.0075081998743819	0.0154828000787667	0.0262283255065675	0.0439420268617	0.0639866730685161	0.083259856493832	0.106311093951837	0.123194151818944	0.127889506802787	0.120675801396594	0.101629829612405	0.0739343157565461	0.0488469801811564	0.0280322802572811	0.0148554141363686	0.0063214153488685	0.00188920314939993	0.000690793842247486	0.000253983865507617	5.24876504308391e-05	2.46586277191861e-06	
1.81767401344869e-05	0.000231753436714708	0.00075992755869951	0.00176733842538396	0.00520239275810709	0.0115118189009434	0.0208721409648144	0.0356676578815918	0.0541086598534186	0.0760053397669672	0.0951555841567338	0.116955437973797	0.127009622137032	0.125148953142112	0.110734798215464	0.0862975693154255	0.0613873956191959	0.0359004599763912	0.0205631363825281	0.00992799564037879	0.00319980536905948	0.00115736897279396	0.000279292603220289	0.000103817150383512	3.3557058709822e-05	
1.74168450151596e-06	0	0.000163370006242197	0.000504391831639023	0.00120907738095238	0.00315419063224541	0.00835973727037632	0.01572845605939	0.0279491595327269	0.0454597071740681	0.0660004375111468	0.0865833166131621	0.109614307450508	0.124143787899055	0.1275278808855	0.117213276930622	0.0977534359951846	0.0714393698724808	0.047479364522026	0.0272009318708757	0.0135255735018727	0.00637804864455145	0.00184479222400571	0.00062630974674514	0.000133413032816123	5.57339040485108e-06	3.48336900303192e-07	
1.49724211484404e-05	7.3121126538895e-06	4.77028301706125e-05	0.000366650220216459	0.000746880078218714	0.00225700543916723	0.00523477626850356	0.0120966717004179	0.0217169745820518	0.0365414124982111	0.0564951233431536	0.0800540539223043	0.0993705663788364	0.121235175997329	0.127707092087702	0.123094889982301	0.105638439706582	0.082741429420529	0.0565146223102307	0.0345378936310454	0.0190034843957775	0.00980832863559112	0.00343147000971815	0.00100837515455543	0.000268807188990605	5.98896845937617e-05	
1.35754450135302e-05	1.11388266777684e-05	3.41126567006656e-05	0.000168822841834927	0.00050542426050374	0.00157544779823686	0.00372384899371144	0.00886024044549737	0.0179408208062144	0.0286344425052057	0.0471976452520403	0.068629443956734	0.091425052752787	0.111867236324828	0.126942245879852	0.127578203265486	0.114616089895901	0.0928999030225902	0.0673460422704549	0.0443562001842083	0.0248907524764744	0.0125367494258283	0.00576469089407881	0.00193606731192961	0.000398213053730219	0.000131925478464819	1.56639750156118e-05	
4.26299859321046e-05	9.60041146601056e-05	0.000143139708861457	0.000383669873388942	0.000872355077976483	0.00280006224671117	0.00599211241284681	0.0128711364842323	0.0246952389237419	0.0364049682302629	0.0601723984357914	0.0814343638583672	0.102378510605335	0.12086606108981	0.128644820474039	0.12454852938679	0.103467134880236	0.0776399485251584	0.0549067287100478	0.0326999718919361	0.0164763162701327	0.00807716928575365	0.00342703496663944	0.000661631245076323	0.000274495519172576	2.35677971006757e-05	
1.4481390378978e-05	3.20659358391655e-05	9.93009625987062e-05	0.000201015490260575	0.000635112406620892	0.00163743149785158	0.00453888149878253	0.00908190053767334	0.0180427780271795	0.0317118313648986	0.0471386496586185	0.072290066386831	0.0957854326867048	0.114080600660489	0.12849027367759	0.125178517615922	0.115587354849921	0.088844019565048	0.0648421493969191	0.0413726427227221	0.0236153549630138	0.00972528802451079	0.00509917338844537	0.00137297372593072	0.000438579251477619	0.000144124313771733	
2.30428852168542e-05	7.29118159100461e-05	0.000182623463435068	0.000339108728713705	0.000986716980405293	0.002505139939098	0.00673574488018044	0.0136204087051205	0.0240265068843199	0.0398903296233142	0.0598850194420045	0.0867031546741633	0.108375504106105	0.122663124711534	0.128050344921039	0.121221396729011	0.102158740028793	0.0758183147603093	0.0499989338366541	0.0305397331565107	0.0153702922869616	0.00713366455474611	0.00294776968945757	0.000522076115808726	0.000219423295050044	9.97378613863838e-06	
3.58275386308713e-05	0.00026112763732885	0.000224266612006704	0.000662120473543602	0.00136971436150331	0.00407400453700657	0.00993146260759027	0.0181339019806772	0.0328435180575962	0.049519514812448	0.0726954538642929	0.0991664929834866	0.117408566571184	0.130074634963888	0.126864969796351	0.111778131077117	0.0883441648480172	0.0619254890545147	0.0364517645924015	0.0220284243289657	0.0099883043756104	0.00452839418560387	0.00141243181140935	0.000219443674114087	5.78752547114075e-05	
1.35127222279776e-05	0.000109487698052332	0.000430328230952519	0.000359299819241354	0.000979499121499815	0.00219529764196068	0.00687139249295519	0.0140362535942975	0.0252996272914025	0.0441900664860582	0.0621720349709251	0.0860431249867905	0.110829615313587	0.124762964330918	0.129772026516812	0.121879557295501	0.101242858612923	0.0714116186543477	0.0465430125540119	0.0266089754272879	0.0146623430575271	0.00606097563933366	0.00286920135307392	0.000507246803634853	0.00013755258267967	1.21268019994671e-05	
3.77410754475261e-05	0.000473321560887781	0.000425885530279422	0.000656833212146394	0.00163810117378207	0.0038333160209134	0.0105553824313563	0.0194833973892871	0.0342934801426543	0.0554748796786815	0.0739558879540182	0.100472975312489	0.124398739655829	0.127087358470967	0.127276063848205	0.11225753955888	0.0845015754302136	0.0574990478169038	0.031985388317579	0.0191156815899726	0.00920570617360895	0.00360756206502545	0.00146532322288009	0.000209826529552301	8.89858384404972e-05	
