# <P(U)> as a function of N_tot.
# number_of_species: 1
# species_total_upper_bound: 303
# species_total_lower_bound: 272
# volume: 729
# Bin widths for each
10	10	10	10	10	10	10	10	10	10	10	10	10	10	10	10	10	10	10	10	10	10	10	10	10	10	10	10	10	10	10	10	
# Bin lower bound for each
-1070	-1080	-1080	-1080	-1080	-1090	-1090	-1100	-1100	-1110	-1110	-1120	-1120	-1130	-1140	-1140	-1140	-1150	-1160	-1160	-1160	-1160	-1170	-1200	-1210	-1220	-1220	-1230	-1230	-1230	-1240	-1240	
# Bin upper bound for each
-830	-830	-840	-840	-840	-850	-860	-860	-870	-870	-880	-880	-890	-900	-900	-910	-920	-920	-920	-920	-930	-940	-940	-940	-960	-960	-970	-980	-990	-990	-1000	-1000	
# Normalized histogram for each
7.74682591710375e-05	0.000286437260800475	0.000945893954416114	0.00174661629710835	0.001916525672265	0.00600086061376995	0.0123597678035405	0.0216728847422032	0.0342155817963913	0.05811291226622	0.0816775849172554	0.102853110415705	0.124582631616294	0.123971348461995	0.117526510093984	0.100144976313592	0.0786354910087995	0.0585764198336971	0.0387295726290969	0.0198676790053857	0.00980266425712171	0.00412079059287956	0.00177721300451204	0.000367811482618792	3.12477011782336e-05	
6.45657405141628e-06	0.000130422795838609	0.00058690258127374	0.000981399255815275	0.00218167637197356	0.00339486663623468	0.0091354066253489	0.0164519963404138	0.028465098020479	0.0457777556819466	0.0700538284578667	0.0939476720499429	0.111839484403823	0.126789681619877	0.121734184137618	0.111368154498069	0.0883885617916735	0.0681620522608017	0.0478625834431489	0.0285851902978353	0.0140340093581584	0.00641912592191807	0.00277245289767815	0.000750253904774572	0.000151729490208283	2.90545832313733e-05	
8.66779822400696e-05	0.000346065078346546	0.00067725259257726	0.00145282647844176	0.0029476982467761	0.00615284303781747	0.0125379054459647	0.0221378154043593	0.0367178282378754	0.0583226387365196	0.0830646747117634	0.104723820661961	0.120538024466478	0.125281380016973	0.117667301442736	0.101974705553601	0.0756873434621515	0.05657032042392	0.0374131926476372	0.0210265260499679	0.00929265591687193	0.00336362319140568	0.0014942249177206	0.000450854877771108	7.18004181242367e-05	
7.85504137854029e-05	0.000443387872854795	0.000748501050368343	0.00245518731352391	0.00421380773455413	0.00972272353110726	0.0162781126088345	0.0294284905596685	0.0473821289369338	0.0730655175368668	0.0960353463878495	0.11391238188225	0.124724424374778	0.121653817290439	0.112852925061607	0.0891125231431591	0.0650137755353763	0.0437110331521697	0.0269797950158789	0.0135106711710893	0.00585687465431326	0.00194882927424611	0.000620613186602026	0.000233703710435909	1.68786013092601e-05	
0.000151200670781158	0.000698403098370109	0.00140924261554906	0.00310321376698471	0.00592104444972447	0.0131806402922951	0.0223318808905261	0.0382334787085237	0.0603670314464668	0.0861104183807652	0.108888046703334	0.119883804575424	0.123472038675953	0.116374116277898	0.102798128777153	0.0754020072379957	0.0531224902161384	0.0333066932151481	0.0210784207842668	0.00895225789728958	0.00368052541905822	0.00109636850025298	0.000395347208449434	3.46910629930795e-05	8.50912865867987e-06	
9.71117776245278e-05	0.000238186319443943	0.00083857332300099	0.00222766543942751	0.00371190085149969	0.00830830627217413	0.017621850674894	0.0305409979022544	0.0496772673795634	0.0738220111717914	0.0991970562008167	0.11834251192736	0.120753246190823	0.121620690582848	0.109937093877562	0.0904989904968252	0.0625924776429659	0.0424463769104938	0.0259249076617912	0.0130575971265412	0.00573221952248564	0.00182281431243877	0.000791329755507977	0.000183724984695053	1.50916951713793e-05	
0.000143721817562544	0.000429196660666226	0.00120293192507828	0.00322028748301097	0.00637691735732985	0.0123312006940648	0.0242758618879272	0.0393108702913878	0.0601505338379566	0.0867462889911057	0.109735217161041	0.123821924074192	0.122523833868079	0.117523102133711	0.10214224259849	0.0756744589267327	0.050311167578983	0.0328998272056869	0.0180361037080885	0.0079480133904108	0.00341519789313003	0.00126855832579177	0.00043510303673044	7.74391528419185e-05	
9.21966713050373e-06	0.000281858395132543	0.000825818755832263	0.00203622934053697	0.00415016730403104	0.00881663596737028	0.0171485808627369	0.0314772606788441	0.0508418543911628	0.0744534219123829	0.0984350932141274	0.118778288737584	0.121943927301608	0.123054238643181	0.110992279845874	0.0904106900723283	0.0630888650787327	0.0392158541395976	0.0247660015554896	0.0107330096352107	0.00562992387847688	0.00195456943166679	0.000717158393222754	0.00020941815339287	2.96346443480477e-05	
5.83401175818552e-05	0.000564838411133416	0.00105277393999984	0.00288518399677538	0.00638691696344992	0.0130642086030459	0.0245724597519484	0.0424497280554974	0.0632128433117033	0.0864971797856796	0.110140175391608	0.120863486776682	0.123837506861593	0.118753961161393	0.0981585737432345	0.0764301947234016	0.0498092012972721	0.0322415333904359	0.0167509062606902	0.00714997918318532	0.00334328651096927	0.00115420618988648	0.000495890999445769	0.00012662457338789	
7.96783120946366e-06	0.00028617793760657	0.000725736625995315	0.00195145466038447	0.00407023377616769	0.00955608556388341	0.019330622500093	0.0328706236687082	0.0504045002310671	0.0770814631062856	0.0974020886341544	0.119058653861477	0.123926998730459	0.12279158278311	0.110458044056795	0.0881056215705126	0.0603038665228916	0.0400941266460211	0.0228245164854428	0.0107014613002438	0.00483116165667147	0.00241425285646749	0.000614850974996946	0.000169316413201103	1.85916061554152e-05	
0.000154413531417496	0.000482542285679676	0.00128788872108989	0.00319343156784977	0.00671366073882881	0.0129035135068578	0.0252798911650834	0.0408583528735227	0.0631105407868035	0.0859537598030961	0.108255865883861	0.124950497817245	0.12513353109802	0.118743340084488	0.101233378082197	0.0742196625664993	0.0494722318545797	0.0312414515138183	0.0151258703232501	0.00689336614177159	0.00319076926558395	0.00127324605862789	0.000252918715252796	7.58756145758387e-05	
1.06699672432006e-05	0.000360778267410719	0.000791578194854942	0.0018705786323236	0.00491018555073036	0.0106346229767075	0.0188851751475123	0.0331269139253743	0.0499281110956989	0.0750778907608754	0.0986138378805177	0.119735038038433	0.129709456791968	0.125187391299709	0.108043421431696	0.0856584970284141	0.0601619434278337	0.0383551978745425	0.0211212001579155	0.0103898806030665	0.00477014223066335	0.0018425699683102	0.000705551583956637	0.000104699053573906	4.66811066890025e-06	
0.00015794152248878	0.000513647429974196	0.00156861580454669	0.00285982149908104	0.00708644463508421	0.0145265702863399	0.0271470428824733	0.0419672224093372	0.063936618202018	0.087860034112669	0.109231412003961	0.125572959871379	0.131146810694936	0.118309674728209	0.0942303421863831	0.0733921856744339	0.0465191780831164	0.0278213316900215	0.0149605719912984	0.00726935981711182	0.00260468519352224	0.00100637098303749	0.000264585798357273	4.65725002210506e-05	
2.16407473632102e-05	0.000321229843672651	0.000949487790560847	0.00207886429357838	0.00511465538462371	0.0100487457834356	0.0208305718838	0.0347056723103932	0.0551399480081045	0.0762599648878874	0.0998159183927417	0.120800004328149	0.126709957178371	0.125680669131908	0.108194945262435	0.0841135273606674	0.0576468933354613	0.0345974685735772	0.0195659407097624	0.0106533341628953	0.00502403475504027	0.00128897701482121	0.000413879293321395	2.36695674285111e-05	
1.89256196112678e-05	0.000186552536168211	0.000781357723950912	0.00148430930951229	0.00346203655888977	0.00776491136050872	0.0138772105799621	0.0280383054540932	0.0444184292276455	0.0679078268251732	0.0886151583398447	0.112207970930248	0.12534370277044	0.130180550411092	0.117044142655913	0.0969836617829556	0.0672623280134318	0.0444975112810211	0.0260977535289521	0.0136534827195575	0.00645904360733124	0.00266445687527206	0.000917892551146487	0.000109498227750906	2.2981109527968e-05	
4.13242176173947e-05	0.000409177499031252	0.00124040397471229	0.0025350036446605	0.00525088542217092	0.0105966133110047	0.0196411973996905	0.0346567922109947	0.0564603978505987	0.0779137638097406	0.104723696796763	0.121747919562749	0.128488509157718	0.123081811111743	0.107024981505719	0.0830792910119149	0.0559489259768097	0.0349636753352681	0.0178473198873813	0.00868960228489051	0.00365143496652061	0.00155880368422336	0.000404435375698108	4.4034002379191e-05	
4.48997001924564e-05	0.000552402372064767	0.00158033338707691	0.00390015123035383	0.00820235886697647	0.0149237079260897	0.0287929531961443	0.0446636366172022	0.0690965568052639	0.0898034821758395	0.113892171329092	0.12771787749593	0.127102887662991	0.114895611598545	0.096269719302041	0.0680155625082061	0.0446282610958384	0.0251948544943579	0.0118875357751967	0.00563491237415328	0.00236199634951831	0.00064220177244968	0.000195925964476174	
9.73377114883004e-05	0.000132733242938591	0.000993116930499513	0.00232861755945088	0.00559725875222583	0.0123094767451358	0.0231377866357364	0.0369788007993945	0.0563667031512914	0.0796767026611994	0.105062786227326	0.120484347006899	0.130415516311895	0.121727274707442	0.104540021455138	0.0813743268042191	0.0548161066004498	0.0337870768191942	0.017576604098258	0.00703826529223095	0.00346740071553428	0.00160368984801703	0.000432233893671824	5.58160303639205e-05	
2.32078901365784e-05	0.000167233325984168	0.000421837532482514	0.00170031924500638	0.00413168702931498	0.00876029594155434	0.0159520115438776	0.031294474679168	0.0454806388176536	0.0687014980693083	0.0927148385106268	0.115765051511277	0.128581950131705	0.128369666195455	0.114671550334842	0.0907414852640136	0.067363631461435	0.0412649938328445	0.0237321154196635	0.0118892655999683	0.00447024919130742	0.00253375553491115	0.00108599274139107	0.000168598495992202	1.36517000803403e-05	
7.83664041850409e-05	0.000146421439398366	0.000971330957135639	0.00284043843940868	0.00619782017659938	0.0133985928418477	0.0240467998666396	0.0394244881264586	0.057508567029054	0.0802678206234254	0.106530189969788	0.121239701520239	0.132375980009693	0.123678683994349	0.103761931113181	0.0760580323845728	0.0518978074592443	0.0313245640868767	0.016477567616802	0.00708322305897072	0.00306316400919774	0.00120505532049453	0.00039114459632709	3.09341069151477e-05	1.37484919622879e-06	
8.8027079330279e-05	0.000396121856986255	0.00187607712822657	0.00492401475003748	0.00968641728411703	0.0186624285295764	0.0320060958752436	0.049423078774608	0.0697648989270324	0.0964137217711599	0.11641168614495	0.12939980661551	0.130062760556716	0.111885856386571	0.0875023554120836	0.0638333867455976	0.0397669207990108	0.0206285958718051	0.0106588414260937	0.00390964020306747	0.002056945267788	0.000466268435827571	0.000154735100385256	2.13190582753019e-05	
0.000189921237735974	0.00100052710024676	0.00329540872288978	0.00664242647777302	0.0144106179734303	0.0246863203035437	0.0418267120092153	0.0618661550720669	0.0818202712020225	0.106519665793671	0.126879084854882	0.13026945419664	0.121320448048972	0.101985640302938	0.0723572390956997	0.0499018052151271	0.0291157514894367	0.0151159414106744	0.00693281329778962	0.00242493638326656	0.000961304235931722	0.000379842475471947	9.77131005743053e-05	
0.000109452749931934	0.000592413009006593	0.00158706487401304	0.00463669211899156	0.0103166057607719	0.0190242560975443	0.0350748177953754	0.0516411755772606	0.0732314145810217	0.0944515664740754	0.118409405274802	0.131161334721559	0.126775015768037	0.111838135800763	0.0854176101265684	0.0620699704067127	0.0367857010927489	0.0210737588400198	0.0103371281513841	0.00348812232439332	0.00138047280851652	0.000371455270081501	0.000177176638952318	4.92537374693703e-05	
3.3856850527422e-06	0	3.85968096012611e-05	0.000293877462578023	0.00104820809232899	0.00258869479132669	0.00769837067292522	0.0142131058514118	0.0270793861888427	0.0439096265860242	0.0643869269220195	0.0854079682774853	0.108184825901303	0.128122448039892	0.128548367219526	0.118541636477642	0.0976749823605809	0.0709294247179386	0.0478668152756693	0.028879893499891	0.0143939014332282	0.00691627742574177	0.00231716285009676	0.00074688212263493	0.000197724007080145	1.0834192168775e-05	6.7713701054844e-07	
2.91119632566402e-05	1.42174704276615e-05	3.52051648684952e-05	0.000230187616447853	0.000489487196152346	0.00188415334286581	0.00510271783872785	0.0108350665106807	0.0204088402877074	0.0364265132804714	0.0544529117379436	0.0796767353438191	0.0969590861822436	0.121277053815157	0.129729001473201	0.125368300186317	0.10626543611075	0.0824992417349105	0.0571400136487716	0.0347820258676719	0.0207453204211621	0.0102690757831795	0.00380892802981065	0.00110490055894969	0.000354082715888903	0.000112385718618658	
2.64495721951246e-05	2.17022130831792e-05	4.88299794371531e-05	0.000138351608405267	0.000448286338999419	0.00139572357891196	0.00325194099168263	0.00912713698979453	0.0162447846869184	0.0282847655889709	0.0472063826208678	0.0679604802699755	0.090260182407101	0.10895663897826	0.126935566129356	0.128972861382539	0.116085815976084	0.094262206138471	0.0665905280690998	0.0447838730854579	0.0257537449881452	0.0136473010585254	0.00657034501093249	0.00235062095457184	0.000500507289230819	0.000144455355834911	3.05187371482207e-05	
8.30600118715041e-05	0.000187053847873225	0.000134381645223003	0.000254582312809407	0.000715801728323532	0.00226490471395955	0.00601476037186575	0.0132112688801147	0.0234843742508561	0.0370521934258338	0.0622180264536009	0.0820058925338503	0.0983957262585111	0.120190538316664	0.128732889131091	0.124011974147402	0.10508442071044	0.0769770477500528	0.0534420271504946	0.0332516914192255	0.0185338624863846	0.00869158872193601	0.00392813080533772	0.00077455149281801	0.000340343463278358	1.8907970182131e-05	
2.80643609344096e-05	6.21425134976212e-05	0.000191104933981932	0.000108248249318437	0.000424974608435345	0.0014633559630085	0.00447359277275886	0.00932739081627198	0.0173083605067622	0.0303636339338216	0.0481183514192548	0.0732793873950928	0.0948368257871385	0.112910942427968	0.127401507457102	0.124635831506923	0.117629096060298	0.088328566846635	0.0647418078794034	0.0403659058106591	0.0252806436093441	0.0109818517132624	0.00552333351151975	0.00148941572673331	0.000519858876356444	0.000205805313519004	
4.47110796724747e-05	0.000141473864038278	0.000305636932686469	0.000158824432269388	0.000766094320358223	0.00215680909703639	0.00665794689391462	0.0134573676518675	0.0231563352930578	0.038378789597667	0.0616192084136909	0.0881068528071217	0.107606889510247	0.121457314265504	0.127728877351502	0.120570433297075	0.102982295747109	0.0757932879994127	0.0496473163342253	0.0303381358816424	0.0168033580022823	0.00784646081774563	0.00342473523700209	0.000602598581257382	0.000248246591614337	
6.94012540272747e-05	0.000505828370698791	0.000276937696358837	0.000474464342436465	0.0010837272744259	0.00372831544471523	0.0102073229000115	0.0177900772222415	0.0311331356287353	0.0500236231191593	0.0757014197895007	0.101331169437823	0.118654122834881	0.127087042518945	0.125590244319107	0.111332957854754	0.0882323500599253	0.0610984616945117	0.0351030208230455	0.0228490282489797	0.010618391866173	0.00503092359722715	0.00181644436021386	0.000204199843580251	5.73894985225541e-05	
2.6157239888047e-05	0.000211940712939048	0.000833007485665497	0.000440648887344792	0.000841055867169512	0.00161034699926156	0.00690886482273775	0.0147996321889653	0.0237433961353013	0.0436470435947291	0.063808909960744	0.0887763307831142	0.113911426220151	0.123319984198344	0.125344822845063	0.120963149814585	0.102535038964227	0.0710980608095464	0.0455048783252391	0.0258178664679611	0.0149364546745335	0.00629517573305665	0.00374115600244939	0.000789412085852086	9.52391811308378e-05	
7.27533887060042e-05	0.000912420939092732	0.000811634134555056	0.000713517179144207	0.00136295797924459	0.00375514279688055	0.0113194928354599	0.0191328063051157	0.0327844123528579	0.0569412072523782	0.076546576852942	0.103083542249028	0.125792611459526	0.124901549313448	0.123122094870419	0.110526414152336	0.0870050433450006	0.0555281896020056	0.0309141830395164	0.0191501603244401	0.0092463549884796	0.0038946424137572	0.00213788168830579	0.000329058904881285	1.53516324792486e-05	
