# <N_i^j*N_k^m*U^p> as a function of N_tot.
# number_of_species: 1
# max_order: 2
# species_total_upper_bound: 303
# species_total_lower_bound: 272
# volume: 729
#	N_tot	N_1^0*N_1^0*U^0	N_1^0*N_1^0*U^1	N_1^0*N_1^0*U^2	N_1^0*N_1^1*U^0	N_1^0*N_1^1*U^1	N_1^0*N_1^1*U^2	N_1^0*N_1^2*U^0	N_1^0*N_1^2*U^1	N_1^0*N_1^2*U^2	N_1^1*N_1^0*U^0	N_1^1*N_1^0*U^1	N_1^1*N_1^0*U^2	N_1^1*N_1^1*U^0	N_1^1*N_1^1*U^1	N_1^1*N_1^1*U^2	N_1^1*N_1^2*U^0	N_1^1*N_1^2*U^1	N_1^1*N_1^2*U^2	N_1^2*N_1^0*U^0	N_1^2*N_1^0*U^1	N_1^2*N_1^0*U^2	N_1^2*N_1^1*U^0	N_1^2*N_1^1*U^1	N_1^2*N_1^1*U^2	N_1^2*N_1^2*U^0	N_1^2*N_1^2*U^1	N_1^2*N_1^2*U^2	
272	1	-941.690545216967	887808.383845071	272	-256139.828299015	241483880.405859	73984	-69670033.2973321	65683615470.3937	272	-256139.828299015	241483880.405859	73984	-69670033.2973321	65683615470.3937	20123648	-18950249056.8743	17865943407831.3	73984	-69670033.2973321	65683615470.3937	20123648	-18950249056.8743	17865943407831.3	5473632256	-5154467743469.82	4.85953660693873e+15	
273	1	-946.845749007658	897546.270610913	273	-258488.889479091	245030131.876779	74529	-70567466.8277917	66893226002.1403	273	-258488.889479091	245030131.876779	74529	-70567466.8277917	66893226002.1403	20346417	-19264918443.9864	18261850698620.9	74529	-70567466.8277917	66893226002.1403	20346417	-19264918443.9864	18261850698620.9	5554571840.73444	-5259322735209.54	4.98548524074225e+15	
274	1	-952.094415444228	907517.836689805	274	-260873.869831718	248659887.253006	75076	-71479440.3338908	68132809105.633	274	-260873.869831718	248659887.253006	75076	-71479440.3338908	68132809105.633	20570824	-19585366651.4861	18668389695443	75076	-71479440.3338908	68132809105.633	20570824	-19585366651.4861	18668389695443	5636405776	-5366390462509.4	5.11513877654576e+15	
275	1	-957.591957404288	918008.467149023	275	-263337.788286179	252452328.465981	75625	-72417891.7786992	69424390327.873	275	-263337.788286179	252452328.465981	75625	-72417891.7786992	69424390327.873	20796875	-19914920239.1391	19091707340261.4	75625	-72417891.7786992	69424390327.873	20796875	-19914920239.1391	19091707340261.4	5719140624.71113	-5476603065774.88	5.250219518579e+15	
276	1	-962.638118142124	927698.856126784	276	-265688.120607226	256044884.290992	76176	-73329921.2875944	70668388063.7003	276	-265688.120607226	256044884.290992	76176	-73329921.2875944	70668388063.7003	21024576	-20239058275.3761	19504475105659.8	76176	-73329921.2875944	70668388063.7003	21024576	-20239058275.3761	19504475105659.8	5802782976	-5585980084002.65	5.38323512919732e+15	
277	1	-967.921962213892	937886.454220468	277	-268114.383533248	259794547.81907	76729	-74267684.2387097	71963089745.5677	277	-268114.383533248	259794547.81907	76729	-74267684.2387097	71963089745.5677	21253933	-20572148534.1227	19933775859595.3	76729	-74267684.2387097	71963089745.5677	21253933	-20572148534.1227	19933775859595.3	5887339440.69214	-5698485143960.46	5.52165591311759e+15	
278	1	-973.345251458246	948412.094555097	278	-270589.979905393	263658562.286317	77284	-75224014.4136991	73297080313.6144	278	-270589.979905393	263658562.286317	77284	-75224014.4136991	73297080313.6144	21484952	-20912276007.0084	20376588327752.4	77284	-75224014.4136991	73297080313.6144	21484952	-20912276007.0084	20376588327752.4	5972816656	-5813612729951.45	5.6646915551391e+15	
279	1	-978.546170042495	958545.165302009	279	-273014.381441856	267434101.11926	77841	-76171012.4222779	74614114211.9336	279	-273014.381441856	267434101.11926	77841	-76171012.4222779	74614114211.9336	21717639	-21251712465.8158	20817337865253.4	77841	-76171012.4222779	74614114211.9336	21717639	-21251712465.8158	20817337865253.4	6059221280.67325	-5929227777964.05	5.80803726440448e+15	
280	1	-983.980896778648	969218.499794974	280	-275514.651098021	271381179.942593	78400	-77144102.307446	75986730383.926	280	-275514.651098021	271381179.942593	78400	-77144102.307446	75986730383.926	21952000	-21600348646.0849	21276284507621.1	78400	-77144102.307446	75986730383.926	21952000	-21600348646.0849	21276284507621.1	6146560000	-6048097620903.76	5.95735966210825e+15	
281	1	-989.299799694128	979701.60208291	281	-277993.24371405	275296150.185298	78961	-78116101.483648	77358218201.6979	281	-277993.24371405	275296150.185298	78961	-78116101.483648	77358218201.6979	22188041	-21950624516.9031	21737659314800.5	78961	-78116101.483648	77358218201.6979	22188041	-21950624516.9031	21737659314800.5	6234839520.65174	-6168125489250.09	6.10828226743812e+15	
282	1	-994.310985149658	989641.662013982	282	-280395.697812203	279078948.687943	79524	-79071586.7830414	78700263527.7679	282	-280395.697812203	279078948.687943	79524	-79071586.7830414	78700263527.7679	22425768	-22298187472.8177	22193474315474.8	79524	-79071586.7830414	78700263527.7679	22425768	-22298187472.8177	22193474315474.8	6324066576	-6288088867334.67	6.2585597569516e+15	
283	1	-999.661573392326	1000304.15942146	283	-282904.225270028	283086077.116273	80089	-80061895.751418	80113359823.4813	283	-282904.225270028	283086077.116273	80089	-80061895.751418	80113359823.4813	22665187	-22657516497.6502	22672080830062.2	80089	-80061895.751418	80113359823.4813	22665187	-22657516497.6502	22672080830062.2	6414247920.62949	-6412077168902.1	6.41619887492942e+15	
284	1	-1005.08987196379	1011185.55067586	284	-285445.523637715	287176696.391945	80656	-81066528.7131112	81558181773.7097	284	-285445.523637715	287176696.391945	80656	-81066528.7131112	81558181773.7097	22906304	-23022894154.5236	23162523624173.6	80656	-81066528.7131112	81558181773.7097	22906304	-23022894154.5236	23162523624173.6	6505390336	-6538501939883.36	6.57815670929435e+15	
285	1	-1010.63281253534	1022358.09969693	285	-288030.351572572	291372058.413625	81225	-82088650.1981829	83041036647.4482	285	-288030.351572572	291372058.413625	81225	-82088650.1981829	83041036647.4482	23149125	-23395265306.4809	23666695444602.6	81225	-82088650.1981829	83041036647.4482	23149125	-23395265306.4809	23666695444602.6	6597500624.61756	-6667650612341.62	6.74500820171853e+15	
286	1	-1016.21594644685	1033669.68147645	286	-290637.760683799	295629528.902266	81796	-83122399.5555666	84550045263.5672	286	-290637.760683799	295629528.902266	81796	-83122399.5555666	84550045263.5672	23393656	-23773006272.892	24181312946075.4	81796	-83122399.5555666	84550045263.5672	23393656	-23773006272.892	24181312946075.4	6690585616	-6799079794049.03	6.91585550258312e+15	
287	1	-1021.58589343788	1044609.52986239	287	-293195.151416671	299802935.070507	82369	-84147008.4565846	86043442364.7752	287	-293195.151416671	299802935.070507	82369	-84147008.4565846	86043442364.7752	23639903	-24150191427.0512	24694467958886.6	82369	-84147008.4565846	86043442364.7752	23639903	-24150191427.0512	24694467958886.6	6784652160.59948	-6931104939551.51	7.08731230420911e+15	
288	1	-1026.87712215279	1055447.2401043	288	-295740.611180003	303968805.150038	82944	-85173296.0198409	87543015883.2111	288	-295740.611180003	303968805.150038	82944	-85173296.0198409	87543015883.2111	23887872	-24529909253.7142	25212388574364.8	82944	-85173296.0198409	87543015883.2111	23887872	-24529909253.7142	25212388574364.8	6879707136	-7064613865069.68	7.26116790919994e+15	
289	1	-1032.31755457885	1066652.5036046	289	-298339.773273287	308262573.541728	83521	-86220194.4759799	89087883753.0746	289	-298339.773273287	308262573.541728	83521	-86220194.4759799	89087883753.0746	24137569	-24917636203.5604	25746398404676.5	83521	-86220194.4759799	89087883753.0746	24137569	-24917636203.5604	25746398404676.5	6975757440.58266	-7201196862824.98	7.44070913896238e+15	
290	1	-1037.72139485434	1077834.64258931	290	-300939.204507758	312572046.3509	84100	-87272369.3072497	90645893439.0867	290	-300939.204507758	312572046.3509	84100	-87272369.3072497	90645893439.0867	24389000	-25308987099.1024	26287309098145.6	84100	-87272369.3072497	90645893439.0867	24389000	-25308987099.1024	26287309098145.6	7072810000	-7339606258734.45	7.62331963842056e+15	
291	1	-1043.34334484195	1089534.32246592	291	-303612.913349007	317054487.837584	84681	-88351357.784561	92262855960.2045	291	-303612.913349007	317054487.837584	84681	-88351357.784561	92262855960.2045	24642171	-25710245115.3009	26848491084531.8	84681	-88351357.784561	92262855960.2045	24642171	-25710245115.3009	26848491084531.8	7170871760.57175	-7481681328546.37	7.81291090558279e+15	
292	1	-1048.80302153108	1100953.65936134	292	-306250.482287075	321478468.533511	85264	-89425140.8278259	93871712809.3522	292	-306250.482287075	321478468.533511	85264	-89425140.8278259	93871712809.3522	24897088	-26112141121.7252	27410540141053.1	85264	-89425140.8278259	93871712809.3522	24897088	-26112141121.7252	27410540141053.1	7269949696	-7624745207541.47	8.00387772112199e+15	
293	1	-1054.05523070757	1111998.11813141	293	-308838.182597317	325815448.612504	85849	-90489587.5010138	95463926442.9273	293	-308838.182597317	325815448.612504	85849	-90489587.5010138	95463926442.9273	25153757	-26513449137.7919	27970930447956.6	85849	-90489587.5010138	95463926442.9273	25153757	-26513449137.7919	27970930447956.6	7370050800.55414	-7768440597377.98	8.19548262120555e+15	
294	1	-1059.50804342046	1123523.92905279	294	-311495.364765614	330316035.141521	86436	-91579637.2410906	97112914328.6886	294	-311495.364765614	330316035.141521	86436	-91579637.2410906	97112914328.6886	25412184	-26924413348.8806	28551196813586.2	86436	-91579637.2410906	97112914328.6886	25412184	-26924413348.8806	28551196813586.2	7471182096	-7915777524571.51	8.39405186324129e+15	
295	1	-1065.09232793596	1135391.47334939	295	-314202.236741109	334940484.638069	87025	-92689659.8386271	98807442967.6456	295	-314202.236741109	334940484.638069	87025	-92689659.8386271	98807442967.6456	25672375	-27343449652.4037	29148195675777.3	87025	-92689659.8386271	98807442967.6456	25672375	-27343449652.4037	29148195675777.3	7573350624.53014	-8066317647453.64	8.59871772428743e+15	
296	1	-1070.86204357195	1147715.12741381	296	-316975.164897297	339723677.714487	87616	-93824648.8095999	100558208603.488	296	-316975.164897297	339723677.714487	87616	-93824648.8095999	100558208603.488	25934336	-27772096047.6416	29765229746316.8	87616	-93824648.8095999	100558208603.488	25934336	-27772096047.6416	29765229746316.8	7676563456	-8220540430101.9	8.81050800499642e+15	
297	1	-1076.5780880645	1159995.07068959	297	-319743.692155156	344518535.994808	88209	-94963876.5700812	102322005189.825	297	-319743.692155156	344518535.994808	88209	-94963876.5700812	102322005189.825	26198073	-28204271341.3175	30389635541662.2	88209	-94963876.5700812	102322005189.825	26198073	-28204271341.3175	30389635541662.2	7780827680.51631	-8376668588364.38	9.02572175584004e+15	
298	1	-1082.28607653266	1172319.88164647	298	-322521.250806732	349351324.730647	88804	-96111332.7404061	104106694766.565	298	-322521.250806732	349351324.730647	88804	-96111332.7404061	104106694766.565	26463592	-28641177156.641	31023795041363.6	88804	-96111332.7404061	104106694766.565	26463592	-28641177156.641	31023795041363.6	7886150416	-8535070792671.9	9.24509092231322e+15	
299	1	-1087.8679510352	1184423.67912897	299	-325272.517359524	354142680.059563	89401	-97256482.6904978	105888661337.165	299	-325272.517359524	354142680.059563	89401	-97256482.6904978	105888661337.165	26730899	-29079688324.468	31660709739912.2	89401	-97256482.6904978	105888661337.165	26730899	-29079688324.468	31660709739912.2	7992538800.49802	-8694826809017.06	9.46655221229084e+15	
300	1	-1093.39117760158	1196461.70047279	300	-328017.353280475	358938510.141838	90000	-98405205.9841425	107681553039.275	300	-328017.353280475	358938510.141838	90000	-98405205.9841425	107681553039.275	27000000	-29521561795.2428	32304465912800	90000	-98405205.9841425	107681553039.275	27000000	-29521561795.2428	32304465912800	8100000000	-8856468538574.56	9.69133977382184e+15	
301	1	-1098.92825141322	1208597.45018204	301	-330777.403675381	363787832.504794	90601	-99563998.5062895	109500137583.267	301	-330777.403675381	363787832.504794	90601	-99563998.5062895	109500137583.267	27270901	-29968763550.3864	32959541412610	90601	-99563998.5062895	109500137583.267	27270901	-29968763550.3864	32959541412610	8208541200.48631	-9020597828669.63	9.9208219652528e+15	
302	1	-1104.69426239051	1221300.9211716	302	-333617.667241934	368832878.193823	91204	-100752535.507064	111387529211.234	302	-333617.667241934	368832878.193823	91204	-100752535.507064	111387529211.234	27543608	-30427265723.1333	33639033822825.9	91204	-100752535.507064	111387529211.234	27543608	-30427265723.1333	33639033822825.9	8318169616	-9189034248379.96	1.01589882144851e+16	
303	1	-1110.46543507736	1234079.47310417	303	-336471.026828439	373926080.350564	91809	-101950721.129017	113299602345.523	303	-336471.026828439	373926080.350564	91809	-101950721.129017	113299602345.523	27818127	-30891068502.0804	34329779511033.9	91809	-101950721.129017	113299602345.523	27818127	-30891068502.0804	34329779511033.9	8428892480.47691	-9359993756134.76	1.04019231917989e+16	
