# <N_i^j*N_k^m*U^p> as a function of N_tot.
# number_of_species: 1
# max_order: 2
# species_total_upper_bound: 303
# species_total_lower_bound: 272
# volume: 729
#	N_tot	N_1^0*N_1^0*U^0	N_1^0*N_1^0*U^1	N_1^0*N_1^0*U^2	N_1^0*N_1^1*U^0	N_1^0*N_1^1*U^1	N_1^0*N_1^1*U^2	N_1^0*N_1^2*U^0	N_1^0*N_1^2*U^1	N_1^0*N_1^2*U^2	N_1^1*N_1^0*U^0	N_1^1*N_1^0*U^1	N_1^1*N_1^0*U^2	N_1^1*N_1^1*U^0	N_1^1*N_1^1*U^1	N_1^1*N_1^1*U^2	N_1^1*N_1^2*U^0	N_1^1*N_1^2*U^1	N_1^1*N_1^2*U^2	N_1^2*N_1^0*U^0	N_1^2*N_1^0*U^1	N_1^2*N_1^0*U^2	N_1^2*N_1^1*U^0	N_1^2*N_1^1*U^1	N_1^2*N_1^1*U^2	N_1^2*N_1^2*U^0	N_1^2*N_1^2*U^1	N_1^2*N_1^2*U^2	
272	1	-942.226726002599	888790.755052132	272	-256285.669472707	241751085.37418	73984	-69709702.0965762	65756295221.7769	272	-256285.669472707	241751085.37418	73984	-69709702.0965762	65756295221.7769	20123648	-18961038970.2687	17885712300323.3	73984	-69709702.0965762	65756295221.7769	20123648	-18961038970.2687	17885712300323.3	5473632256	-5157402599913.1	4.86491374563941e+15	
273	1	-947.368186708157	898506.254207602	273	-258631.514971327	245292207.398675	74529	-70606403.5871723	66964772619.004	273	-258631.514971327	245292207.398675	74529	-70606403.5871723	66964772619.004	20346417	-19275548179.2976	18281382925256	74529	-70606403.5871723	66964772619.004	20346417	-19275548179.2976	18281382925256	5554571841	-5262224652948.64	4.99081753859683e+15	
274	1	-952.544158220545	908332.152658856	274	-260997.099352429	248883009.828527	75076	-71513205.2225656	68193944691.9527	274	-260997.099352429	248883009.828527	75076	-71513205.2225656	68193944691.9527	20570824	-19594618230.983	18685140845930.1	75076	-71513205.2225656	68193944691.9527	20570824	-19594618230.983	18685140845930.1	5636405776	-5368925395289.25	5.11972859177371e+15	
275	1	-958.071070907946	918881.549189065	275	-263469.544499685	252692426.026993	75625	-72454124.7374134	69490417156.6149	275	-263469.544499685	252692426.026993	75625	-72454124.7374134	69490417156.6149	20796875	-19924884302.7842	19109864718286.9	75625	-72454124.7374134	69490417156.6149	20796875	-19924884302.7842	19109864718286.9	5719140625	-5479343183262.67	5.25521279752392e+15	
276	1	-963.232917180068	928802.968639858	276	-265852.285141699	256349619.344601	76176	-73375230.6991088	70752494939.1098	276	-265852.285141699	256349619.344601	76176	-73375230.6991088	70752494939.1098	21024576	-20251563672.954	19527688603159.3	76176	-73375230.6991088	70752494939.1098	21024576	-20251563672.954	19527688603159.3	5802782976	-5589431573734.79	5.38964205449706e+15	
277	1	-968.610602582844	939179.242670605	277	-268305.136915448	260152650.219758	76729	-74320522.925579	72062284110.1196	277	-268305.136915448	260152650.219758	76729	-74320522.925579	72062284110.1196	21253933	-20586784850.3834	19961252698728.6	76729	-74320522.925579	72062284110.1196	21253933	-20586784850.3834	19961252698728.6	5887339441	-5702539403550.67	5.52926699754788e+15	
278	1	-973.870662981146	949396.104551235	278	-270736.044308759	263932117.065243	77284	-75264620.3178349	73373128543.0159	278	-270736.044308759	263932117.065243	77284	-75264620.3178349	73373128543.0159	21484952	-20923564448.3581	20397729735292.8	77284	-75264620.3178349	73373128543.0159	21484952	-20923564448.3581	20397729735292.8	5972816656	-5816750916644.39	5.67056886641061e+15	
279	1	-979.063330324674	959535.083984785	279	-273158.669160584	267710288.431755	77841	-76211268.695803	74691170471.734	279	-273158.669160584	267710288.431755	77841	-76211268.695803	74691170471.734	21717639	-21262943966.1313	20838836561809.5	77841	-76211268.695803	74691170471.734	21717639	-21262943966.1313	20838836561809.5	6059221281	-5932361366552.88	5.81403540073486e+15	
280	1	-984.345508321082	969908.726254602	280	-275616.742329903	271574443.351288	78400	-77172687.8523728	76040844138.3608	280	-275616.742329903	271574443.351288	78400	-77172687.8523728	76040844138.3608	21952000	-21608352598.6644	21291436358830.1	78400	-77172687.8523728	76040844138.3608	21952000	-21608352598.6644	21291436358830.1	6146560000	-6050338727626.03	5.9616021804535e+15	
281	1	-989.618760455024	980310.404224942	281	-278082.871687862	275467223.587209	78961	-78141286.9442892	77406289827.3155	281	-278082.871687862	275467223.587209	78961	-78141286.9442892	77406289827.3155	22188041	-21957701631.3415	21751167441692.2	78961	-78141286.9442892	77406289827.3155	22188041	-21957701631.3415	21751167441692.2	6234839521	-6170114158407.87	6.11207805110776e+15	
282	1	-994.741750180974	990467.399996147	282	-280517.173551035	279311806.798913	79524	-79105842.9413918	78765929516.1422	282	-280517.173551035	279311806.798913	79524	-79105842.9413918	78765929516.1422	22425768	-22307847709.4725	22211992123840.9	79524	-79105842.9413918	78765929516.1422	22425768	-22307847709.4725	22211992123840.9	6324066576	-6290813054072.18	6.26378177893674e+15	
283	1	-1000.10811409194	1001176.89716541	283	-283030.596288018	283333061.897812	80089	-80097658.749509	80183256516.4138	283	-283030.596288018	283333061.897812	80089	-80097658.749509	80183256516.4138	22665187	-22667637426.1124	22691861594382.5	80089	-80097658.749509	80183256516.4138	22665187	-22667637426.1124	22691861594382.5	6414247921	-6414941391586.13	6.4217968312064e+15	
284	1	-1005.57488897447	1012145.65240684	284	-285583.26846875	287449365.283543	80656	-81105648.245125	81635619740.5261	284	-285583.26846875	287449365.283543	80656	-81105648.245125	81635619740.5261	22906304	-23034004101.6155	23184516006306.9	80656	-81105648.245125	81635619740.5261	22906304	-23034004101.6155	23184516006306.9	6505390336	-6541657164858.81	6.58440254579222e+15	
285	1	-1011.14802821788	1023378.15027774	285	-288177.188042096	291662772.829156	81225	-82130498.5919972	83123890255.6763	285	-288177.188042096	291662772.829156	81225	-82130498.5919972	83123890255.6763	23149125	-23407192098.7154	23690308723030.6	81225	-82130498.5919972	83123890255.6763	23149125	-23407192098.7154	23690308723030.6	6597500625	-6671049748135.77	6.75173798607789e+15	
286	1	-1016.59337440296	1034409.07972158	286	-290745.705079246	295840996.800371	81796	-83153271.6526642	84610525083.6883	286	-290745.705079246	295840996.800371	81796	-83153271.6526642	84610525083.6883	23393656	-23781835692.662	24198610174280.8	81796	-83153271.6526642	84610525083.6883	23393656	-23781835692.662	24198610174280.8	6690585616	-6801605008104.39	6.92080250984156e+15	
287	1	-1021.93333872078	1045287.76905879	287	-293294.868212864	299997589.719871	82369	-84175627.1770918	86099308249.0222	287	-293294.868212864	299997589.719871	82369	-84175627.1770918	86099308249.0222	23639903	-24158404999.8241	24710501467578.1	82369	-84175627.1770918	86099308249.0222	23639903	-24158404999.8241	24710501467578.1	6784652161	-6933462234948.19	7.09191392120741e+15	
288	1	-1027.21076966057	1056105.43775667	288	-295836.701662243	304158366.073921	82944	-85200970.0787261	87597609429.2892	288	-295836.701662243	304158366.073921	82944	-85200970.0787261	87597609429.2892	23887872	-24537879382.6731	25228111515635.3	82944	-85200970.0787261	87597609429.2892	23887872	-24537879382.6731	25228111515635.3	6879707136	-7066909262209.86	7.26569611650297e+15	
289	1	-1032.67271228053	1067355.91965923	289	-298442.413849072	308465860.781517	83521	-86249857.6023818	89146633765.3241	289	-298442.413849072	308465860.781517	83521	-86249857.6023818	89146633765.3241	24137569	-24926208847.0899	25763377158290	83521	-86249857.6023818	89146633765.3241	24137569	-24926208847.0899	25763377158290	6975757441	-7203674356810.92	7.44561599875848e+15	
290	1	-1038.07045539789	1078528.91949962	290	-301040.432065387	312773386.65489	84100	-87301725.2989622	90704282128.6506	290	-301040.432065387	312773386.65489	84100	-87301725.2989622	90704282128.6506	24389000	-25317500336.699	26304241817664.5	84100	-87301725.2989622	90704282128.6506	24389000	-25317500336.699	26304241817664.5	7072810000	-7342075097639.23	7.62823012712036e+15	
291	1	-1043.72702564131	1090302.0121938	291	-303724.564461622	317277885.548395	84681	-88383848.2583321	92327864694.0385	291	-303724.564461622	317277885.548395	84681	-88383848.2583321	92327864694.0385	24642171	-25719699843.1697	26867408626098.4	84681	-88383848.2583321	92327864694.0385	24642171	-25719699843.1697	26867408626098.4	7170871761	-7484432654367.65	7.81841591020722e+15	
292	1	-1049.56032943804	1102509.7015161	292	-306471.616195908	321932832.842702	85264	-89489711.929205	94004387190.0689	292	-306471.616195908	321932832.842702	85264	-89489711.929205	94004387190.0689	24897088	-26130995883.3279	27449281059526.2	85264	-89489711.929205	94004387190.0689	24897088	-26130995883.3279	27449281059526.2	7269949696	-7630250797932.26	8.01519006938935e+15	
293	1	-1054.8519950155	1113646.19540073	293	-309071.634539541	326298335.252414	85849	-90557988.9200854	95605412228.4602	293	-309071.634539541	326298335.252414	85849	-90557988.9200854	95605412228.4602	25153757	-26533490753.5878	28012385783037.5	85849	-90557988.9200854	95605412228.4602	25153757	-26533490753.5878	28012385783037.5	7370050801	-7774312790798.01	8.20762903443608e+15	
294	1	-1060.20506723021	1124960.61788068	294	-311700.289765681	330738421.65692	86436	-91639885.1911103	97237095965.8182	294	-311700.289765681	330738421.65692	86436	-91639885.1911103	97237095965.8182	25412184	-26942126246.1864	28587706214388.5	86436	-91639885.1911103	97237095965.8182	25412184	-26942126246.1864	28587706214388.5	7471182096	-7920985116375.54	8.40478562703178e+15	
295	1	-1065.59908923547	1136435.96185141	295	-314351.731324463	335248608.746166	87025	-92733760.7407166	98898339579.6885	295	-314351.731324463	335248608.746166	87025	-92733760.7407166	98898339579.6885	25672375	-27356459418.5142	29175010176125.5	87025	-92733760.7407166	98898339579.6885	25672375	-27356459418.5142	29175010176125.5	7573350625	-8070155528461.54	8.60662800195815e+15	
296	1	-1071.39459569036	1148819.78284508	296	-317132.800324346	340050655.722143	87616	-93871308.8960065	100654994093.754	296	-317132.800324346	340050655.722143	87616	-93871308.8960065	100654994093.754	25934336	-27785907433.2179	29793878251765	87616	-93871308.8960065	100654994093.754	25934336	-27785907433.2179	29793878251765	7676563456	-8224628600232.5	8.81898796253148e+15	
297	1	-1077.21702370893	1161343.02339423	297	-319933.456041551	344918877.948085	88209	-95020236.4443408	102440906750.172	297	-319933.456041551	344918877.948085	88209	-95020236.4443408	102440906750.172	26198073	-28221010223.9707	30424949305057.2	88209	-95020236.4443408	102440906750.172	26198073	-28221010223.9707	30424949305057.2	7780827681	-8381640036517.22	9.03620994355698e+15	
298	1	-1082.92170772792	1173670.31396714	298	-322710.668902921	349753753.562209	88804	-96167779.3330704	104226618560.155	298	-322710.668902921	349753753.562209	88804	-96167779.3330704	104226618560.155	26463592	-28657998241.255	31059532331339	88804	-96167779.3330704	104226618560.155	26463592	-28657998241.255	31059532331339	7886150416	-8540083475892.83	9.25574063475517e+15	
299	1	-1088.40374341177	1185568.34414691	299	-325432.719280119	354484934.899927	89401	-97304383.0647555	105990995534.721	299	-325432.719280119	354484934.899927	89401	-97304383.0647555	105990995534.721	26730899	-29094010536.3608	31691307665007.5	89401	-97304383.0647555	105990995534.721	26730899	-29094010536.3608	31691307665007.5	7992538801	-8699109150375.79	9.4757009918381e+15	
300	1	-1094.02877287796	1197831.30908855	300	-328208.631863388	359349392.726565	90000	-98462589.5590163	107804817817.97	300	-328208.631863388	359349392.726565	90000	-98462589.5590163	107804817817.97	27000000	-29538776867.7049	32341445345502.5	90000	-98462589.5590163	107804817817.97	27000000	-29538776867.7049	32341445345502.5	8100000000	-8861633060312.49	9.70243360361863e+15	
301	1	-1099.63483054311	1210121.06298981	301	-330990.083993478	364246439.959933	90601	-99628015.2820368	109638178427.625	301	-330990.083993478	364246439.959933	90601	-99628015.2820368	109638178427.625	27270901	-29988032599.8906	33001091706836.8	90601	-99628015.2820368	109638178427.625	27270901	-29988032599.8906	33001091706836.8	8208541200.96874	-9026397812565.57	9.93332860373874e+15	
302	1	-1105.21219554514	1222420.72448882	302	-333774.083054631	369171058.795624	91204	-100799773.082499	111489659754.848	302	-333774.083054631	369171058.795624	91204	-100799773.082499	111489659754.848	27543608	-30441531470.9146	33669877246411.4	91204	-100799773.082499	111489659754.848	27543608	-30441531470.9146	33669877246411.4	8318169616	-9193342504215.12	1.01683029284191e+16	
303	1	-1111.16741524177	1235617.54524875	303	-336683.726818256	374392116.210372	91809	-102015169.225931	113440811211.457	303	-336683.726818256	374392116.210372	91809	-102015169.225931	113440811211.457	27818127	-30910596275.4504	34372565797097.8	91809	-102015169.225931	113440811211.457	27818127	-30910596275.4504	34372565797097.8	8428892480.93871	-9365910671459.42	1.04148874365132e+16	
