# <N_i^j*N_k^m*U^p> as a function of N_tot.
# number_of_species: 1
# max_order: 2
# species_total_upper_bound: 303
# species_total_lower_bound: 272
# volume: 729
#	N_tot	N_1^0*N_1^0*U^0	N_1^0*N_1^0*U^1	N_1^0*N_1^0*U^2	N_1^0*N_1^1*U^0	N_1^0*N_1^1*U^1	N_1^0*N_1^1*U^2	N_1^0*N_1^2*U^0	N_1^0*N_1^2*U^1	N_1^0*N_1^2*U^2	N_1^1*N_1^0*U^0	N_1^1*N_1^0*U^1	N_1^1*N_1^0*U^2	N_1^1*N_1^1*U^0	N_1^1*N_1^1*U^1	N_1^1*N_1^1*U^2	N_1^1*N_1^2*U^0	N_1^1*N_1^2*U^1	N_1^1*N_1^2*U^2	N_1^2*N_1^0*U^0	N_1^2*N_1^0*U^1	N_1^2*N_1^0*U^2	N_1^2*N_1^1*U^0	N_1^2*N_1^1*U^1	N_1^2*N_1^1*U^2	N_1^2*N_1^2*U^0	N_1^2*N_1^2*U^1	N_1^2*N_1^2*U^2	
272	1	-942.344782604431	888848.450238826	272	-256317.780868405	241766778.464961	73984	-69718436.3962062	65760563742.4693	272	-256317.780868405	241766778.464961	73984	-69718436.3962062	65760563742.4693	20123648	-18963414699.7681	17886873337951.7	73984	-69718436.3962062	65760563742.4693	20123648	-18963414699.7681	17886873337951.7	5473632256	-5158048798336.92	4.86522954792285e+15	
273	1	-948.095870753148	899704.388956997	273	-258830.172715609	245619298.18526	74529	-70660637.1513614	67054068404.576	273	-258830.172715609	245619298.18526	74529	-70660637.1513614	67054068404.576	20346417	-19290353942.3217	18305760674452.9	74529	-70660637.1513614	67054068404.576	20346417	-19290353942.3217	18305760674452.9	5554571841	-5266266626253.87	4.99747266412442e+15	
274	1	-953.062405449892	909127.908185304	274	-261139.09909327	249101046.842773	75076	-71552113.1515561	68253686834.9199	274	-261139.09909327	249101046.842773	75076	-71552113.1515561	68253686834.9199	20570824	-19605279003.5264	18701510192762.2	75076	-71552113.1515561	68253686834.9199	20570824	-19605279003.5264	18701510192762.2	5636405776	-5371846446966.36	5.12421379281904e+15	
275	1	-958.607277694511	919724.979851638	275	-263617.001365991	252924369.459201	75625	-72494675.3756474	69554201601.2801	275	-263617.001365991	252924369.459201	75625	-72494675.3756474	69554201601.2801	20796875	-19936035728.303	19127405440356	75625	-72494675.3756474	69554201601.2801	20796875	-19936035728.303	19127405440356	5719140625	-5482409825283.46	5.26003649609653e+15	
276	1	-963.775587096282	929685.855729793	276	-266002.062038574	256593296.181423	76176	-73416569.1226464	70819749746.0727	276	-266002.062038574	256593296.181423	76176	-73416569.1226464	70819749746.0727	21024576	-20262973077.8504	19546250929893	76176	-73416569.1226464	70819749746.0727	21024576	-20262973077.8504	19546250929893	5802782976	-5592580569486.71	5.39476525665722e+15	
277	1	-968.702137758378	939193.476923936	277	-268330.492159071	260156593.10793	76729	-74327546.3280626	72063376290.8967	277	-268330.492159071	260156593.10793	76729	-74327546.3280626	72063376290.8967	21253933	-20588730332.8733	19961555232574	76729	-74327546.3280626	72063376290.8967	21253933	-20588730332.8733	19961555232574	5887339441	-5703078302206.33	5.52935079942405e+15	
278	1	-974.418636890897	950321.855437253	278	-270888.381055669	264189475.811556	77284	-75306969.933476	73444674275.6127	278	-270888.381055669	264189475.811556	77284	-75306969.933476	73444674275.6127	21484952	-20935337641.5063	20417619448619.6	77284	-75306969.933476	73444674275.6127	21484952	-20935337641.5063	20417619448619.6	5972816656	-5820023864338.85	5.67609820671732e+15	
279	1	-979.152604084217	959580.470523052	279	-273183.576539497	267722951.275931	77841	-76218217.8545195	74694703405.9849	279	-273183.576539497	267722951.275931	77841	-76218217.8545195	74694703405.9849	21717639	-21264882781.411	20839822250264.1	77841	-76218217.8545195	74694703405.9849	21717639	-21264882781.411	20839822250264.1	6059221281	-5932902296013.39	5.81431040782685e+15	
280	1	-983.32464681975	967777.844293779	280	-275330.90110953	270977796.402258	78400	-77092652.3106684	75873782992.6323	280	-275330.90110953	270977796.402258	78400	-77092652.3106684	75873782992.6323	21952000	-21585942646.9872	21244659237937	78400	-77092652.3106684	75873782992.6323	21952000	-21585942646.9872	21244659237937	6146560000	-6044063941156.4	5.94850458662131e+15	
281	1	-988.562725483765	978109.762918625	281	-277786.125860938	274848843.380134	78961	-78057901.3669236	77232524989.8176	281	-277786.125860938	274848843.380134	78961	-78057901.3669236	77232524989.8176	22188041	-21934270284.1055	21702339522141.8	78961	-78057901.3669236	77232524989.8176	22188041	-21934270284.1055	21702339522141.8	6234839521	-6163529949833.89	6.09835740572049e+15	
282	1	-993.91966993374	988747.77787073	282	-280285.346921315	278826873.359546	79524	-79040467.8318107	78629178287.392	282	-280285.346921315	278826873.359546	79524	-79040467.8318107	78629178287.392	22425768	-22289411928.5706	22173428277044.4	79524	-79040467.8318107	78629178287.392	22425768	-22289411928.5706	22173428277044.4	6324066576	-6285614163857.01	6.25290677412643e+15	
283	1	-999.073634358979	999048.734268727	283	-282737.838523591	282730791.79805	80089	-80014808.3021763	80012814078.8481	283	-282737.838523591	282730791.79805	80089	-80014808.3021763	80012814078.8481	22665187	-22644190749.5159	22643626384316.1	80089	-80014808.3021763	80012814078.8481	22665187	-22644190749.5159	22643626384316.1	6414247921	-6408305982113.1	6.40814626676051e+15	
284	1	-1003.58915116581	1008091.14644098	284	-285019.318931091	286297885.589238	80656	-80945486.5764297	81308599507.3435	284	-285019.318931091	286297885.589238	80656	-80945486.5764297	81308599507.3435	22906304	-22988518187.706	23091642260112.2	80656	-80945486.5764297	81308599507.3435	22906304	-22988518187.706	23091642260112.2	6505390336	-6528739165308.52	6.55802640186448e+15	
285	1	-1009.45367780629	1019903.60409638	285	-287694.298174793	290672527.167469	81225	-81992874.979816	82841670242.7287	285	-287694.298174793	290672527.167469	81225	-81992874.979816	82841670242.7287	23149125	-23367969369.2476	23609876019173.8	81225	-81992874.979816	82841670242.7287	23149125	-23367969369.2476	23609876019173.8	6597500625	-6659871270235.94	6.72881466546595e+15	
286	1	-1014.63547359274	1030360.98486048	286	-290185.745447523	294683241.670098	81796	-82993123.1979917	84279407117.6479	286	-290185.745447523	294683241.670098	81796	-82993123.1979917	84279407117.6479	23393656	-23736033234.6256	24103910435650.2	81796	-82993123.1979917	84279407117.6479	23393656	-23736033234.6256	24103910435650.2	6690585616	-6788505505103.4	6.89371838459556e+15	
287	1	-1021.01292762898	1043359.85262108	287	-293030.710229517	299444277.70225	82369	-84099813.8358715	85940507700.5457	287	-293030.710229517	299444277.70225	82369	-84099813.8358715	85940507700.5457	23639903	-24136646570.8951	24664925710052.5	82369	-84099813.8358715	85940507700.5457	23639903	-24136646570.8951	24664925710052.5	6784652161	-6927217565847.82	7.07883367878702e+15	
288	1	-1027.20258637517	1056086.62499512	288	-295834.344876049	304152947.998595	82944	-85200291.3243022	87596049023.5952	288	-295834.344876049	304152947.998595	82944	-85200291.3243022	87596049023.5952	23887872	-24537683901.399	25227662118795.4	82944	-85200291.3243022	87596049023.5952	23887872	-24537683901.399	25227662118795.4	6879707136	-7066852963602.92	7.26556669021308e+15	
289	1	-1032.3590577902	1066686.96923845	289	-298351.767701367	308272534.109911	83521	-86223660.8656952	89090762357.7643	289	-298351.767701367	308272534.109911	83521	-86223660.8656952	89090762357.7643	24137569	-24918637990.1859	25747230321398.7	83521	-86223660.8656952	89090762357.7643	24137569	-24918637990.1859	25747230321398.7	6975757441	-7201486379161.85	7.44094956288318e+15	
290	1	-1039.20830538568	1080912.0457684	290	-301370.408561847	313464493.272835	84100	-87397418.4829355	90904703049.1221	290	-301370.408561847	313464493.272835	84100	-87397418.4829355	90904703049.1221	24389000	-25345251360.0513	26362363884243.5	84100	-87397418.4829355	90904703049.1221	24389000	-25345251360.0513	26362363884243.5	7072810000	-7350122894414.87	7.64508552643118e+15	
291	1	-1045.4461928934	1093875.81912014	291	-304224.84213198	318317863.363959	84681	-88529429.0604061	92630498238.8967	291	-304224.84213198	318317863.363959	84681	-88529429.0604061	92630498238.8967	24642171	-25762063856.5782	26955474987520.8	84681	-88529429.0604061	92630498238.8967	24642171	-25762063856.5782	26955474987520.8	7170871761	-7496760582264.02	7.84404322136975e+15	
292	1	-1050.9931766055	1105518.88103976	292	-306890.007568807	322811513.263609	85264	-89611882.2100917	94260961872.9737	292	-306890.007568807	322811513.263609	85264	-89611882.2100917	94260961872.9737	24897088	-26166669605.3468	27524200866869.2	85264	-89611882.2100917	94260961872.9737	24897088	-26166669605.3468	27524200866869.2	7269949696	-7640667524761.26	8.03706665313748e+15	
293	1	-1056.01145981082	1116097.96667262	293	-309411.35772457	327016704.235076	85849	-90657527.813299	95815894340.8188	293	-309411.35772457	327016704.235076	85849	-90657527.813299	95815894340.8188	25153757	-26562655649.2966	28074057041874.8	85849	-90657527.813299	95815894340.8188	25153757	-26562655649.2966	28074057041874.8	7370050801	-7782858105243.81	8.22569871327149e+15	
294	1	-1061.24562943525	1127141.61412441	294	-312006.215053962	331379634.552576	86436	-91729827.2258649	97425612558.4574	294	-312006.215053962	331379634.552576	86436	-91729827.2258649	97425612558.4574	25412184	-26968569204.4043	28643130092193.2	86436	-91729827.2258649	97425612558.4574	25412184	-26968569204.4043	28643130092193.2	7471182096	-7928759346095.22	8.42108024710493e+15	
295	1	-1066.7720228838	1138881.96772014	295	-314697.746750722	335970180.47744	87025	-92835835.291463	99111203240.766	295	-314697.746750722	335970180.47744	87025	-92835835.291463	99111203240.766	25672375	-27386571410.9816	29237804956045.4	87025	-92835835.291463	99111203240.766	25672375	-27386571410.9816	29237804956045.4	7573350625	-8079038566239.8	8.62515246203422e+15	
296	1	-1071.98470816085	1150037.49849009	296	-317307.473615611	340411099.553067	87616	-93923012.1902209	100761685467.708	296	-317307.473615611	340411099.553067	87616	-93923012.1902209	100761685467.708	25934336	-27801211608.3054	29825458898441.5	87616	-93923012.1902209	100761685467.708	25934336	-27801211608.3054	29825458898441.5	7676563456	-8229158636058.4	8.82833583393627e+15	
297	1	-1077.75975546072	1162463.2317811	297	-320094.647371833	345251579.838988	88209	-95068110.2694344	102539719212.078	297	-320094.647371833	345251579.838988	88209	-95068110.2694344	102539719212.078	26198073	-28235228750.022	30454296606019.4	88209	-95068110.2694344	102539719212.078	26198073	-28235228750.022	30454296606019.4	7780827681	-8385862938756.43	9.04492609198677e+15	
298	1	-1083.3800964284	1174647.40456865	298	-322847.268735664	350044926.561457	88804	-96208486.083228	104313388115.314	298	-322847.268735664	350044926.561457	88804	-96208486.083228	104313388115.314	26463592	-28670128852.8019	31085389658354.1	88804	-96208486.083228	104313388115.314	26463592	-28670128852.8019	31085389658354.1	7886150416	-8543698398134.49	9.26344611819104e+15	
299	1	-1089.71301835423	1188384.39536607	299	-325824.192487915	355326934.214454	89401	-97421433.5538866	106242753330.021	299	-325824.192487915	355326934.214454	89401	-97421433.5538866	106242753330.021	26730899	-29129008632.6121	31766583245711.5	89401	-97421433.5538866	106242753330.021	26730899	-29129008632.6121	31766583245711.5	7992538801	-8709573581150.92	9.49820839046632e+15	
300	1	-1096.31455344541	1202803.32759545	300	-328894.366033623	360840998.278634	90000	-98668309.810087	108252299483.59	300	-328894.366033623	360840998.278634	90000	-98668309.810087	108252299483.59	27000000	-29600492943.0261	32475689845080.6	90000	-98668309.810087	108252299483.59	27000000	-29600492943.0261	32475689845080.6	8100000000	-8880147882907.83	9.74270695352329e+15	
301	1	-1100.96226220903	1212992.51215328	301	-331389.640924919	365110746.158139	90601	-99748281.9184006	109898334593.456	301	-331389.640924919	365110746.158139	90601	-99748281.9184006	109898334593.456	27270901	-30024232857.4386	33079398712670.8	90601	-99748281.9184006	109898334593.456	27270901	-30024232857.4386	33079398712670.8	8208541201	-9037294090088.04	9.95689901251813e+15	
302	1	-1107.21491407181	1226828.82525949	302	-334378.904049685	370502305.228365	91204	-100982429.023005	111891696178.966	302	-334378.904049685	370502305.228365	91204	-100982429.023005	111891696178.966	27543608	-30496693564.9475	33791292246042.9	91204	-100982429.023005	111891696178.966	27543608	-30496693564.9475	33791292246042.9	8318169616	-9210001456614.09	1.02049702583066e+16	
303	1	-1111.92008491925	1237265.13938383	303	-336911.785730533	374891337.233301	91809	-102084271.076352	113592075181.522	303	-336911.785730533	374891337.233301	91809	-102084271.076352	113592075181.522	27818127	-30931534136.1345	34418398780047.6	91809	-102084271.076352	113592075181.522	27818127	-30931534136.1345	34418398780047.6	8428892481	-9372254843247.73	1.04287748303557e+16	
