# <N_i^j*N_k^m*U^p> as a function of N_tot.
# number_of_species: 1
# max_order: 2
# species_total_upper_bound: 303
# species_total_lower_bound: 272
# volume: 729
#	N_tot	N_1^0*N_1^0*U^0	N_1^0*N_1^0*U^1	N_1^0*N_1^0*U^2	N_1^0*N_1^1*U^0	N_1^0*N_1^1*U^1	N_1^0*N_1^1*U^2	N_1^0*N_1^2*U^0	N_1^0*N_1^2*U^1	N_1^0*N_1^2*U^2	N_1^1*N_1^0*U^0	N_1^1*N_1^0*U^1	N_1^1*N_1^0*U^2	N_1^1*N_1^1*U^0	N_1^1*N_1^1*U^1	N_1^1*N_1^1*U^2	N_1^1*N_1^2*U^0	N_1^1*N_1^2*U^1	N_1^1*N_1^2*U^2	N_1^2*N_1^0*U^0	N_1^2*N_1^0*U^1	N_1^2*N_1^0*U^2	N_1^2*N_1^1*U^0	N_1^2*N_1^1*U^1	N_1^2*N_1^1*U^2	N_1^2*N_1^2*U^0	N_1^2*N_1^2*U^1	N_1^2*N_1^2*U^2	
272	1	-941.602399997649	887635.538170274	272	-256115.852799361	241436866.382314	73984	-69663511.9614261	65670827655.9895	272	-256115.852799361	241436866.382314	73984	-69663511.9614261	65670827655.9895	20123648	-18948475253.5079	17862465122156.7	73984	-69663511.9614261	65670827655.9895	20123648	-18948475253.5079	17862465122156.7	5473632256	-5153985268954.15	4.85859051327226e+15	
273	1	-946.738685328006	897336.124897544	273	-258459.661094546	244972762.09703	74529	-70559487.478811	66877564052.1831	273	-258459.661094546	244972762.09703	74529	-70559487.478811	66877564052.1831	20346417	-19262740081.711	18257574986306.4	74529	-70559487.478811	66877564052.1831	20346417	-19262740081.711	18257574986306.4	5554571840.67502	-5258728042308.99	4.98431797128059e+15	
274	1	-951.995060038445	907325.239871269	274	-260846.646450534	248607115.724728	75076	-71471981.1274463	68118349706.5539	274	-260846.646450534	248607115.724728	75076	-71471981.1274463	68118349706.5539	20570824	-19583322828.9203	18664427820186.2	75076	-71471981.1274463	68118349706.5539	20570824	-19583322828.9203	18664427820186.2	5636405776	-5365830455126.67	5.11405322272919e+15	
275	1	-957.497510230447	917824.584290894	275	-263311.815313373	252401760.679996	75625	-72410749.2111776	69410484186.6356	275	-263311.815313373	252401760.679996	75625	-72410749.2111776	69410484186.6356	20796875	-19912956033.0716	19087883151441.8	75625	-72410749.2111776	69410484186.6356	20796875	-19912956033.0716	19087883151441.8	5719140624.6555	-5476062909109.76	5.2491678666572e+15	
276	1	-962.595278377072	927613.092007562	276	-265676.296832072	256021213.394087	76176	-73326657.9256518	70661854895.5792	276	-265676.296832072	256021213.394087	76176	-73326657.9256518	70661854895.5792	21024576	-20238157587.4799	19502671951427.3	76176	-73326657.9256518	70661854895.5792	21024576	-20238157587.4799	19502671951427.3	5802782976	-5585731494142.2	5.3827374586215e+15	
277	1	-967.908571950476	937855.228749663	277	-268110.674430282	259785898.363657	76729	-74266656.8171881	71960693846.3442	277	-268110.674430282	259785898.363657	76729	-74266656.8171881	71960693846.3442	21253933	-20571863938.3597	19933112195501.6	76729	-74266656.8171881	71960693846.3442	21253933	-20571863938.3597	19933112195501.6	5887339440.63805	-5698406310938.38	5.52147207817096e+15	
278	1	-973.321021940782	948358.903115588	278	-270583.244099537	263643775.066133	77284	-75222141.8596714	73292969466.1049	278	-270583.244099537	263643775.066133	77284	-75222141.8596714	73292969466.1049	21484952	-20911755436.9886	20375445512232.7	77284	-75222141.8596714	73292969466.1049	21484952	-20911755436.9886	20375445512232.7	5972816656	-5813468011486.5	5.66437385242891e+15	
279	1	-978.572896475306	958591.938255316	279	-273021.83811661	267447150.773233	77841	-76173092.8345343	74617755065.3158	279	-273021.83811661	267447150.773233	77841	-76173092.8345343	74617755065.3158	21717639	-21252292900.8345	20818353663378.3	77841	-76173092.8345343	74617755065.3158	21717639	-21252292900.8345	20818353663378.3	6059221280.62087	-5929389719333.6	5.8083206720826e+15	
280	1	-983.992314821046	969235.590038654	280	-275517.848149893	271385965.210823	78400	-77144997.48197	75988070259.0305	280	-275517.848149893	271385965.210823	78400	-77144997.48197	75988070259.0305	21952000	-21600599294.9516	21276659672702	78400	-77144997.48197	75988070259.0305	21952000	-21600599294.9516	21276659672702	6146560000	-6048167802586.45	5.95746470831505e+15	
281	1	-989.370435083226	979835.84012419	281	-278013.092258386	275333871.074897	78961	-78121678.9246066	77368817771.5938	281	-278013.092258386	275333871.074897	78961	-78121678.9246066	77368817771.5938	22188041	-21952191777.8109	21740637793952.9	78961	-78121678.9246066	77368817771.5938	22188041	-21952191777.8109	21740637793952.9	6234839520.60028	-6168565889566.6	6.10911922007965e+15	
282	1	-994.461288192549	989934.581866415	282	-280438.083270299	279161552.086329	79524	-79083539.4822242	78723557685.838	282	-280438.083270299	279161552.086329	79524	-79083539.4822242	78723557685.838	22425768	-22301558133.9872	22200043268134.8	79524	-79083539.4822242	78723557685.838	22425768	-22301558133.9872	22200043268134.8	6324066576	-6289039393783.93	6.26041220159815e+15	
283	1	-999.815086116091	1000607.16913689	283	-282947.669370854	283171828.865741	80089	-80074190.4319517	80137627568.5079	283	-282947.669370854	283171828.865741	80089	-80074190.4319517	80137627568.5079	22665187	-22660995892.243	22678948601895.7	80089	-80074190.4319517	80137627568.5079	22665187	-22660995892.243	22678948601895.7	6414247920.57892	-6413061837584.18	6.41814245436336e+15	
284	1	-1005.25102298652	1011506.96314679	284	-285491.290528173	287267977.533687	80656	-81079526.5100011	81584105617.4467	284	-285491.290528173	287267977.533687	80656	-81079526.5100011	81584105617.4467	22906304	-23026585528.8403	23169885995947.7	80656	-81079526.5100011	81584105617.4467	22906304	-23026585528.8403	23169885995947.7	6505390336	-6539550290189.74	6.58024762288056e+15	
285	1	-1010.73057216904	1022553.84661104	285	-288058.213068177	291427846.284147	81225	-82096590.7244305	83056936190.4768	285	-288058.213068177	291427846.284147	81225	-82096590.7244305	83056936190.4768	23149125	-23397528356.4585	23671226814382	81225	-82096590.7244305	83056936190.4768	23149125	-23397528356.4585	23671226814382	6597500624.56594	-6668295581584.82	6.74629964210364e+15	
286	1	-1016.29351555121	1033826.03067389	286	-290659.945447646	295674244.772733	81796	-83128744.3980269	84562834002.2418	286	-290659.945447646	295674244.772733	81796	-83128744.3980269	84562834002.2418	23393656	-23774820897.8357	24184970525409.3	81796	-83128744.3980269	84562834002.2418	23393656	-23774820897.8357	24184970525409.3	6690585616	-6799598776781.84	6.91690157027479e+15	
287	1	-1021.6905294316	1044821.79894441	287	-293225.181946868	299863856.297045	82369	-84155627.2187512	86060926756.7203	287	-293225.181946868	299863856.297045	82369	-84155627.2187512	86060926756.7203	23639903	-24152665011.7966	24699485979422.9	82369	-84155627.2187512	86060926756.7203	23639903	-24152665011.7966	24699485979422.9	6784652160.54853	-6931814858371.16	7.08875247610065e+15	
288	1	-1026.99437924806	1055685.13875335	288	-295774.38122344	304037319.960965	82944	-85183021.7923508	87562748148.7579	288	-295774.38122344	304037319.960965	82944	-85183021.7923508	87562748148.7579	23887872	-24532710276.197	25218071466842.3	82944	-85183021.7923508	87562748148.7579	23887872	-24532710276.197	25218071466842.3	6879707136	-7065420559544.75	7.26280458220761e+15	
289	1	-1032.41535616011	1066852.07016615	289	-298368.037930271	308320248.278019	83521	-86228362.9618482	89104551751.786	289	-298368.037930271	308320248.278019	83521	-86228362.9618482	89104551751.786	24137569	-24919996895.9758	25751215456324.5	83521	-86228362.9618482	89104551751.786	24137569	-24919996895.9758	25751215456324.5	6975757440.53261	-7201879102932.44	7.44210126688662e+15	
290	1	-1037.7971511784	1077989.9938909	290	-300961.173841737	312617098.22836	84100	-87278740.4141037	90658958483.279	290	-300961.173841737	312617098.22836	84100	-87278740.4141037	90658958483.279	24389000	-25310834720.0901	26291097961047.4	84100	-87278740.4141037	90658958483.279	24389000	-25310834720.0901	26291097961047.4	7072810000	-7340142068821.2	7.62441840865719e+15	
291	1	-1043.3624804424	1089572.87195022	291	-303618.48180874	317065705.737513	84681	-88352978.2063432	92266120369.0079	291	-303618.48180874	317065705.737513	84681	-88352978.2063432	92266120369.0079	24642171	-25710716658.0393	26849441027516.9	84681	-88352978.2063432	92266120369.0079	24642171	-25710716658.0393	26849441027516.9	7170871760.52102	-7481818547482.16	7.81318733898697e+15	
292	1	-1048.83306721022	1101014.71329647	292	-306259.255625384	321496296.282568	85264	-89427702.6426121	93876918511.5812	292	-306259.255625384	321496296.282568	85264	-89427702.6426121	93876918511.5812	24897088	-26112889171.6427	27412060206242.7	85264	-89427702.6426121	93876918511.5812	24897088	-26112889171.6427	27412060206242.7	7269949696	-7624963638117.08	8.00432158015811e+15	
293	1	-1054.17306802521	1112244.92194862	293	-308872.708931387	325887762.130946	85849	-90499703.7168963	95485114303.7546	293	-308872.708931387	325887762.130946	85849	-90499703.7168963	95485114303.7546	25153757	-26516413189.0487	27977138491212.3	85849	-90499703.7168963	95485114303.7546	25153757	-26516413189.0487	27977138491212.3	7370050800.50533	-7769309064396.08	8.1973015778726e+15	
294	1	-1059.65216359176	1123828.30762558	294	-311537.736095978	330405522.441922	86436	-91592094.4122174	97139223594.759	294	-311537.736095978	330405522.441922	86436	-91592094.4122174	97139223594.759	25412184	-26928075757.1919	28558931737888.3	86436	-91592094.4122174	97139223594.759	25412184	-26928075757.1919	28558931737888.3	7471182096	-7916854272617.34	8.3963259309757e+15	
295	1	-1065.21986763889	1135659.74952192	295	-314239.860953474	335019626.108965	87025	-92700758.9812747	98830789701.4921	295	-314239.860953474	335019626.108965	87025	-92700758.9812747	98830789701.4921	25672375	-27346723899.4845	29155082962301.6	87025	-92700758.9812747	98830789701.4921	25672375	-27346723899.4845	29155082962301.6	7573350624.48557	-8067283550340.87	8.60074947380179e+15	
296	1	-1070.94473786944	1147888.53758776	296	-316999.642409354	339775007.125976	87616	-93831894.1531687	100573402109.289	296	-316999.642409354	339775007.125976	87616	-93831894.1531687	100573402109.289	25934336	-27774240669.3379	29769727023995.3	87616	-93831894.1531687	100573402109.289	25934336	-27774240669.3379	29769727023995.3	7676563456	-8221175238124.03	8.81183919920083e+15	
297	1	-1076.63438402177	1160111.31044636	297	-319760.412054467	344553059.20257	88209	-94968842.3801766	102332258582.479	297	-319760.412054467	344553059.20257	88209	-94968842.3801766	102332258582.479	26198073	-28205746186.9155	30392680799288.9	88209	-94968842.3801766	102332258582.479	26198073	-28205746186.9155	30392680799288.9	7780827680.47263	-8377106617509.12	9.02662619735734e+15	
298	1	-1082.36423961074	1172482.37070264	298	-322544.543404	349399746.469387	88804	-96118273.9343921	104121124444.483	298	-322544.543404	349399746.469387	88804	-96118273.9343921	104121124444.483	26463592	-28643245632.4488	31028095085430	88804	-96118273.9343921	104121124444.483	26463592	-28643245632.4488	31028095085430	7886150416	-8535687198462.59	9.24637233544472e+15	
299	1	-1087.94819959874	1184590.80382806	299	-325296.511680023	354192650.344588	89401	-97263656.9923267	105903602452.325	299	-325296.511680023	354192650.344588	89401	-97263656.9923267	105903602452.325	26730899	-29081833440.7166	31665177133339	89401	-97263656.9923267	105903602452.325	26730899	-29081833440.7166	31665177133339	7992538800.45594	-8695468198775.8	9.46788796293161e+15	
300	1	-1093.47967849615	1196648.90424372	300	-328043.903548846	358994671.273117	90000	-98413171.0646539	107698401378.27	300	-328043.903548846	358994671.273117	90000	-98413171.0646539	107698401378.27	27000000	-29523951319.3962	32309520414615.9	90000	-98413171.0646539	107698401378.27	27000000	-29523951319.3962	32309520414615.9	8100000000	-8857185395819.3	9.69285612436291e+15	
301	1	-1098.94535535554	1208625.9447045	301	-330782.551962018	363796409.356056	90601	-99565548.1405675	109502719215.445	301	-330782.551962018	363796409.356056	90601	-99565548.1405675	109502719215.445	27270901	-29969229990.3085	32960318483944.5	90601	-99565548.1405675	109502719215.445	27270901	-29969229990.3085	32960318483944.5	8208541200.4458	-9020738227085.37	9.92105586372378e+15	
302	1	-1104.64161336452	1221172.99231026	302	-333601.767236086	368794243.6777	91204	-100747733.705298	111375861587.162	302	-333601.767236086	368794243.6777	91204	-100747733.705298	111375861587.162	27543608	-30425815578.9971	33635510200367.4	91204	-100747733.705298	111375861587.162	27543608	-30425815578.9971	33635510200367.4	8318169616	-9188596304854.07	1.01579240805114e+16	
303	1	-1110.39377128635	1233908.39713371	303	-336449.312699764	373874244.331514	91809	-101944141.748029	113283896031.698	303	-336449.312699764	373874244.331514	91809	-101944141.748029	113283896031.698	27818127	-30889074949.6452	34325020497960	91809	-101944141.748029	113283896031.698	27818127	-30889074949.6452	34325020497960	8428892480.43744	-9359389709745.89	1.04004812108566e+16	
