# <N_i^j*N_k^m*U^p> as a function of N_tot.
# number_of_species: 1
# max_order: 2
# species_total_upper_bound: 303
# species_total_lower_bound: 272
# volume: 729
#	N_tot	N_1^0*N_1^0*U^0	N_1^0*N_1^0*U^1	N_1^0*N_1^0*U^2	N_1^0*N_1^1*U^0	N_1^0*N_1^1*U^1	N_1^0*N_1^1*U^2	N_1^0*N_1^2*U^0	N_1^0*N_1^2*U^1	N_1^0*N_1^2*U^2	N_1^1*N_1^0*U^0	N_1^1*N_1^0*U^1	N_1^1*N_1^0*U^2	N_1^1*N_1^1*U^0	N_1^1*N_1^1*U^1	N_1^1*N_1^1*U^2	N_1^1*N_1^2*U^0	N_1^1*N_1^2*U^1	N_1^1*N_1^2*U^2	N_1^2*N_1^0*U^0	N_1^2*N_1^0*U^1	N_1^2*N_1^0*U^2	N_1^2*N_1^1*U^0	N_1^2*N_1^1*U^1	N_1^2*N_1^1*U^2	N_1^2*N_1^2*U^0	N_1^2*N_1^2*U^1	N_1^2*N_1^2*U^2	
272	1	-941.169700452352	886605.269056788	272	-255998.15852304	241156633.183446	73984	-69631499.1182668	65594604225.8974	272	-255998.15852304	241156633.183446	73984	-69631499.1182668	65594604225.8974	20123648	-18939767760.1686	17841732349444.1	73984	-69631499.1182668	65594604225.8974	20123648	-18939767760.1686	17841732349444.1	5473632256	-5151616830765.85	4.85295119902936e+15	
273	1	-946.221568344036	896145.697013497	273	-258318.488157922	244647775.284685	74529	-70520947.2671127	66788842652.4557	273	-258318.488157922	244647775.284685	74529	-70520947.2671127	66788842652.4557	20346417	-19252218603.9218	18233354044192.3	74529	-70520947.2671127	66788842652.4557	20346417	-19252218603.9218	18233354044192.3	5554571841	-5255855678870.89	4.97770565406401e+15	
274	1	-950.879824739396	904981.224107275	274	-260541.071978595	247964855.405393	75076	-71388253.7221349	67942370381.0778	274	-260541.071978595	247964855.405393	75076	-71388253.7221349	67942370381.0778	20570824	-19560381519.865	18616209484419.3	75076	-71388253.7221349	67942370381.0778	20570824	-19560381519.865	18616209484419.3	5636405776	-5359544536443.61	5.1008413987291e+15	
275	1	-956.175965471816	915074.358236844	275	-262948.390504749	251645448.515132	75625	-72310807.3888061	69202498341.3849	275	-262948.390504749	251645448.515132	75625	-72310807.3888061	69202498341.3849	20796875	-19885472031.9217	19030687043966.1	75625	-72310807.3888061	69202498341.3849	20796875	-19885472031.9217	19030687043966.1	5719140625	-5468504808777.61	5.2334389370917e+15	
276	1	-961.155451738735	924654.09892737	276	-265278.904679891	255204531.303954	76176	-73216977.6916499	70436450639.8914	276	-265278.904679891	255204531.303954	76176	-73216977.6916499	70436450639.8914	21024576	-20207885842.8954	19440460376600	76176	-73216977.6916499	70436450639.8914	21024576	-20207885842.8954	19440460376600	5802782976	-5577376492639.12	5.36556706394527e+15	
277	1	-965.995146003741	933991.594801234	277	-267580.655443036	258715671.759942	76729	-74119841.557721	71664241077.2212	277	-267580.655443036	258715671.759942	76729	-74119841.557721	71664241077.2212	21253933	-20531196111.4887	19850994778466.5	76729	-74119841.557721	71664241077.2212	21253933	-20531196111.4887	19850994778466.5	5887339441	-5687141322883.21	5.498725553638e+15	
278	1	-971.325261935737	944335.719837173	278	-270028.422818135	262525330.114734	77284	-75067901.5434415	72982041771.8961	278	-270028.422818135	262525330.114734	77284	-75067901.5434415	72982041771.8961	21484952	-20868876629.0767	20289007612596.3	77284	-75067901.5434415	72982041771.8961	21484952	-20868876629.0767	20289007612596.3	5972816656	-5801547702883.63	5.64034411629746e+15	
279	1	-976.60883804459	954637.859605466	279	-272473.865814441	266343962.829925	77841	-76020208.562229	74309965629.2563	279	-272473.865814441	266343962.829925	77841	-76020208.562229	74309965629.2563	21717639	-21209638188.8619	20732480410636.8	77841	-76020208.562229	74309965629.2563	21717639	-21209638188.8619	20732480410636.8	6059221281	-5917489054692.11	5.78436203456622e+15	
280	1	-981.408954757193	964039.206230879	280	-274794.507332014	269930977.744646	78400	-76942462.0529639	75580673768.5009	280	-274794.507332014	269930977.744646	78400	-76942462.0529639	75580673768.5009	21952000	-21543889374.8299	21162588655238.6	78400	-76942462.0529639	75580673768.5009	21952000	-21543889374.8299	21162588655238.6	6146560000	-6032289024952.37	5.92552482345099e+15	
281	1	-986.804434380132	974671.148633853	281	-277292.046060817	273882592.766113	78961	-77919064.9430896	76961008566.9881	281	-277292.046060817	273882592.766113	78961	-77919064.9430896	76961008566.9881	22188041	-21895257249.0082	21626043407417.8	78961	-77919064.9430896	76961008566.9881	22188041	-21895257249.0082	21626043407417.8	6234839521	-6152567286972.38	6.07691819748462e+15	
282	1	-991.645183312997	984257.332781361	282	-279643.941694265	277560567.844344	79524	-78859591.5577828	78272080132.1049	282	-279643.941694265	277560567.844344	79524	-78859591.5577828	78272080132.1049	22425768	-22238404819.2948	22072726597248.9	79524	-78859591.5577828	78272080132.1049	22425768	-22238404819.2948	22072726597248.9	6324066576	-6271230159040.97	6.22450890043078e+15	
283	1	-997.09665810705	995111.508423027	283	-282178.354244295	281616556.883717	80089	-79856474.2511355	79697485597.8011	283	-282178.354244295	281616556.883717	80089	-79856474.2511355	79697485597.8011	22665187	-22599382213.0714	22554388424257.1	80089	-79856474.2511355	79697485597.8011	22665187	-22599382213.0714	22554388424257.1	6414247921	-6395625166300.25	6.38289192406813e+15	
284	1	-1002.02520874898	1004982.88487032	284	-284575.159284711	285415139.30317	80656	-80819345.2368581	81057899562.1003	284	-284575.159284711	285415139.30317	80656	-80819345.2368581	81057899562.1003	22906304	-22952694047.2677	23020443475671.4	80656	-80819345.2368581	81057899562.1003	22906304	-22952694047.2677	23020443475671.4	6505390336	-6518565109424.02	6.53780594707851e+15	
285	1	-1007.58765715054	1016191.03084406	285	-287162.482287903	289614443.790557	81225	-81841307.4520523	82540116480.0152	285	-287162.482287903	289614443.790557	81225	-81841307.4520523	82540116480.0152	23149125	-23324772623.8349	23523933196890.7	81225	-81841307.4520523	82540116480.0152	23149125	-23324772623.8349	23523933196890.7	6597500625	-6647560197793.36	6.70432096111489e+15	
286	1	-1013.28982052615	1027707.11323121	286	-289800.888670478	293924234.384125	81796	-82883054.1597566	84062331033.8598	286	-289800.888670478	293924234.384125	81796	-82883054.1597566	84062331033.8598	23393656	-23704553489.6904	24041826675681.7	81796	-82883054.1597566	84062331033.8598	23393656	-23704553489.6904	24041826675681.7	6690585616	-6779502298051.75	6.87596242924404e+15	
287	1	-1019.31993977957	1039965.14121093	287	-292544.822716736	298469995.527535	82369	-83960364.1197031	85660888716.0993	287	-292544.822716736	298469995.527535	82369	-83960364.1197031	85660888716.0993	23639903	-24096624502.3548	24584675061607.4	82369	-83960364.1197031	85660888716.0993	23639903	-24096624502.3548	24584675061607.4	6784652161	-6915731232175.1	7.05580174268209e+15	
288	1	-1025.08083800146	1051765.67824214	288	-295223.281344421	302908515.333736	82944	-85024305.0271932	87237652416.116	288	-295223.281344421	302908515.333736	82944	-85024305.0271932	87237652416.116	23887872	-24486999847.8316	25124443895841.4	82944	-85024305.0271932	87237652416.116	23887872	-24486999847.8316	25124443895841.4	6879707136	-7052255956175.51	7.23583984200233e+15	
289	1	-1030.91839193239	1063799.67298812	289	-297935.41526846	307438105.493566	83521	-86103335.0125848	88849612487.3293	289	-297935.41526846	307438105.493566	83521	-86103335.0125848	88849612487.3293	24137569	-24883863818.637	25677538008940.1	83521	-86103335.0125848	88849612487.3293	24137569	-24883863818.637	25677538008940.1	6975757441	-7191436643583.67	7.42080848458173e+15	
290	1	-1036.70124167114	1075788.50556526	290	-300643.36008463	311978666.613925	84100	-87186574.4245427	90473813318.0383	290	-300643.36008463	311978666.613925	84100	-87186574.4245427	90473813318.0383	24389000	-25284106583.1174	26237405862233	84100	-87186574.4245427	90473813318.0383	24389000	-25284106583.1174	26237405862233	7072810000	-7332390909104.07	7.60884770004889e+15	
291	1	-1043.29631792511	1089500.07241326	291	-303599.228516206	317044521.072259	84681	-88347375.498216	92259955631.7105	291	-303599.228516206	317044521.072259	84681	-88347375.498216	92259955631.7105	24642171	-25709086269.9809	26847647088929.6	84681	-88347375.498216	92259955631.7105	24642171	-25709086269.9809	26847647088929.6	7170871761	-7481344104564	7.81266530287359e+15	
292	1	-1049.58861050539	1102672.24143711	292	-306479.874267575	321980294.499637	85264	-89492123.2861318	94018245993.8939	292	-306479.874267575	321980294.499637	85264	-89492123.2861318	94018245993.8939	24897088	-26131699999.5505	27453327830192.5	85264	-89492123.2861318	94018245993.8939	24897088	-26131699999.5505	27453327830192.5	7269949696	-7630456399868.74	8.01637172643091e+15	
293	1	-1054.67321346555	1113339.96557942	293	-309019.251545406	326208609.914771	85849	-90542640.7028039	95579122704.7059	293	-309019.251545406	326208609.914771	85849	-90542640.7028039	95579122704.7059	25153757	-26528993725.9216	28004682952559.7	85849	-90542640.7028039	95579122704.7059	25153757	-26528993725.9216	28004682952559.7	7370050801	-7772995161694.27	8.20537210510222e+15	
294	1	-1060.10263296472	1124808.81586549	294	-311670.174091627	330693791.864455	86436	-91631031.1829384	97223974808.1498	294	-311670.174091627	330693791.864455	86436	-91631031.1829384	97223974808.1498	25412184	-26939523167.7839	28583848593601.1	86436	-91631031.1829384	97223974808.1498	25412184	-26939523167.7839	28583848593601.1	7471182096	-7920219811328.82	8.4036514865123e+15	
295	1	-1065.88037657786	1137094.67453548	295	-314434.71109047	335442928.987966	87025	-92758239.7716886	98955664051.1137	295	-314434.71109047	335442928.987966	87025	-92758239.7716886	98955664051.1137	25672375	-27363680732.6481	29191920895165.7	87025	-92758239.7716886	98955664051.1137	25672375	-27363680732.6481	29191920895165.7	7573350625	-8072285816130.45	8.6116166640779e+15	
296	1	-1071.96500690015	1150104.40664653	296	-317301.642042445	340430904.367372	87616	-93921286.0445638	100767547692.742	296	-317301.642042445	340430904.367372	87616	-93921286.0445638	100767547692.742	25934336	-27800700669.1909	29827194116943.7	87616	-93921286.0445638	100767547692.742	25934336	-27800700669.1909	29827194116943.7	7676563456	-8229007398080.5	8.82884945865108e+15	
297	1	-1077.89160233763	1162874.76574631	297	-320133.805894275	345373805.426654	88209	-95079740.3505997	102576020211.377	297	-320133.805894275	345373805.426654	88209	-95079740.3505997	102576020211.377	26198073	-28238682884.1281	30465078002893.1	88209	-95079740.3505997	102576020211.377	26198073	-28238682884.1281	30465078002893.1	7780827681	-8386888816587.03	9.04812816685148e+15	
298	1	-1083.80299382625	1175667.15551059	298	-322973.292160222	350348812.342156	88804	-96246041.0637462	104403946077.962	298	-322973.292160222	350348812.342156	88804	-96246041.0637462	104403946077.962	26463592	-28681320236.9964	31112375931227.8	88804	-96246041.0637462	104403946077.962	26463592	-28681320236.9964	31112375931227.8	7886150416	-8547033430624.98	9.2714880275078e+15	
299	1	-1090.09769381456	1189337.2563665	299	-325939.210450552	355611839.653582	89401	-97455823.9247151	106327940056.083	299	-325939.210450552	355611839.653582	89401	-97455823.9247151	106327940056.083	26730899	-29139291353.4898	31792054076891.6	89401	-97455823.9247151	106327940056.083	26730899	-29139291353.4898	31792054076891.6	7992538801	-8712648114692.63	9.50582416898163e+15	
300	1	-1096.33244942771	1202943.5059308	300	-328899.734828313	360883051.77924	90000	-98669920.448494	108264915533.772	300	-328899.734828313	360883051.77924	90000	-98669920.448494	108264915533.772	27000000	-29600976134.5482	32479474660173.7	90000	-98669920.448494	108264915533.772	27000000	-29600976134.5482	32479474660173.7	8100000000	-8880292840364.15	9.7438423980439e+15	
301	1	-1102.04091888011	1215484.22522275	301	-331714.316582915	365860751.792048	90601	-99846009.2914573	110124086289.053	301	-331714.316582915	365860751.792048	90601	-99846009.2914573	110124086289.053	27270901	-30053648796.7286	33147349973108	90601	-99846009.2914573	110124086289.053	27270901	-30053648796.7286	33147349973108	8208541201	-9046148287816.38	9.97735234190928e+15	
302	1	-1107.81148813328	1228232.66747206	302	-334559.069416252	370926265.576563	91204	-101036838.963708	112019732204.122	302	-334559.069416252	370926265.576563	91204	-101036838.963708	112019732204.122	27543608	-30513125367.0398	33829959125645.1	91204	-101036838.963708	112019732204.122	27543608	-30513125367.0398	33829959125645.1	8318169616	-9214963860846.71	1.02166476559412e+16	
303	1	-1113.76751184643	1241461.41497052	303	-337471.556089468	376162808.736068	91809	-102253881.495109	113977331046.664	303	-337471.556089468	376162808.736068	91809	-102253881.495109	113977331046.664	27818127	-30982926093.018	34535131307254.2	91809	-102253881.495109	113977331046.664	27818127	-30982926093.018	34535131307254.2	8428892481	-9387826606183.22	1.04641447860981e+16	
