# lnPI (bias) matrix in single row (vectorized) notation.
# species_total_upper_bound: 303
# species_total_lower_bound: 272
# volume: 729
0
3.43858170502152
6.8753903740019
10.3174651436246
13.7654550557766
17.209616479465
20.6503871926345
24.0955493544182
27.5420658387426
30.9897965058407
34.4329126222969
37.8818763951145
41.3357545155134
44.7898878596729
48.2414086229721
51.7009502053457
55.1575209133062
58.6140256417367
62.0715541528778
65.5326459166983
68.9921568517705
72.4546612298388
75.915864958174
79.3799360968265
82.8450106411445
86.3130644724284
89.7803771138192
93.248833434102
96.7202648683872
100.196034042522
103.668347897664
107.139696678167
