# lnPI (bias) matrix in single row (vectorized) notation.
# species_total_upper_bound: 303
# species_total_lower_bound: 272
# volume: 729
0
3.43868904297774
6.87711429193784
10.3221229264715
13.7708453355005
17.214789318953
20.6552036142964
24.1026302247988
27.5498651095807
31.0000924456808
34.4452995276706
37.8962318008215
41.3537061048669
44.8053073542825
48.2545073039399
51.7139563722431
55.1715575932023
58.6266321376993
62.082959961033
65.5442305244404
69.0049596203029
72.4694059069415
75.9297049616596
79.3889322547139
82.8540471041432
86.3216878440743
89.7868822152421
93.2545575207388
96.7253992731871
100.20081989145
103.675568643649
107.146306734569
