# lnPI (bias) matrix in single row (vectorized) notation.
# species_total_upper_bound: 303
# species_total_lower_bound: 272
# volume: 729
0
3.43961724756184
6.87616536942354
10.3199262817721
13.766797697445
17.2109039765993
20.6512291560385
24.0961653099602
27.5423938365893
30.9898369187004
34.4331272435213
37.8820750099294
41.3375503161157
44.790958054289
48.241493410724
51.7010762210278
55.1577059364642
58.6138548349085
62.072065576989
65.534386692063
68.9944357513404
72.4576790139004
75.9193109971071
79.3828616525038
82.8497939897663
86.3167707983251
89.7871420720807
93.2543808716798
96.7267644145497
100.206163564851
103.680814011909
107.151661030798
