# lnPI (bias) matrix in single row (vectorized) notation.
# species_total_upper_bound: 303
# species_total_lower_bound: 272
# volume: 729
0
3.44099886582749
6.87879638874012
10.3222353093101
13.7670102240134
17.2108264252898
20.653535670886
24.0998454215322
27.5453597272117
30.9957523062502
34.4410983047215
37.8927153200654
41.3465307566845
44.8022703449513
48.2544267541971
51.7121806530732
55.1696092037674
58.6267116390888
62.0823868628703
65.5443894276799
69.0024721767113
72.4663343325876
75.9289136422529
79.3907527287413
82.8559002114177
86.3235168451697
89.7920001323266
93.2594060971993
96.7314748078829
100.205858484935
103.675737204715
107.147309410128
