# lnPI (bias) matrix in single row (vectorized) notation.
# species_total_upper_bound: 303
# species_total_lower_bound: 272
# volume: 729
0
3.44093756666403
6.87851254239182
10.3225113062808
13.7669150768849
17.2111901003077
20.653758271826
24.0997471244205
27.5449746239261
30.9957738564098
34.4415204913523
37.8933530904145
41.3465841862782
44.8030114497816
48.2550473673284
51.7128577549105
55.1696297675547
58.6265350083127
62.0815562733607
65.5434832355621
69.0018293613811
72.4661596686458
75.9292392182611
79.3913535278654
82.8558392465076
86.3248512204562
89.7933941394213
93.2613665894753
96.7335580697399
100.208263120399
103.678770806344
107.149718144306
