# lnPI (bias) matrix in single row (vectorized) notation.
# species_total_upper_bound: 303
# species_total_lower_bound: 272
# volume: 729
0
3.43955726033499
6.87617602678744
10.3195289676352
13.7660236471912
17.2107678353641
20.6510447365468
24.0957020335671
27.5421864731248
30.9890282905426
34.4332346198772
37.8824791169024
41.3382366083269
44.7919895980457
48.2421590234765
51.7015432672602
55.1586509078117
58.6140869486431
62.0724340400811
65.5352645921852
68.9953637482829
72.4584446446941
75.9204116409254
79.3837693449224
82.8505331096502
86.3178844184201
89.7880904607936
93.2555473071356
96.7276106181247
100.206403746937
103.681144585624
107.152418470981
