# lnPI (bias) matrix in single row (vectorized) notation.
# species_total_upper_bound: 303
# species_total_lower_bound: 272
# volume: 729
0
3.43860351790302
6.87423454152064
10.3173894676883
13.7644513507095
17.2091480506557
20.648704776625
24.0936489196778
27.538006208345
30.9871399139678
34.4327884133141
37.8839334663529
41.3403133717886
44.7930105325747
48.2407397730776
51.6988768402826
55.1553280119735
58.6086342821633
62.0656861089531
65.5263992350192
68.9867084547867
72.4498416436329
75.9085645139261
79.3700531562256
82.834746628035
86.3015754113731
89.7691063619151
93.2366066350832
96.7086501952317
100.185657677256
103.661374169573
107.132222053031
