# <P(U)> as a function of N_tot.
# number_of_species: 1
# species_total_upper_bound: 278
# species_total_lower_bound: 245
# volume: 729
# Bin widths for each
10	10	10	10	10	10	10	10	10	10	10	10	10	10	10	10	10	10	10	10	10	10	10	10	10	10	10	10	10	10	10	10	10	10	
# Bin lower bound for each
-930	-940	-940	-970	-970	-970	-980	-980	-990	-990	-990	-1000	-1000	-1020	-1020	-1030	-1030	-1030	-1040	-1040	-1050	-1050	-1060	-1060	-1060	-1060	-1070	-1070	-1070	-1080	-1080	-1090	-1100	-1100	
# Bin upper bound for each
-710	-710	-710	-720	-720	-730	-730	-730	-740	-760	-760	-760	-770	-770	-770	-780	-780	-780	-790	-790	-800	-810	-820	-820	-820	-830	-830	-840	-840	-850	-860	-860	-860	-870	
# Normalized histogram for each
0.000773906454057366	0.000604614417232317	0.00291827225384132	0.0032891024297438	0.00243458072005546	0.00577205230317785	0.0211856891798204	0.0284168776099189	0.0426132241265337	0.0630008222756074	0.0904422552923915	0.108919271883011	0.103824387727133	0.121664543798268	0.131942988891218	0.110563823097883	0.0696918884929784	0.0472405397997517	0.0296261064443835	0.00865807845476678	0.00260387275688051	0.00367605565677249	0.000137045934572659	
0.000202635887626242	0.00126444793878775	0.000470115259292882	0.00432830255969653	0.00487136673853486	0.0025288958775755	0.0104316954949989	0.023157229237927	0.0302170635628252	0.0503833870993889	0.0756075023911035	0.0913968907549403	0.115932044028726	0.107615867200545	0.12646911018529	0.125593723150745	0.0950362312967076	0.0622092175012563	0.0406001264447939	0.0225655324460583	0.00445798952777733	0.00240731434499976	0.00216415127984827	8.91597905555466e-05	
0.000968107983716741	0.000753854577484348	0.00079353113419405	0.00506272863615804	0.00665772621588808	0.00369785508534427	0.018409922313302	0.022004618351201	0.0386370309239083	0.0620620700053167	0.0772819971591585	0.106960061578016	0.120648473642863	0.118966187638372	0.123219514517652	0.108642347582507	0.0784802291717916	0.0473261968433331	0.0340424856569247	0.0164260944778168	0.00331696014093113	0.00343598981106024	0.00215046937366588	5.55471793935835e-05	
7.15745608105421e-05	0.000151101850600033	0.000310156430179016	0.000516927383631693	0.0004533055518001	0.00264030602101111	0.00551919391139069	0.00620312860358032	0.00539990297670646	0.0254646381905951	0.03110312303667	0.0525754912798327	0.0718210954088896	0.0938103910356839	0.123736510183469	0.117565192495805	0.113040089706783	0.115926930326141	0.0918142560619677	0.060186252912687	0.0379265645006084	0.0279936060059009	0.0095830384196337	0.0032049497785165	0.00252101508632687	0.000461258280779049	
0.000629416873152582	0	0.000685187988495216	0.000995912773975604	0.000661286081919801	0.00466087178220583	0.00541776549042729	0.0074175583405703	0.0131938524296288	0.0300287619609124	0.0377889142957303	0.0532056440368727	0.0801510600495566	0.104124672344697	0.130767330874093	0.123971222104483	0.11495223602336	0.104236214575383	0.0803980464175026	0.0461067777839746	0.0342354975181854	0.0156159122959375	0.00689171639591118	0.00154565662521014	0.0021352369874037	0.000183247950411511	
0.00112217930473674	9.75808091075422e-05	0.00139052652978248	0.00113031103882903	0.00146371213661313	0.00662736328522057	0.00764383004675747	0.00919699125838585	0.0177353120552958	0.0323317747509656	0.0455133157145761	0.0728766009351494	0.0912624517178288	0.115804025208376	0.130603781256353	0.124309819068916	0.111160805041675	0.0917584874974588	0.0661923155112828	0.032478145964627	0.023582028867656	0.0117178288269974	0.00324456190282578	0.000430981906891645	0.000325269363691807	
8.00441843897832e-05	0.00123268043960266	0.000896494865165571	0.00328181155998111	0.000680375567313157	0.00383411643227061	0.00754816658795655	0.0094852358501893	0.0126709943889027	0.0246055822814193	0.0379969743298301	0.0540378288815426	0.0865998030913064	0.112846291152716	0.120290400300966	0.126397771569907	0.112598154181108	0.1009117032602	0.081597041566945	0.0487949348040118	0.0286558180115424	0.0172335128991203	0.00509881454562919	0.00232928576574269	6.40353475118265e-05	0.000232128134730371	
0.000924861069782778	0.00140739728010423	0.000916818799610754	0.0036270638475829	0.00147173544148042	0.00641773159727528	0.0088867085400867	0.0118784330440797	0.0183363759922151	0.0302067667661227	0.048929171726595	0.0620380721069944	0.0993220366244984	0.112688289650403	0.120296277233137	0.134555222248136	0.107380391336867	0.0979065970742221	0.0603572376410413	0.0353216505955301	0.0234351752812784	0.010664050248104	0.00207490570438223	0.000659466154105981	0.000241268105160725	5.62958912041691e-05	
0.000176811920338193	0.000570620288364168	0.00102872390014949	0.00283702763088101	0.00246732997926478	0.00504717663510842	0.0066143732017424	0.00974876633501037	0.0127063475479401	0.0209200649381962	0.0371144294600807	0.0563226335331844	0.0871682767267291	0.108377670261842	0.116527092408339	0.123679938276566	0.128405638692878	0.0994647420957035	0.0821693215244402	0.0472489672576471	0.0282095381994117	0.0168132062430682	0.00442029800845482	0.00195296802919004	0	8.03690546991786e-06	
0.000266384675616115	0.00119469490882379	0.000952527021900049	0.00302709858654677	0.00267191901905861	0.00609455848758082	0.00743455412855886	0.0146027235815016	0.0166934396719432	0.0302709858654677	0.0444216627247116	0.070809890136502	0.0920318692939192	0.113148909033669	0.114319387153801	0.132377039255414	0.11978430913538	0.0939611401264116	0.0635367812658923	0.0357439801099442	0.0205439090740307	0.0119146600366481	0.00247818470951962	0.00171939199715856	
0.000553489015684902	0.000162790886966148	0.0022058165183913	0.00378488812196293	0.00265349145754821	0.00708954312737573	0.0104186167658334	0.0169139731557827	0.0265267750311338	0.0401523722702003	0.0587430915617344	0.0902105700122907	0.102680351953898	0.106017565136704	0.119732697363602	0.128604800703257	0.101736164809494	0.0786524170376942	0.0529884337074811	0.0243290980570908	0.0162790886966148	0.00708140358302742	0.00225465378448114	0.000227907241752607	
8.92458723784025e-05	0.000146038700255568	0.000194718267007424	0.00332643706137682	0.00463267210255162	0.00279907508823171	0.00665287412275364	0.0116830960204454	0.0218976917772098	0.0367774126810271	0.0433085878869011	0.0683623382418563	0.102989736724676	0.106819195975822	0.113301691614945	0.124141008478358	0.121277027301124	0.0882641677822401	0.067015536895055	0.0414993306559572	0.0179384203480589	0.0108149770800373	0.00399172447365218	0.00206076832582857	1.62265222506186e-05	
2.4896265560166e-05	8.29875518672199e-06	0.00115352697095436	0.0044149377593361	0.0046804979253112	0.00600829875518672	0.00981742738589212	0.0172116182572614	0.0279917012448133	0.0385726141078838	0.0584232365145228	0.0853941908713693	0.11050622406639	0.109734439834025	0.11253112033195	0.12356846473029	0.104804979253112	0.0716099585062241	0.0568879668049793	0.0287800829875519	0.0173278008298755	0.00757676348547718	0.00185892116182573	0.00111203319502075	
4.99862537802104e-05	0	0.000216607099714245	9.16414652637191e-05	0.00164954637474694	0.00489865287046062	0.00610665400348238	0.00756458640540518	0.0120633492456241	0.0231436355002374	0.0367565586130481	0.0441545241725192	0.0693309339931519	0.0980896920013663	0.116284688377363	0.104054718285805	0.115093349328935	0.112052518890638	0.097873084901652	0.0679563120141961	0.040863762465322	0.017820099472645	0.0130630743212283	0.00788949705497655	0.00248265060441712	0.000449876284021894	
0.000194920209835843	4.23739586599659e-05	0.000949176673983237	0.000567811046043544	0.00288142918887768	0.00497470274668	0.00681373255252252	0.0105426409145995	0.0198394874445961	0.0339584904700967	0.0442045136740765	0.0578489283625855	0.0837478918955567	0.11492665067756	0.109163792299804	0.102350059747282	0.109333288134444	0.105417934354263	0.0851716569065315	0.0487978507928168	0.0274668000033899	0.0138139105231489	0.0102968719543717	0.00454248836834835	0.00191530293143046	0.000237294168495809	
0.000410901467505241	0.000914046121593291	0.000218029350104822	0.000821802935010482	0.00172746331236897	0.00590356394129979	0.00544234800838574	0.0090146750524109	0.0142138364779874	0.0260293501048218	0.0481928721174004	0.0495345911949686	0.0711698113207547	0.0948176100628931	0.116914046121593	0.109618448637317	0.108729559748428	0.103974842767296	0.0955471698113207	0.0661132075471698	0.0349433962264151	0.0186415094339623	0.00885534591194968	0.00564360587002096	0.0020041928721174	0.00060377358490566	
0.000174998541678819	0.000666661111157407	0.000424996458362847	0.00319164006966609	0.00344163798635011	0.00399163340305497	0.00813326555612037	0.00967491937567187	0.0183998466679444	0.0381080157665353	0.0458162848642928	0.061949483754302	0.0931742235481371	0.0991158407013275	0.115915700702494	0.113082390980075	0.102599145007125	0.102065816118199	0.0809659919500671	0.0519579003508304	0.0254664544462129	0.0132582228481429	0.00503329138923842	0.00227498104182465	0.000633328055599537	0.00048332930558912	
0.000607978679103856	0.0015990672107937	0.00184892146248022	0.00370617140001666	0.0036312151245107	0.00538019488631632	0.0122428583326393	0.0147414008495045	0.0250187390688765	0.0398850670442242	0.0579578579162155	0.0731906387940368	0.100324810527192	0.107928708253519	0.114624802198717	0.106862663446323	0.100541350878654	0.0958940617972849	0.0607395685849921	0.0404430748729908	0.0180061630715416	0.00931956358790705	0.00332306154743067	0.00120762888315149	0.000782876655284417	0.000191554926292996	
1.62524988216938e-05	0.0021128248468202	0.000820751190495539	0.00201530985389004	0.00417689219717532	0.00433941718539225	0.00850005688374588	0.0154317476311983	0.0180321474426693	0.0303921727965675	0.050537145086057	0.0674234913617969	0.0893887435193161	0.110736400721611	0.109826260787596	0.116172861577468	0.106632644769133	0.0970192917161014	0.0755578670220546	0.0457101529360139	0.0250857319312844	0.0119618391327667	0.00568837458759284	0.00169025987745616	0.000219408734092867	0.000511953712883356	
0.000763849803007156	0.00311168288172389	0.00125432178178017	0.00225134678781057	0.00361019538473908	0.00418911313017609	0.00917423816032805	0.0172147624025086	0.0234461686901986	0.0389804615260915	0.0592747447133553	0.077872477285519	0.0973787890970491	0.111353220229959	0.112655785157192	0.121878266462973	0.0976682479697676	0.0867492160488864	0.0618959556163062	0.0393664066897162	0.0162740210661735	0.00886869823912519	0.0027739808635523	0.00153574013025649	0.000313580445445043	0.000144729436359251	
8.76298515072334e-05	0.00283602064877956	0.00192785673315914	0.00293161685042381	0.00419030017207316	0.00511439678796762	0.00436555987508763	0.0124673379644382	0.0177808935058314	0.0299136447645147	0.0483716780319929	0.0701198139060608	0.0872474667006564	0.117997578229558	0.114428653368173	0.120913262379708	0.109553247084316	0.0835112484863935	0.0660888407367281	0.0508412465744694	0.0288541201962909	0.0124593716143012	0.0065324071123574	0.000963928366579568	0.000286788604932764	0.000215091453699573	
0.00106631540982578	0.00303429458531307	0.00308917846670117	0.00435150773862728	0.00600586473475404	0.0049630709883803	0.00776998949365699	0.0118784400432799	0.022737608003638	0.0371563876997381	0.0605682833890013	0.0772294616675291	0.104945821768515	0.116816421257311	0.111014410939142	0.120869987925546	0.102044816609431	0.07535556914585	0.0596509385143717	0.0386696147151527	0.0184645058098509	0.00791111947436923	0.00396732056891063	0.000321462733844537	0.000117608317260197	
1.61566549261641e-05	0.00114712249975765	0.00370795230555466	0.0030132161437296	0.00311823440074967	0.00588102239312373	0.00424112191811807	0.0126668174621126	0.0145086761236954	0.0295101302226387	0.0515558858693896	0.0715739813229069	0.0925937893818464	0.115398907810127	0.113718615697806	0.106108831227583	0.112426083303713	0.0958574336769315	0.0663876950916082	0.043517950043623	0.0301483180922222	0.0133534752964746	0.00682618670630433	0.00219730506995832	0.000525091285100333	
0.000288466161316688	0.00115386464526675	0.00190708184426032	0.00267632494110483	0.00564111604352634	0.00386224138207343	0.00662670876135836	0.014847994358884	0.0246478308947259	0.0391432555008894	0.0617718232663985	0.0805782143944614	0.104192374877803	0.121532396352506	0.109977724001987	0.112910463308707	0.101259635571083	0.0784547829292136	0.0596804435968525	0.0376448340518278	0.0184458084264171	0.00838154457603487	0.00333338675299284	0.00099360566675748	4.80776935527813e-05	
0.000623313567732041	0.00179612725438575	0.00170591081695085	0.00168130633401406	0.00573284452427232	0.0025752692140508	0.00805386741464295	0.0200526535934847	0.0307474021766766	0.0516120037070754	0.070942925801081	0.0856728095859065	0.115919920609535	0.118569003272396	0.11966800351024	0.110170673096638	0.0910447883604393	0.0675147011785547	0.0476342789656275	0.0259413265096901	0.0109407934125598	0.00800465844876936	0.00254246323680175	0.000828350925538633	2.46044829367911e-05	
0.000467440361057382	0.00243391360412637	0.00170051579626048	0.00238555770470664	0.00425531914893617	0.00741457124435848	0.0142085751128304	0.0308107672469375	0.0432543520309478	0.0522404900064475	0.0801982591876209	0.106262088974855	0.125362669245648	0.1071889103804	0.115860735009671	0.10897001934236	0.0824790457769181	0.0498710509348807	0.0352917472598324	0.0147727272727273	0.00887330754352031	0.00403771760154739	0.00136202450032237	0.00029819471308833	
6.5916319232734e-05	0.000453174694725047	0.00243066427170707	0.00182917785870837	0.00566880345401513	0.00621261308768518	0.00844552840169405	0.0179704365308241	0.0322742778043274	0.0495113952836874	0.0729528863108284	0.0907090948041461	0.11635054298568	0.120898769012738	0.108869040752764	0.111596328461019	0.0944086482210833	0.0709012408747096	0.0449302110970123	0.0259380716180808	0.00721783695598438	0.0065998714631775	0.00262841322940527	0.00107114018753193	6.5916319232734e-05	
0.0011029940694087	0.00165449110411305	0.00157456399763416	0.00383650111098678	0.00516329107853637	0.00770497306456512	0.0109020573237208	0.0209409018974695	0.0399155969755583	0.0628866473775916	0.0829243729718497	0.107957542721038	0.131024505650846	0.116501750403632	0.101994980577713	0.104041114503573	0.0769618108285244	0.0578352542481257	0.0360231468900363	0.0166008600156657	0.0053631088447336	0.00569080998129706	0.00108700864811292	0.000311715715267676	
0.00135222672064777	0.00306072874493927	0.00220242914979757	0.00408906882591093	0.00755465587044534	0.0123076923076923	0.0171902834008097	0.0265748987854251	0.0489311740890688	0.0661376518218623	0.0955789473684211	0.124234817813765	0.133692307692308	0.107400809716599	0.101279352226721	0.0916842105263158	0.0652145748987854	0.0446882591093117	0.0265748987854251	0.00924696356275304	0.00528744939271255	0.00445344129554656	0.000761133603238866	0.000502024291497976	
0.00012608220559805	0.00168950155501387	0.000865764478439943	0.00205093721106161	0.00236193998487014	0.00695973774901236	0.0129108178532403	0.0214507859124149	0.0355299655375305	0.0591325544254854	0.0865932588047407	0.114280911154072	0.13101622257712	0.12308985458519	0.101143145330756	0.0985458518954358	0.0778683701773556	0.0551735731697066	0.0395645961166681	0.0157938976212491	0.00604354038833319	0.00411868538286963	0.00260569891569303	0.00108430696814323	
0.000956468220303741	0.00201274182011744	0.00305238119001281	0.00199610759019911	0.00333516309862435	0.00766006287738909	0.0152286374902274	0.0310976928323103	0.0502104230084668	0.0687326380225227	0.104105327943843	0.125513581848728	0.131293976745347	0.110077016484522	0.103356787597518	0.0877538799341284	0.060324034798809	0.0464760383918027	0.0256416654190994	0.00963953623766988	0.00342665136317514	0.00468253572200875	0.00342665136317514	
0.000924229808492923	0.00197335553705246	0.00434637801831807	0.00180682764363031	0.00166527893422148	0.00434637801831807	0.00920066611157369	0.0191174021648626	0.0401915070774355	0.0674521232306411	0.0805495420482931	0.108942547876769	0.134904246461282	0.131457119067444	0.104895920066611	0.0851040799333888	0.0732805995004163	0.0591340549542048	0.036436303080766	0.0188759367194005	0.00497085761865112	0.00531223980016653	0.00327227310574521	0.00184013322231474	
0.000152135095965217	0.000456405287895651	0.00206583446100137	0.00285853838208329	0.00327490811840915	0.0027784672789437	0.00614946072112036	0.0166467823427203	0.0310275524665903	0.0516618757456621	0.0728006469745134	0.087829993033814	0.117624450512055	0.139147563035976	0.130339741690621	0.0968780276885875	0.0758113204525619	0.0641689820560658	0.0535755751106983	0.0272722177293437	0.00920817686105261	0.00371529918567688	0.00324287967715331	0.00102491012018673	0.000288255971302517	
0.00144105050962994	0.000501938941556496	0.00272018523166101	0.00336784838205649	0.00255826944406214	0.0055294241465014	0.00810388516932344	0.02721804389537	0.0471822605063107	0.0723196865310352	0.0807150201180366	0.105803871406481	0.131402757425863	0.133515758454028	0.11316294395285	0.0823260822046454	0.0686846770994406	0.0539179572704237	0.0309744901676638	0.018199334526113	0.00633090729511581	0.00225872523700423	0.00140057156273022	0.000364310522097457	
