# <P(U)> as a function of N_tot.
# number_of_species: 1
# species_total_upper_bound: 278
# species_total_lower_bound: 245
# volume: 729
# Bin widths for each
10	10	10	10	10	10	10	10	10	10	10	10	10	10	10	10	10	10	10	10	10	10	10	10	10	10	10	10	10	10	10	10	10	10	
# Bin lower bound for each
-940	-940	-950	-970	-970	-970	-980	-980	-990	-990	-990	-1010	-1010	-1020	-1020	-1030	-1030	-1040	-1050	-1050	-1050	-1050	-1060	-1060	-1060	-1070	-1070	-1080	-1080	-1100	-1100	-1110	-1110	-1120	
# Bin upper bound for each
-680	-680	-690	-690	-700	-700	-700	-720	-720	-720	-730	-730	-740	-750	-750	-760	-760	-770	-770	-770	-790	-790	-800	-800	-800	-800	-810	-820	-820	-830	-830	-840	-840	-850	
# Normalized histogram for each
2.0632260250941e-05	0.000231783689627592	0.000147059727320537	0.000526781112789982	0.0011479438416215	0.00253557308956245	0.00657378930335832	0.0135075457004565	0.024417182546337	0.0363404340500776	0.0549182479611376	0.0790615043288238	0.100173574376664	0.121066152294176	0.128661457972086	0.11889537512522	0.104387384294723	0.0801791582564599	0.0584854340632471	0.0345300629591227	0.0191265442368829	0.00831831275521447	0.00425639139134306	0.001577709432806	0.000649696705774311	0.00019315307468966	7.11154502266476e-05	
0.00023856521577782	0.000333549514652322	0.000224869805242426	0.000935705790773004	0.00180779419067192	0.00367213717323192	0.00869746926484803	0.0185440276523592	0.0311159727364137	0.0455721412376763	0.0655851121168157	0.0901211027721278	0.112076171222673	0.124673739978052	0.126520853250584	0.111878250451065	0.0906609670196843	0.0701540777863975	0.0472076383280643	0.0269198756633438	0.0134815854160666	0.00547595527697422	0.00264012172127454	0.00100860071781623	0.000327364490539564	0.000106028984790142	2.03222220847772e-05	
2.16658759358885e-05	0.000204720419557477	0.000334273514439422	0.000497430825058664	0.00150821026157787	0.00289173119634103	0.00559598624172662	0.0126351851172234	0.0244240745907471	0.0391975490146227	0.0560752663686798	0.0772021483705714	0.101140288315328	0.120482167436542	0.126083901767803	0.119131808556783	0.103144160759031	0.078888991568437	0.0589183598843484	0.0359834826436436	0.0195992166680447	0.00971869291981282	0.00417576596609246	0.00143038997250202	0.000530150719329189	0.000126015809014861	5.83652168068832e-05	
4.00228574986159e-06	8.44926991637446e-06	9.29419690801191e-05	0.000277047113573752	0.000354424638071076	0.000947652325883894	0.00238891989425072	0.00405253667094318	0.00824337454946492	0.0183958394016138	0.0321419121587218	0.0484027544619927	0.0683639322902191	0.089523127652904	0.111362711593065	0.124597825869441	0.124358578121283	0.110422619140265	0.0906557745201148	0.0677742621897395	0.0468254091781306	0.0272146537022255	0.0140795965695964	0.00580064614679939	0.0024338344343325	0.000971221341966412	0.000244584129158208	5.02509210815955e-05	1.11174604162822e-05	
3.48375358132073e-05	0	0.000199323622627465	0.000410112763370668	0.000551226832487457	0.00189930717401878	0.00317109772193384	0.00566837576383502	0.0130486415786431	0.0244563911223375	0.0399859944286402	0.0587488738435812	0.0789414151712618	0.100607716558281	0.121430420400861	0.127260195381248	0.119875078770314	0.0992424379395758	0.0782490742696575	0.0563944737966608	0.0357331691706329	0.0193242488211463	0.00925752391552735	0.00343171776833391	0.00152094507619939	0.000424224170282347	0.000112891255293431	2.02851474355384e-05	
6.14083880298142e-05	6.22983646679275e-06	0.000418734008232284	0.000552230503949271	0.000911336077427967	0.00251952386249861	0.00403114918233396	0.00825942819001001	0.0180465012793414	0.030019356991879	0.0471598620536211	0.0699712982534208	0.0901043497608188	0.111820224719101	0.126907108688397	0.126256535765936	0.111516297697185	0.0890390477249972	0.066986316609189	0.0452530871064635	0.0272800088997664	0.0142770052286127	0.00553031482923573	0.00200111247079764	0.000815663588830793	0.000205139615085104	3.73790188007565e-05	1.33496495716987e-05	
4.43258678229217e-06	6.82618364472994e-05	0.000119236584443659	0.000592193594114234	0.000862138129155827	0.00205095790416659	0.00345209858604914	0.00634347494413832	0.0125650537517636	0.0233490941344022	0.0387877938971259	0.0578115698493674	0.0813211236252886	0.101539481715358	0.119394384533109	0.127202386150117	0.120774248798437	0.100921579117906	0.0789638739744656	0.0557313568724377	0.0356690258371051	0.0191337041044424	0.00831553280358011	0.00325795128498475	0.0013639069529113	0.000338649630167122	5.76236281697982e-05	8.42191488635512e-06	4.43258678229217e-07	
5.08468431184767e-05	9.19664640751578e-05	0.000207808837092905	0.00085157408561901	0.00128531976474271	0.00321661551032102	0.00438874578081739	0.00964984653096307	0.0183985985725744	0.0315100097537509	0.0473852784682632	0.0690805210607624	0.0924497301580143	0.110295203506752	0.124388179833346	0.126105918837827	0.112429444478342	0.0894935389137523	0.0666849715301893	0.0444476573754009	0.0261870084989393	0.0131649109030665	0.00542115776935341	0.00192820072034502	0.000743690348915459	0.000106999443779751	3.62560098757834e-05	
9.69845305265422e-06	3.12995530335659e-05	9.52211754260597e-05	0.000380884701704239	0.000921353040002151	0.00185196369428184	0.00359944859886008	0.00604125457425334	0.0134125197330457	0.0239049234196922	0.0388533254452582	0.0596212401411918	0.0833604081814387	0.10157895224085	0.116859746702857	0.127192566752909	0.121032726548149	0.101065815906609	0.0781920143819242	0.0542721024438779	0.0350651978506465	0.0189759050750682	0.00880928124323588	0.00331290339503166	0.00113031061940934	0.000363691989474533	5.73090407656841e-05	7.93509795217164e-06	
1.45935239247558e-05	6.54497436625411e-05	0.00010259689547101	0.000430287841781436	0.00133995083309121	0.00268211280617103	0.00497860279833032	0.00872692730700396	0.0187394114033796	0.0314906134896344	0.0476040750425534	0.0714162838077776	0.0929647274526739	0.112199876441497	0.124008690664611	0.125521552644811	0.114878451423687	0.0882205054931351	0.0641319042293359	0.0432653761569237	0.0253812337011344	0.013456555742618	0.00558180178722023	0.0019493410139492	0.000579318677013033	0.000233496382796093	3.49360118198699e-05	1.32668399315962e-06	
3.01874060805427e-05	6.92534610083038e-05	0.000293439344400569	0.000843471640485751	0.00184897862243324	0.00387686201913793	0.00729913721729827	0.0129197658700299	0.0250524395197539	0.0404298153906938	0.0599433098271105	0.083112143993927	0.103170343537121	0.117377069557555	0.126308546365414	0.120025126576238	0.102840945664889	0.0756580743542448	0.0532980850974099	0.0333655184354045	0.0186820089718747	0.00870817878935184	0.00325180514029375	0.00118352389133422	0.000288556087534599	9.41136777805154e-05	2.92995411958208e-05	
7.54812149456358e-06	8.43613578804164e-06	3.24125217119495e-05	0.000200247223179304	0.000521708397418365	0.00123389586078778	0.00260987400853204	0.00540667502584122	0.0100367815520359	0.0179578690498602	0.0334475023709982	0.0474079750787669	0.0731497334181091	0.0953913834197075	0.112719650335492	0.12432333310837	0.123905078376142	0.111014662892014	0.0894852003537849	0.0628185751277853	0.0429470352754798	0.0243511279557556	0.0129534644989646	0.00517223925236301	0.0021521026402441	0.000604293726711825	0.000111445793831498	2.88604645380372e-05	8.88014293478068e-07	
3.60362604861069e-05	6.05053262482783e-05	0.000124569789334691	0.000390615267985208	0.000914253275295675	0.00186765705581082	0.00403205714550107	0.00732514850498457	0.0137075706399684	0.0245562646147056	0.0418354290717415	0.0589909135236522	0.0857057946306862	0.104289827631003	0.119375674011539	0.126194980193403	0.119911768997783	0.100513138553638	0.0753068865738681	0.0517316090501732	0.0327818747397381	0.0175781319514391	0.00846273761687316	0.00307553912025256	0.000909804354248008	0.000277612673374453	4.27096420576082e-05	8.89784209533504e-07	
3.57600394075634e-06	4.51470497520488e-05	0.000139911154182092	0.000273117300975266	0.000598533659584093	0.00164049180782197	0.00250767276345539	0.00604970466677454	0.0102917393414968	0.0182291270884981	0.0315752207958933	0.0504855766351055	0.0723716147535195	0.0956554234122766	0.112801915307711	0.122772708295525	0.125291109070802	0.110321956574796	0.0911255204203235	0.0619270012435554	0.0408254489896448	0.0245023320015699	0.0125026037778694	0.00544491300029413	0.00196099116101226	0.000531483585694911	0.000107727118715285	1.74330192111872e-05	
2.37571641297303e-05	8.3374198643959e-05	0.000218745209345441	0.000393113829090065	0.000925184655920061	0.00199739478041657	0.00359450375766617	0.00846158466560223	0.0138011193658541	0.0246048018159438	0.0418453310000511	0.0620232318170286	0.0849098975931751	0.10421595531143	0.119289203579174	0.124125803597283	0.120094705917685	0.10192495784224	0.0740017732705905	0.0505166959074026	0.031868218562324	0.0180007584362586	0.00819980761179539	0.00351964627823853	0.00100811060618421	0.000327221317258549	2.24124189903116e-05	2.68949027883739e-06	
3.96076087551507e-05	0.000101021653791227	0.000133508793556688	0.000339557364945842	0.000578538105412313	0.00162480201758489	0.00248504367740181	0.00612093315526227	0.0108529298282231	0.0195741692526578	0.0328965667323678	0.0525597418473968	0.0746225150119513	0.0965130618328176	0.114235019089532	0.121222869344289	0.121932246067387	0.10980252714345	0.088306276292888	0.0611626034748779	0.0401478743397434	0.0241423951388558	0.0127113722345322	0.00504930257231393	0.00203867927761062	0.000526469675925205	0.000245656180144305	3.47122863247388e-05	
2.58731288820846e-05	6.73593527792201e-05	0.000152562242718499	0.000554487917248812	0.00110808365763962	0.00203416323624665	0.00374535844989624	0.00909663524419773	0.0148105819312774	0.025412765623355	0.0403147956825778	0.0641417169408326	0.0875332558923821	0.105065423328997	0.119514673632784	0.123829240918086	0.116268934223369	0.098850965424578	0.0747987695096774	0.0499520901027252	0.0319836481825465	0.0179274017847106	0.00855106909552895	0.00283399978944626	0.0010398321280024	0.000273898295406895	0.000111968195679366	4.46088429001458e-07	
1.29687301556069e-05	8.04955664830771e-05	0.00014176163652853	0.000372962791371591	0.000931959780837404	0.00142656031711676	0.00279319615696278	0.0064637939885911	0.0115766040530412	0.0198139836898094	0.0330098902219352	0.0520350173602105	0.0773182275949535	0.0987622465060452	0.113559567613593	0.121601969100435	0.120916415192554	0.107108295157566	0.0870572967442226	0.0610961349606556	0.0398010328475575	0.0237591608426634	0.0127545225092436	0.00509045018487148	0.00184558446042033	0.000554525013550087	9.52530870049746e-05	2.01238916207693e-05	
1.25005134139438e-05	6.69670361461274e-06	0.000164738908919473	0.00014197011662979	0.00065716984804733	0.00127907039039103	0.00168712286397477	0.00421624459576018	0.00927493450623865	0.0152430367675815	0.0259765133210828	0.0419753847033003	0.0655901938829631	0.0903863015802435	0.108895990371033	0.116924891558046	0.123163094198512	0.115797613116253	0.0972254217583936	0.0740963468142442	0.0478640194150831	0.0306860817497862	0.0165337147775712	0.00805836668291733	0.00297690798014918	0.000863428319377403	0.000211615834221763	7.32172928530993e-05	1.74114293979931e-05	
4.46870853876359e-06	7.86492702822392e-05	0.000262760062079299	0.000239969648531605	0.000929491376062826	0.00149657048963193	0.0029278978345979	0.00629194162257913	0.0119975886848725	0.0207227421068084	0.0326702812560467	0.0525993807263707	0.0781398375088201	0.103498864724596	0.114436922614927	0.121547978512662	0.120186363020901	0.10659925470879	0.0851811815533499	0.0594199705690856	0.0388791048998049	0.0235742250253934	0.0112575705508532	0.00487714849920658	0.00165520964275803	0.000392352609703443	9.8311587852799e-05	2.9940347209716e-05	4.02183768488723e-06	
2.1870977302389e-05	0.000250846719264135	0.000224958623681716	0.000683802800556326	0.00114934217456432	0.00221655659762579	0.00433848774243309	0.00894835414200602	0.0162903073184754	0.0265669885717448	0.0422475866046067	0.0653866342440587	0.0926865237286713	0.1109956561561	0.119175401667193	0.121869102647192	0.113939311162411	0.0950593015927428	0.0722911678744802	0.048454034347254	0.0300051954729755	0.0159711695884507	0.00737007300442954	0.00296463329066261	0.000660146437351701	0.000191036291539235	4.15102222269832e-05	
9.93234867977707e-05	0.000261447922647047	0.000431144104126646	0.00122038723688741	0.00168359991074248	0.00335873728225107	0.00685153900183904	0.0127232050397539	0.0229178924357816	0.035258947019605	0.0539526961872698	0.0784308136196997	0.103035869140638	0.115357326265183	0.121810680526227	0.117673389634458	0.104866004599167	0.0838254596829042	0.0596880708038388	0.0378565011676077	0.0221339940646422	0.0100432524834212	0.00439072167198396	0.00154285452137882	0.000463212673855074	0.000113130787653066	9.79872963924195e-06	
5.34585927560043e-06	0.000125182204703643	0.000368418801743463	0.00062145614078855	0.00139437829438578	0.00216685495971004	0.00496273936084906	0.00916770316938177	0.0167574868759155	0.0296058141565481	0.0441870908190213	0.06591845426261	0.0909611320391602	0.11183671251038	0.119939698707371	0.121092622357809	0.112662202280187	0.0947152617154506	0.0714327081053918	0.047067617992024	0.0288943693846203	0.0155640237926377	0.00671439925015414	0.00279944830732276	0.000770249223959428	0.000177304332640748	9.1325095958174e-05	
7.13527235467533e-05	0.00021405817064026	0.000389116094869872	0.000863323636453885	0.00196995562835602	0.00321929306735165	0.0065950303049642	0.012397646512403	0.0231147369522017	0.0370063588129034	0.0550958253781694	0.0759166387460357	0.102464283751611	0.117046387247629	0.123138846195437	0.121035491996972	0.103757939652437	0.0838155181980468	0.0588265534950425	0.0363726048087304	0.0204525269500566	0.0096636406020929	0.00436802759799255	0.00167701059565785	0.000398866156472534	8.77505544239575e-05	4.12161695021619e-05	
0.000167611873144932	0.000245415793039795	0.000714017687720852	0.00148316501011006	0.00219807188548686	0.00463000012448627	0.00888431846433735	0.0172778053425951	0.0307903455561069	0.0457482603043512	0.066073311743857	0.0882843302016144	0.110521135101394	0.121836048023247	0.122121477260804	0.114841253327785	0.0942454442470448	0.069208587418706	0.0468677475631812	0.0282481580477707	0.0144586358794333	0.0071859700414895	0.00298633674247881	0.000725577127248089	0.000203623973210554	4.09026321732991e-05	1.2448627183178e-05	
3.0558151276135e-05	0.000218778648266821	0.000503545188419789	0.000833484647850522	0.00176440108237858	0.00336183951213247	0.00675069420148008	0.0133583408252472	0.0229704294527434	0.0380037112653289	0.0562137121953596	0.0778276254544971	0.100605848564431	0.117830902705504	0.124648470542385	0.117813630706956	0.10594688196139	0.0817930991722727	0.0566871421042609	0.0357742948374439	0.0198171825384523	0.0102520383172645	0.00485786030939021	0.00160009566029965	0.000403899042954132	0.000102303376011408	2.83437924880092e-05	8.85743515250289e-07	
9.76545594247969e-05	0.000285861528498042	0.000657392738673292	0.0011421144609091	0.00277161395022014	0.00531995406684632	0.00921370768172959	0.0181095941609676	0.0302848982994346	0.0485693828986448	0.0669226695738133	0.0876449670837552	0.111782510867399	0.121653167403441	0.125127450297158	0.113310804722397	0.0938655625191148	0.0683493139101374	0.044542463975455	0.0265709178507652	0.0132543870201111	0.00665205103427276	0.00289856487747238	0.000678699188002338	0.000251238548338341	3.37352114376571e-05	9.32157158145789e-06	
9.22609332500935e-06	0.000274146773085992	0.000576411163924393	0.000894931052525907	0.00213562093585097	0.00400983589416001	0.00673856282947587	0.0128097715751094	0.0244715535379212	0.0393383045867303	0.0591436515910837	0.0781630233117018	0.0998359952077035	0.117483754387337	0.124835632754037	0.120249385695953	0.104769319109919	0.0801198337721585	0.0561592300693319	0.0340328615870726	0.0184701994988913	0.00942511333816312	0.00412274570294703	0.00140324486095618	0.000366847044113467	0.000133558684323945	2.72389421976466e-05	
6.21527162268924e-05	0.000429378976187193	0.00064166114076496	0.00146277730725545	0.00316497388053985	0.00589137718601389	0.0102735813751945	0.0174824210671446	0.0310684796001217	0.0498285329113952	0.0690324091399508	0.0877167411842719	0.110837551620676	0.122243012743495	0.123862922622057	0.113356925103788	0.0951619362759581	0.0666421557363237	0.0436005681283497	0.0254108316427357	0.0122804137970276	0.00625510188449662	0.00226638566635809	0.00073226404399712	0.000243796217875909	4.24564329155533e-05	9.19159887862494e-06	
7.50774291191784e-06	3.31223951996375e-05	0.000134697740478526	0.000572354989049736	0.000877964288758392	0.00208891905725714	0.00451038696231864	0.00827529921667743	0.013612862795115	0.0242447100222627	0.0395768459442069	0.0575185849759465	0.0818595707602561	0.100222185026999	0.118456284400368	0.125460566905251	0.118783092033004	0.105284170277376	0.0798103985772386	0.0543547337864771	0.0331793657193809	0.0174108974446735	0.00835214317354059	0.00351450694664954	0.00132577907185749	0.000442515199867157	5.34374642554152e-05	3.7097082623594e-05	
4.37999045162082e-06	4.68658978323427e-05	0.000343391251407072	0.000905344026350023	0.00150890671058337	0.00293984959112789	0.00666984945972818	0.0104230632777221	0.0180096447389745	0.031984880272961	0.0497873514635738	0.0694193446658286	0.0926346080565544	0.108290883925873	0.122567900801976	0.124273031084792	0.11406546333729	0.093101077039652	0.0662622475483003	0.0426387690474835	0.0240619155450241	0.0122407593151447	0.00491434928671856	0.00205684351608113	0.000684154508543171	0.000125705725961517	1.53299665806729e-05	2.40899474839145e-05	
4.8529640139483e-06	2.73530698967995e-05	8.11768525969534e-05	0.000495443507969449	0.00145235977581071	0.00260030635438284	0.00459972752812954	0.00902871895867745	0.0136394759504751	0.0235571696807985	0.0405809262631824	0.0614283773100109	0.0827156833679217	0.101685478519899	0.117813642652436	0.125487502294128	0.117980408143097	0.102673718464557	0.0800187589118066	0.0536212817472082	0.030679114960541	0.0173784641339489	0.00800430237318764	0.00302251422359635	0.00106015204777434	0.00027441305606144	8.20592096903985e-05	6.61767820083859e-06	
4.1397108367941e-05	2.42217123429442e-05	0.000242657518199314	0.0010120271811652	0.00264545138261938	0.00367597514411919	0.0069498698633455	0.0117616231189638	0.0179412425298037	0.0307818328349533	0.0522585645772871	0.0741519097719195	0.0936878217634287	0.11160220021227	0.121844020980407	0.122338584306973	0.108715412495761	0.0915008213362458	0.0667519564537652	0.041901800774214	0.0218127529517459	0.0117387225909305	0.00456997652695877	0.00143744852886127	0.000468580035143503	0.000119346982635234	2.15793437237139e-05	2.20197384935856e-06	
1.75883937707186e-06	0.000110806880755527	0.000116962818575279	0.000611636393376739	0.00206663626805943	0.00379117827727839	0.00488825433872696	0.00937637271917007	0.0149281492128974	0.0247587422011963	0.0407681379211486	0.066400143873061	0.0843284333533988	0.103416237693071	0.117484754160425	0.12245523424003	0.116578951881233	0.0987970857790361	0.0785774683002181	0.0544202491659804	0.0296192948197344	0.0149413405082254	0.00813287327958027	0.00224515846483223	0.000870185781806302	0.000269102424691994	2.06663626805943e-05	2.4184041434738e-05	
