# <P(U)> as a function of N_tot.
# number_of_species: 1
# species_total_upper_bound: 278
# species_total_lower_bound: 245
# volume: 729
# Bin widths for each
10	10	10	10	10	10	10	10	10	10	10	10	10	10	10	10	10	10	10	10	10	10	10	10	10	10	10	10	10	10	10	10	10	10	
# Bin lower bound for each
-940	-940	-950	-970	-970	-970	-980	-980	-990	-990	-990	-1000	-1000	-1020	-1020	-1030	-1030	-1030	-1040	-1040	-1050	-1050	-1060	-1060	-1060	-1070	-1070	-1080	-1080	-1080	-1080	-1090	-1100	-1100	
# Bin upper bound for each
-690	-690	-690	-700	-700	-710	-710	-720	-720	-720	-730	-730	-740	-750	-750	-760	-760	-770	-770	-770	-790	-790	-800	-800	-810	-820	-820	-830	-830	-830	-840	-850	-860	-860	
# Normalized histogram for each
2.06163857561391e-05	0.000200273461631065	0.000246660329582378	0.00069138522232195	0.00120605856673414	0.00235615837213018	0.00648606221877961	0.0138696735174426	0.0250776243738693	0.0375394932639641	0.0564270478145527	0.0784048513300882	0.0971260021956451	0.118112746595903	0.126510242294074	0.121701470316454	0.105684747482408	0.0803582538804824	0.0596299506016671	0.034692223131143	0.0193072452606242	0.0080830958153891	0.0041799722120572	0.00124655503875512	0.000656779146231288	0.000184811172313961	
0.000236577736180968	0.000400476418613551	0.000330763856854896	0.00107683659227199	0.00185109100159152	0.0036280197034398	0.00848861682861241	0.0186948325192785	0.0318860807746104	0.0473311213191397	0.0679816136826477	0.0874188108223561	0.110460295729586	0.120737707228006	0.125645768225014	0.113468318607173	0.0917461810123747	0.0698631112271339	0.0490168303923037	0.0274986391217997	0.0132587359480983	0.00529963793965265	0.0024347483005709	0.000907004925859949	0.00024325234315786	9.49277436713602e-05	
3.62455257117623e-05	0.000188624674622436	0.000395741964403935	0.000554778454771871	0.00164362363533746	0.00307717116246798	0.00551671695425149	0.0126001282647787	0.025603395540025	0.0394410496112482	0.0582591347971101	0.0777355570826346	0.0999377908426049	0.119814393320172	0.122108217304502	0.119419391060374	0.103045289893934	0.079207569249296	0.0588005985689675	0.0375303926130139	0.0200563506969127	0.00924482817031846	0.00394114614269937	0.00124714196632717	0.000433466899328422	0.000133146829145249	2.81087750417748e-05	
6.69523299410819e-06	1.41343807653395e-05	0.000153246444087365	0.000325090757602809	0.000331785990596917	0.000981967505802535	0.00252410283877879	0.00402606677379039	0.00851187287984288	0.0190196691067071	0.0329055823364875	0.0493877581384277	0.0713064631315836	0.089288371124204	0.110454978277689	0.12311491995477	0.119671338451467	0.11098985300244	0.0911600607034458	0.0679082604296852	0.046380854609296	0.0286593167886687	0.01427646848777	0.00536213771350354	0.00222579301315241	0.000761768731774088	0.000186722609057906	6.47205856097126e-05	
5.82101770547271e-05	0	0.000301366612852954	0.000470839280227477	0.00045241833812155	0.00207640859418001	0.00321408597864202	0.00567807119473073	0.0138053908518654	0.0251438491369052	0.0413071205783292	0.059328696659399	0.0804523593911068	0.101550232803866	0.12117590452352	0.124625778561118	0.117314875058118	0.0980812009864783	0.0794237339839119	0.0558058756910616	0.0356150494675979	0.0197899865232388	0.00933352294623074	0.00304535014895174	0.00140735997689277	0.000414102778541223	0.00010757830189861	2.06314551586375e-05	
0.000102656268132221	1.04144040134138e-05	0.000604035432777998	0.000474599268611284	0.000908284807169871	0.00286024167368399	0.00404525207321028	0.00852121414097532	0.0180020412231866	0.0308772201277699	0.0489305894850226	0.070969700035409	0.092607112145278	0.112488209406885	0.126400365396804	0.123634597245241	0.108557515777822	0.0883223287797592	0.0661932080232569	0.0444233842052173	0.0279574675740092	0.0149268164952257	0.00555534065515528	0.00173846158423914	0.000610730406786621	0.00022614134429127	5.20720200670688e-05	
7.40891114196511e-06	0.000114097231586263	0.000197817927490468	0.00071347814297124	0.00062012586258248	0.00170849490933715	0.0034392165521002	0.00635684575980606	0.0130144933119759	0.0241404551738649	0.0399599622441888	0.0607545531463423	0.0834450844097246	0.104498987201847	0.119325700179147	0.125872954955302	0.116645897019099	0.0981006515396458	0.0777565224349238	0.0556046190115623	0.0353205020870903	0.0197321530443957	0.00814832047393323	0.00310952000628276	0.00110615043349539	0.000228194463172525	6.5198418049293e-05	1.25951489413407e-05	
8.49285750683675e-05	0.000141793794896753	0.00031460498242717	0.000964493209037287	0.000891380783543648	0.0028122435987856	0.00463340765199076	0.00994550539518005	0.0188135256510145	0.0323814194001975	0.0492578350303047	0.0708762191866206	0.0951067109083	0.111096915320303	0.124065877987917	0.12485460597203	0.109979550676142	0.0884150777022611	0.065166803413981	0.0442972677369637	0.0255066358757502	0.0127223005452415	0.00522347662137881	0.00168380131439894	0.000593023006781731	0.000123331061186238	4.72645982989176e-05	
1.62261632130753e-05	5.2366254005834e-05	0.000125383988464673	0.000565703053837672	0.000938167254865083	0.00164990577762043	0.00356459303676332	0.00608186099340997	0.0135495838357912	0.0238834371439003	0.0402246586052138	0.0615244480338684	0.085202107926112	0.104528205865758	0.117144047763924	0.12744176098124	0.1190993004311	0.0994626927317852	0.0763212337784465	0.0527070034333086	0.0349843454402637	0.0182138682066771	0.00800613643990604	0.0032223685035421	0.00109305335826262	0.000347387403334477	3.68776436660803e-05	1.32759517197889e-05	
2.446002638718e-05	0.000109699512281898	0.000139348029114844	0.000592970336658909	0.00147649613828068	0.00229331277702833	0.00513512311546615	0.00867589723824066	0.018500674503758	0.0314667121277258	0.0491950427679855	0.0733474657930237	0.0949664230546867	0.114936922780438	0.123529804171546	0.126559141378953	0.112408645507508	0.0873356360348074	0.0614087492773174	0.0421045999673866	0.0250870925181968	0.012780734393762	0.00500541085432201	0.00203314704181923	0.000607053382154558	0.000245341476792623	3.18721555954163e-05	2.22363876247091e-06	
5.04754340516186e-05	1.48457158975349e-05	0.000397865186053934	0.001065922401443	0.00187724077524328	0.00334845122068899	0.00702721962009813	0.0129907436961379	0.0245310609490866	0.0408064192875541	0.0617485284184117	0.0848128326368218	0.104674173650339	0.118975051774434	0.126967985213667	0.12047372679429	0.100711109791492	0.0745537006658304	0.0509534661035192	0.0320281474773417	0.0187679540376636	0.00822155746405481	0.00310646605155917	0.00141479672503507	0.00032586346395089	0.000105404582872498	4.89908624618651e-05	
8.10565649554152e-06	1.32638015381589e-05	9.3583488630343e-05	0.00058360726767899	0.00156218107004982	0.0024611720631917	0.00466517375211576	0.00895306603825722	0.0187734373215374	0.0327453784862613	0.0483922430341093	0.0752654418282824	0.0973194593969244	0.114023743678509	0.125159441947657	0.124061493931442	0.111127813676011	0.0888844184965186	0.0599641729982897	0.0416726537993054	0.0238785271580021	0.0128717825149199	0.0045236932023754	0.00212220824610542	0.000688243924257798	0.000160639374184368	2.35800916233935e-05	1.47375572646209e-06	
1.17792914167248e-05	2.28223771199044e-05	0.000344544273939201	0.000993141507572612	0.00214456724355746	0.00357575115068953	0.00663983933046508	0.0128195500899643	0.0249662081577483	0.0396468862915551	0.0608172177902638	0.0877910589288501	0.107190815686482	0.121301670598005	0.127097818180747	0.118975260543202	0.100581160790273	0.0742978806109919	0.0492521622361807	0.0313270255227797	0.0177801041878326	0.00811298696326922	0.00308322952832772	0.000920257141931627	0.000258408205454401	4.6380959953354e-05	1.4724114270906e-06	
4.4484447495748e-06	0	0.000129004897737669	8.37790427836588e-05	0.000496742997035853	0.0017778950849134	0.00280326159969039	0.00524100932245738	0.00983995978605946	0.0173118641504286	0.0318175010713338	0.0492769053059566	0.074260112427027	0.0988933752277974	0.115240668275027	0.122789679015055	0.125501006089921	0.109365755575755	0.0922740894404301	0.0597174051332087	0.0396467638305854	0.0236812956243615	0.0121739104646697	0.00504676056839261	0.00193655628098156	0.000533813369948976	0.000127522082821144	2.89148908722362e-05	
1.70727507022097e-05	3.04340338604607e-05	0.000228626400707851	0.000200419247373766	0.00082246120774123	0.00230185217076314	0.0037582320350125	0.0079113642167022	0.0127236530341989	0.0252647018652351	0.0412678076212759	0.0619429087216518	0.0865707227563436	0.106645308408107	0.121264036770251	0.124507117110162	0.119355600159148	0.101344590461825	0.0739502485198667	0.0486024097816469	0.0308400684097698	0.0176064597350309	0.00793437531547474	0.00343681894570568	0.00103253027072929	0.000405292255800281	3.04340338604607e-05	4.45376105275035e-06	
3.59774560854766e-05	8.00314839452438e-05	5.8738703813023e-05	0.000265058400956266	0.000419981732263114	0.00155510718344978	0.00282386318581108	0.00569765426986323	0.00997456614124896	0.019236925498765	0.0344120696288595	0.0505292357213553	0.0753536804203342	0.097088469298748	0.11591495810462	0.12362074181109	0.121711733937167	0.108980119885694	0.0887806138781936	0.0604032118323245	0.0383402204463554	0.023963922688118	0.0122661098237545	0.00526225362784919	0.00218728248323744	0.000599134778892834	0.000381067340986986	5.72702362176974e-05	
1.5450048888369e-05	7.87216776693086e-05	0.00012286467449322	0.000547373160616501	0.000885067086319423	0.0020901708996122	0.00364915440411001	0.00844381957580051	0.0144119527463933	0.0252895228804188	0.0397632758223656	0.0624571904895385	0.0880733715464543	0.106039571253786	0.122532866300427	0.123218554184425	0.116447754188251	0.0982409751482285	0.0761510838209295	0.049601278381188	0.0306050754146315	0.0181780860920867	0.00830109055273653	0.00305984539651079	0.00126984687530118	0.000340636792157849	0.000184664870046696	7.35716613731856e-07	
5.39990354144907e-05	0.000150901414035015	0.000414239175782394	0.000783355869917063	0.00121682757886078	0.00276948477523086	0.00639629670176851	0.0111474721054298	0.0191578221671218	0.0331679828623335	0.0511126760146641	0.0764833461057079	0.098716894153014	0.114012675718779	0.122893667762428	0.121891356899597	0.106213883521861	0.0877632268048253	0.0623637079140395	0.0386921581565173	0.0235110320769065	0.0132342019534336	0.00505889593424249	0.00187665140885703	0.000751548218919487	0.000132408593687587	3.3287076625371e-05	
1.47002616646576e-06	0.000191103401640549	9.70217269867404e-05	0.000503483962014524	0.00110398965101579	0.00169935024843442	0.00435789257048775	0.00940816746538088	0.01478037809073	0.0256262311469144	0.0418126892658689	0.0654955458207156	0.0909424337753212	0.110354129303502	0.117898303589804	0.121804898127187	0.117727045541411	0.0956693029135919	0.0746222032752183	0.0476023873224943	0.0291175432922706	0.0165841001969835	0.00827624731720225	0.00295989768617881	0.000941551759621321	0.000294740246376385	9.9226766236439e-05	2.86655102460824e-05	
9.14324168147872e-05	0.000306481461163167	0.000171161484277282	0.000819234454660493	0.00132613577348167	0.00272761185841873	0.00620935829072583	0.0116835999502608	0.0195745832510442	0.0320781491152999	0.0522488717239765	0.0788205949690227	0.104892731488593	0.115534001887165	0.120722974406238	0.121113573690871	0.107371647173275	0.0847761368706707	0.0595758998778463	0.0378420486713041	0.0228778536057288	0.0118415951665167	0.00520652754310124	0.00153533314315391	0.000473985648767857	0.000122885168199074	4.90077754127259e-05	6.58313401066468e-06	
2.77236882135658e-05	0.000299853575151988	0.000244406198724856	0.000571253891347948	0.000939687116291388	0.00194795388237423	0.00415198709535271	0.00832805002520667	0.015803231852475	0.0256641100075948	0.0418817380417884	0.0639789766894852	0.0936185176727569	0.112947035352809	0.119559864562487	0.124308640525174	0.115379424208179	0.093673965049184	0.0715241973080299	0.0483508418152012	0.0292120125281888	0.0159739514062111	0.00787863444784992	0.00284751460783019	0.000602625433273825	0.000245865340209781	3.79376786080374e-05	
0.000100467026066825	0.00032396975796911	0.000467390077789143	0.00100612630452429	0.00151355758835456	0.00293247232606646	0.0063585435193308	0.0121943672943429	0.0215742018149587	0.0343582668709982	0.054267482536574	0.0773341293039746	0.104191586250578	0.117920623769188	0.121021997182555	0.119370115427877	0.107512094264279	0.0831502964869302	0.059351987681869	0.0377421127924373	0.0208541881281464	0.00994405151483163	0.00449480738359839	0.00146259605339313	0.000428076893676038	0.000113571420771194	1.09203289203071e-05	
1.46747955250679e-06	0.000124002022186823	0.000431438988436995	0.000522422720692416	0.00100082105480963	0.00181233724734588	0.00406198340133878	0.00927080207296162	0.0155472121190331	0.0283421663373398	0.0435643317354927	0.0674585675491844	0.0918686224255823	0.114698935563707	0.120022951380201	0.120253345669945	0.113730399059052	0.0962556525478013	0.0706972949215669	0.0463562115841368	0.0281205769249113	0.0154452222901339	0.0063806010942995	0.00306923348406794	0.000801243835668705	0.000146014215474425	1.61422750775746e-05	
2.62712934306441e-05	0.000248117771289417	0.0002678212413624	0.000585266036982684	0.00170033649148336	0.00229581914257796	0.00656198529245423	0.0115542608024275	0.0219810452617898	0.0352560757839245	0.0557637393391456	0.0780527425405946	0.104121892963453	0.11964530834836	0.121619304146413	0.120423960295319	0.106066698435472	0.084824898180494	0.0582427277775872	0.0354443533868441	0.0192466414705502	0.0096700252569296	0.00418735226958434	0.0017280673012157	0.000390420610705406	8.68412199512959e-05	8.02733965936349e-06	
0.000122174529996055	0.000239933113124783	0.00043202680185352	0.000899381178645659	0.00171265139337843	0.0036887876165074	0.00909169860868234	0.0161321898974912	0.0287912375838294	0.0447990449778908	0.0677273771041987	0.0885868381231637	0.11362378487862	0.122082531102986	0.120550197540023	0.114225089643721	0.097245773938848	0.0708928750169278	0.0469562350225802	0.0270682823144272	0.0138594492431067	0.00722743303952567	0.00303817144472118	0.000781622595516931	0.000215645405354483	9.56788487920913e-06	
4.7723199568876e-05	0.000172537721518244	0.000372240956637232	0.000536702444382282	0.00121363767519003	0.00252712696793955	0.00631341220142714	0.0136877478394239	0.0219937871736192	0.0369274776233259	0.057328044134415	0.079141951555813	0.103136442095974	0.120023112712653	0.122091362761661	0.116531977113422	0.106180448025398	0.0849612450909347	0.0560784305087807	0.0358592121560534	0.0189255525428756	0.00935815233392143	0.00434134275462713	0.00167985662482443	0.000519815773765603	5.06600118500376e-05	
4.44282528145298e-05	0.00018141536565933	0.00051684867440903	0.000724920991757078	0.00193410993919253	0.00426733368283559	0.00912926548250564	0.017435127346182	0.029036084626936	0.0491139525447022	0.0682603080951238	0.0884973772521422	0.115404608098382	0.121205456974199	0.123201025996452	0.112722622570145	0.0956599520767246	0.0707823519132287	0.0427022151926853	0.0267472891361074	0.0124125133654994	0.00622884104459708	0.00260719796933266	0.000904114944775682	0.000273233754809358	7.40470880242164e-06	
6.63890130609318e-06	0.000243426381223417	0.000351124113522262	0.000537751005793548	0.00132925557261999	0.00298012903073516	0.00629662906097905	0.0128868450908275	0.0223281004037927	0.0373932427787195	0.0607680766217729	0.0797590226357028	0.101752227351388	0.120206160015225	0.122949501566043	0.118507338936566	0.104002814894154	0.08330788421166	0.0570229986294357	0.0341682120553596	0.0182377995435387	0.00900235017106236	0.00401653529018638	0.00142736378081003	0.000435954519100119	8.26174384758263e-05	
5.94910649561639e-05	0.000328302543646979	0.00045977045262418	0.000820389130321421	0.00218060459080063	0.00482612083736979	0.00992472544139065	0.0168668186014605	0.0282119850258786	0.0493180928486599	0.0705813745961401	0.09101031251905	0.113270987676536	0.123657686943327	0.121608550261504	0.11038677271255	0.0965782355243917	0.0695744332374377	0.0426249808122954	0.0263082709472814	0.0122375323987605	0.00584187568717688	0.00221806192799525	0.000805699978480393	0.000279093884979534	1.9830354985388e-05	
9.45216164238379e-05	0.000264958231865246	0.000561175580973022	0.00141633571696507	0.00357470333609207	0.00744115843311442	0.0130625896838959	0.0225519645610922	0.0371365755488208	0.0579871510142839	0.0844651118480986	0.103419300867515	0.121449113134188	0.125330453525135	0.114973266012111	0.10304716851939	0.0824347577567267	0.0564770379455913	0.0332366285404672	0.018032789325458	0.00747986019731946	0.00354939833641955	0.00137763395276003	0.000564896904454275	6.40067638775595e-05	7.44264696250692e-06	
0.000324043352424088	0.000653253683132842	0.00116699895257969	0.00218784623367881	0.00544082813375388	0.00941054373588769	0.0175300810403637	0.0294502999430894	0.046981857262963	0.0710407844358804	0.0944634351400288	0.110383633374841	0.125737678417606	0.122864838491331	0.110980050296843	0.0937038893321828	0.06972911009133	0.0434151659670332	0.0240736899680164	0.0127882712545497	0.00437495432760266	0.00224615927432004	0.000850336997705124	0.000201512153101995	7.38139754952364e-07	
8.64221812958559e-05	0.000373254420941585	0.00115850424064703	0.00192438357144134	0.00402310154308295	0.00828535412233805	0.0129745024764425	0.0231201685530543	0.0388348501916188	0.0603830290676537	0.0846684070305934	0.103360928829844	0.12124585024526	0.126112313074782	0.115915240700675	0.0990405647838551	0.0821934545627932	0.0558287291171229	0.0304630738879849	0.0175712684988169	0.00752916003599931	0.00323859674218177	0.00114658393977864	0.000388154797027077	0.000134103384769432	
1.4099829763108e-05	9.86988083417561e-05	0.000556572227491106	0.00176470500929847	0.00262034204702813	0.006862906613117	0.0113258737812923	0.0190021179428497	0.0300727105957994	0.0508194969477579	0.0753301957501629	0.0957237442617403	0.113098445011406	0.122759054688045	0.120853351381115	0.10593647358805	0.0906084744429454	0.0691025235726891	0.0430163543183326	0.0216655015754705	0.0117770683337118	0.00456611855433703	0.00167194297138328	0.000588482368533929	0.000164745379337367	
0.000132122262081579	0.000125441922987566	0.000776403854704109	0.0024420350688112	0.00483285420456831	0.00996038558917251	0.0148748883826676	0.0265276265423233	0.0400894571630678	0.0653730561141061	0.0883801439538849	0.102458587464566	0.12001526086353	0.1211650214476	0.115818523392692	0.096148636060322	0.0797291048271388	0.0551565908596631	0.0290127126852959	0.0153818518939132	0.00785162521516259	0.0023499948412937	0.00107108103473999	0.000291708140438542	3.48862152687315e-05	
