# <N_i^j*N_k^m*U^p> as a function of N_tot.
# number_of_species: 1
# max_order: 2
# species_total_upper_bound: 278
# species_total_lower_bound: 245
# volume: 729
#	N_tot	N_1^0*N_1^0*U^0	N_1^0*N_1^0*U^1	N_1^0*N_1^0*U^2	N_1^0*N_1^1*U^0	N_1^0*N_1^1*U^1	N_1^0*N_1^1*U^2	N_1^0*N_1^2*U^0	N_1^0*N_1^2*U^1	N_1^0*N_1^2*U^2	N_1^1*N_1^0*U^0	N_1^1*N_1^0*U^1	N_1^1*N_1^0*U^2	N_1^1*N_1^1*U^0	N_1^1*N_1^1*U^1	N_1^1*N_1^1*U^2	N_1^1*N_1^2*U^0	N_1^1*N_1^2*U^1	N_1^1*N_1^2*U^2	N_1^2*N_1^0*U^0	N_1^2*N_1^0*U^1	N_1^2*N_1^0*U^2	N_1^2*N_1^1*U^0	N_1^2*N_1^1*U^1	N_1^2*N_1^1*U^2	N_1^2*N_1^2*U^0	N_1^2*N_1^2*U^1	N_1^2*N_1^2*U^2	
245	1	-801.49283387142	643408.630418823	245	-196365.744298498	157635114.452612	60025	-48109607.353132	38620603040.0886	245	-196365.744298498	157635114.452612	60025	-48109607.353132	38620603040.0886	14706125	-11786853801.5182	9462047745024.28	60025	-48109607.353132	38620603040.0886	14706125	-11786853801.5182	9462047745024.28	3603000625	-2887779181370.6	2.31820169753188e+15	
246	1	-806.47944260902	651429.326589445	246	-198393.942881819	160251614.341004	60516	-48804909.9489274	39421897126.7904	246	-198393.942881819	160251614.341004	60516	-48804909.9489274	39421897126.7904	14886936	-12006007847.4361	9697786693497.54	60516	-48804909.9489274	39421897126.7904	14886936	-12006007847.4361	9697786693497.54	3662186256	-2953477930468.86	2.38565552658844e+15	
247	1	-811.520940290151	659595.1860648	247	-200445.672251667	162920010.958006	61009	-49510081.0461618	40241242705.8926	247	-200445.672251667	162920010.958006	61009	-49510081.0461618	40241242705.8926	15069223	-12228990018.4015	9939586948547.93	61009	-49510081.0461618	40241242705.8926	15069223	-12228990018.4015	9939586948547.93	3722098081	-3020560534545.05	2.4550779762898e+15	
248	1	-816.873998073117	668315.216530606	248	-202584.751522133	165742173.69959	61504	-50241018.377489	41104059077.4984	248	-202584.751522133	165742173.69959	61504	-50241018.377489	41104059077.4984	15252992	-12459772557.6173	10193806651466.9	61504	-50241018.377489	41104059077.4984	15252992	-12459772557.6173	10193806651466.9	3782742016	-3090023594289.08	2.52806404950256e+15	
249	1	-822.149429605982	676956.699095309	249	-204715.20797189	168562218.074732	62001	-50974086.7850005	41971992299.9288	249	-204715.20797189	168562218.074732	62001	-50974086.7850005	41971992299.9288	15438249	-12692547609.4659	10451026082880.2	62001	-50974086.7850005	41971992299.9288	15438249	-12692547609.4659	10451026082880.2	3844124001	-3160444354758.51	2.60230549462817e+15	
250	1	-826.985714143416	684920.375645712	250	-206746.428535854	171230093.911428	62500	-51686607.1339635	42807523476.6948	250	-206746.428535854	171230093.911428	62500	-51686607.1339635	42807523476.6948	15625000	-12921651783.4909	10701880869422.6	62500	-51686607.1339635	42807523476.6948	15625000	-12921651783.4909	10701880869422.6	3906250000	-3230412945871.32	2.67547021737312e+15	
251	1	-832.330458216219	693793.093594322	251	-208914.945012271	174142066.492175	63001	-52437651.19808	43709658688.8955	251	-208914.945012271	174142066.492175	63001	-52437651.19808	43709658688.8955	15813251	-13161850450.7197	10971124331069	63001	-52437651.19808	43709658688.8955	15813251	-13161850450.7197	10971124331069	3969126001	-3303624463130.75	2.75375220709898e+15	
252	1	-837.582480152165	702570.409546687	252	-211070.784998346	177047743.205765	63504	-53189837.8195831	44616031287.8528	252	-211070.784998346	177047743.205765	63504	-53189837.8195831	44616031287.8528	16003008	-13403839130.5349	11243239884549.8	63504	-53189837.8195831	44616031287.8528	16003008	-13403839130.5349	11243239884549.8	4032758016	-3377767460895.84	2.83329645090753e+15	
253	1	-842.541202031359	710892.763667845	253	-213162.924113934	179855869.207965	64009	-53930219.8008252	45503534909.0333	253	-213162.924113934	179855869.207965	64009	-53930219.8008252	45503534909.0333	16194277	-13644345609.613	11512394332109.3	64009	-53930219.8008252	45503534909.0333	16194277	-13644345609.613	11512394332109.3	4097152081	-3452019439231.59	2.91263576603825e+15	
254	1	-847.688545401342	719587.379947506	254	-215312.890531941	182775194.506667	64516	-54689474.195113	46424899403.4579	254	-215312.890531941	182775194.506667	64516	-54689474.195113	46424899403.4579	16387064	-13891126445.5587	11791924448765.4	64516	-54689474.195113	46424899403.4579	16387064	-13891126445.5587	11791924448765.4	4162314256	-3528346117172.88	2.9951488099859e+15	
255	1	-852.934382403862	728517.147863855	255	-217498.267512985	185771872.705283	65025	-55462058.2158111	47371827539.3078	255	-217498.267512985	185771872.705283	65025	-55462058.2158111	47371827539.3078	16581375	-14142824845.0328	12079816022637.7	65025	-55462058.2158111	47371827539.3078	16581375	-14142824845.0328	12079816022637.7	4228250625	-3606420335591.29	3.08035308578042e+15	
256	1	-858.212782245661	737545.559876286	256	-219702.472254889	188811663.328329	65536	-56243832.8972517	48335785812.0523	256	-219702.472254889	188811663.328329	65536	-56243832.8972517	48335785812.0523	16777216	-14398421221.6964	12373961167885.4	65536	-56243832.8972517	48335785812.0523	16777216	-14398421221.6964	12373961167885.4	4294967296	-3685995832754.28	3.16773405897866e+15	
257	1	-863.49816391047	746644.525644364	257	-221919.028124991	191887643.090602	66049	-57033190.2281226	49315124273.7683	257	-221919.028124991	191887643.090602	66049	-57033190.2281226	49315124273.7683	16974593	-14657529888.6283	12673986938499.5	66049	-57033190.2281226	49315124273.7683	16974593	-14657529888.6283	12673986938499.5	4362470401	-3766985181481.87	3.25721464320211e+15	
258	1	-868.509707396448	755332.492051982	258	-224075.504508283	194875782.949411	66564	-57811480.1631371	50277951999.6556	258	-224075.504508283	194875782.949411	66564	-57811480.1631371	50277951999.6556	17173512	-14915361882.0894	12971711616255.8	66564	-57811480.1631371	50277951999.6556	17173512	-14915361882.0894	12971711616255.8	4430766096	-3848163365581.48	3.34670159698991e+15	
259	1	-873.722862141504	764416.783006353	259	-226294.22129465	197983946.798645	67081	-58610203.3153142	51277842220.3758	259	-226294.22129465	197983946.798645	67081	-58610203.3153142	51277842220.3758	17373979	-15180042658.6643	13280961135181.4	67081	-58610203.3153142	51277842220.3758	17373979	-15180042658.6643	13280961135181.4	4499860560.99828	-3931631048596.4	3.43976893401767e+15	
260	1	-879.091268342077	773841.219358736	260	-228563.72976894	201198717.033271	67600	-59426569.7399244	52311666428.6506	260	-228563.72976894	201198717.033271	67600	-59426569.7399244	52311666428.6506	17576000	-15450908132.3803	13601033271472	67600	-59426569.7399244	52311666428.6506	17576000	-15450908132.3803	13601033271472	4569760000	-4017236114418.83	3.53626865058734e+15	
261	1	-884.193244770258	782837.105348176	261	-230774.436885037	204320484.495874	68121	-60232128.0269947	53327646452.9896	261	-230774.436885037	204320484.495874	68121	-60232128.0269947	53327646452.9896	17779581	-15720585415.043	13918515724311.5	68121	-60232128.0269947	53327646452.9896	17779581	-15720585415.043	13918515724311.5	4640470640.96325	-4103072793324.46	3.63273260405579e+15	
262	1	-889.433918012175	792136.337560781	262	-233031.68651919	207539720.440925	68644	-61054301.8680277	54375406754.1768	262	-233031.68651919	207539720.440925	68644	-61054301.8680277	54375406754.1768	17984728	-15996227089.4233	14246356569977.9	68644	-61054301.8680277	54375406754.1768	17984728	-15996227089.4233	14246356569977.9	4711998736	-4191011497429.22	3.73254542133296e+15	
263	1	-894.916990218688	801909.651738489	263	-235363.168427515	210902238.407223	69169	-61900513.2964364	55467288700.6964	263	-235363.168427515	210902238.407223	69169	-61900513.2964364	55467288700.6964	18191447	-16279834996.9629	14587896928326.7	69169	-61900513.2964364	55467288700.6964	18191447	-16279834996.9629	14587896928326.7	4784350560.93509	-4281596604196.78	3.83661689217699e+15	
264	1	-900.005273132891	811039.230950807	264	-237601.392107083	214114356.971013	69696	-62726767.51627	56526190240.3475	264	-237601.392107083	214114356.971013	69696	-62726767.51627	56526190240.3475	18399744	-16559866624.2953	14922914223051.5	69696	-62726767.51627	56526190240.3475	18399744	-16559866624.2953	14922914223051.5	4857532416	-4371804788813.95	3.93964935501163e+15	
265	1	-905.296182708058	820590.33928366	265	-239903.488417635	217456439.91017	70225	-63574424.4306734	57625956575.8341	265	-239903.488417635	217456439.91017	70225	-63574424.4306734	57625956575.8341	18609625	-16847222474.1287	15270878492718.2	70225	-63574424.4306734	57625956575.8341	18609625	-16847222474.1287	15270878492718.2	4931550624.90551	-4464513955644.92	4.04678280056209e+15	
266	1	-910.82151512906	830641.276472768	266	-242278.52302433	220950579.541756	70756	-64446087.1244718	58772854156.7134	266	-242278.52302433	220950579.541756	70756	-64446087.1244718	58772854156.7134	18821096	-17142659175.1095	15633579206012.9	70756	-64446087.1244718	58772854156.7134	18821096	-17142659175.1095	15633579206012.9	5006411536	-4559947340578.74	4.15853206880094e+15	
267	1	-915.886585369481	839887.046366268	267	-244541.718293652	224249841.379793	71289	-65292638.784405	59874707648.0711	267	-244541.718293652	224249841.379793	71289	-65292638.784405	59874707648.0711	19034163	-17433134555.4349	15986546942144.9	71289	-65292638.784405	59874707648.0711	19034163	-17433134555.4349	15986546942144.9	5082121520.87871	-4654646926299.9	4.26840803355476e+15	
268	1	-921.076586074523	849413.009587703	268	-246848.525067972	227642686.569504	71824	-66155404.7182165	61008240000.6272	268	-246848.525067972	227642686.569504	71824	-66155404.7182165	61008240000.6272	19248832	-17729648464.482	16350208320264.9	71824	-66155404.7182165	61008240000.6272	19248832	-17729648464.482	16350208320264.9	5158686976	-4751545788481.71	4.38185582982101e+15	
269	1	-926.079122515063	858662.467716757	269	-249115.283956552	230980203.815808	72361	-67012011.3843125	62133674826.1504	269	-249115.283956552	230980203.815808	72361	-67012011.3843125	62133674826.1504	19465109	-18026231062.3764	16713958528301	72361	-67012011.3843125	62133674826.1504	19465109	-18026231062.3764	16713958528301	5236114320.85249	-4849056155779.86	4.49605484411762e+15	
270	1	-931.354490991984	868462.255986814	270	-251465.712567836	234484809.11644	72900	-67895742.3933156	63310898460.0067	270	-251465.712567836	234484809.11644	72900	-67895742.3933156	63310898460.0067	19683000	-18331850446.1952	17093942584604.7	72900	-67895742.3933156	63310898460.0067	19683000	-18331850446.1952	17093942584604.7	5314410000	-4949599620469.94	4.61536449784279e+15	
271	1	-936.725683123307	878492.450388644	271	-253852.660126416	238071454.055323	73441	-68794070.8942588	64517364048.7103	271	-253852.660126416	238071454.055323	73441	-68794070.8942588	64517364048.7103	19902511	-18643193212.3438	17484205657240.5	73441	-68794070.8942588	64517364048.7103	19902511	-18643193212.3438	17484205657240.5	5393580480.82537	-5052305360544.77	4.73821973312413e+15	
272	1	-941.985492507189	888382.101791514	272	-256220.053961955	241639931.687292	73984	-69691854.6776519	65726061418.9434	272	-256220.053961955	241639931.687292	73984	-69691854.6776519	65726061418.9434	20123648	-18956184472.3213	17877488705952.6	73984	-69691854.6776519	65726061418.9434	20123648	-18956184472.3213	17877488705952.6	5473632256	-5156082176471.4	4.86267692800192e+15	
273	1	-947.298641042852	898421.412917272	273	-258612.529004699	245269045.726415	74529	-70601220.4182827	66958449483.0662	273	-258612.529004699	245269045.726415	74529	-70601220.4182827	66958449483.0662	20346417	-19274133174.1922	18279656708908.3	74529	-70601220.4182827	66958449483.0662	20346417	-19274133174.1922	18279656708908.3	5554571840.78931	-5261838356554.9	4.99034628155609e+15	
274	1	-952.694824440955	908668.348597931	274	-261038.381896822	248975127.515833	75076	-71524516.6397292	68219184937.8569	274	-261038.381896822	248975127.515833	75076	-71524516.6397292	68219184937.8569	20570824	-19597717559.2858	18692056673412.1	75076	-71524516.6397292	68219184937.8569	20570824	-19597717559.2858	18692056673412.1	5636405776	-5369774611247.29	5.12162352850876e+15	
275	1	-957.941489582413	918694.263560242	275	-263433.909635164	252640922.479066	75625	-72444325.14967	69476253681.5326	275	-263433.909635164	252640922.479066	75625	-72444325.14967	69476253681.5326	20796875	-19922189416.16	19105969762499.2	75625	-72444325.14967	69476253681.5326	20796875	-19922189416.16	19105969762499.2	5719140624.76882	-5478602089448.88	5.25414168468945e+15	
276	1	-963.379400690875	929145.221053009	276	-265892.714590682	256444081.010631	76176	-73386389.2270281	70778566358.934	276	-265892.714590682	256444081.010631	76176	-73386389.2270281	70778566358.934	21024576	-20254643426.6598	19534884314965	76176	-73386389.2270281	70778566358.934	21024576	-20254643426.6598	19534884314965	5802782976	-5590281585758.57	5.39162807097598e+15	
277	1	-969.037635612987	940090.097073452	277	-268423.425064798	260404956.889346	76729	-74353288.7429489	72132173058.1241	277	-268423.425064798	260404956.889346	76729	-74353288.7429489	72132173058.1241	21253933	-20595860981.7965	19980611937165.1	76729	-74353288.7429489	72132173058.1241	21253933	-20595860981.7965	19980611937165.1	5887339440.7516	-5705053491963.94	5.53462950659665e+15	
278	1	-974.561445868344	950837.951742504	278	-270928.0819514	264332950.584416	77284	-75318006.7824891	73484560260.8072	278	-270928.0819514	264332950.584416	77284	-75318006.7824891	73484560260.8072	21484952	-20938405885.532	20428707752971.2	77284	-75318006.7824891	73484560260.8072	21484952	-20938405885.532	20428707752971.2	5972816656	-5820876836182.93	5.67918075535073e+15	
