# lnPI (bias) matrix in single row (vectorized) notation.
# species_total_upper_bound: 278
# species_total_lower_bound: 245
# volume: 729
0
3.40975421538815
6.82318884279651
10.2370686207431
13.6503968995178
17.0635495669359
20.4768932389443
23.8920648758002
27.310055157378
30.7338038797441
34.1531008057685
37.5729258080696
40.9956127578148
44.4188568507506
47.8396349412099
51.2661388479799
54.6894529705726
58.1178834779544
61.5461566706442
64.9800485917488
68.4137780036433
71.8462999238073
75.2819865387915
78.7164455412673
82.1524415967623
85.589306202135
89.0308722807238
92.474376680935
95.9124393366557
99.3563803123375
102.801404274553
106.251506464195
109.697045454311
113.140797328697
