# <P(U)> as a function of N_tot.
# number_of_species: 1
# species_total_upper_bound: 251
# species_total_lower_bound: 216
# volume: 729
# Bin widths for each
10	10	10	10	10	10	10	10	10	10	10	10	10	10	10	10	10	10	10	10	10	10	10	10	10	10	10	10	10	10	10	10	10	10	10	10	
# Bin lower bound for each
-790	-800	-810	-810	-810	-850	-850	-860	-860	-870	-880	-880	-890	-890	-890	-890	-890	-900	-900	-900	-900	-920	-930	-930	-930	-930	-930	-930	-930	-950	-950	-950	-950	-950	-960	-960	
# Bin upper bound for each
-550	-550	-550	-560	-560	-580	-580	-590	-590	-590	-590	-600	-610	-610	-610	-620	-620	-630	-630	-630	-630	-640	-640	-650	-650	-650	-660	-660	-680	-680	-690	-690	-700	-700	-710	-710	
# Normalized histogram for each
5.65099776842098e-07	5.65099776842098e-05	0.000310239777486312	0.000804136982446306	0.00168625773409682	0.00412240287206311	0.0103514977121936	0.0189794411050187	0.0346988215974353	0.0502385003608162	0.0724616141849086	0.0992801193942809	0.120643716457796	0.129184069385211	0.126115012497182	0.112141790315207	0.0873740321959947	0.0604990170089382	0.0373310563579658	0.0194739034097555	0.00977679123914514	0.00350418371619785	0.00073519480967157	0.000154837338854735	7.62884698736832e-05	
1.74719842368885e-05	4.05800924211605e-05	0.000133576137552987	0.000505560318080291	0.00112215227792404	0.00306661503977131	0.00683887279775502	0.0146995748671706	0.0256314008755155	0.0425380818804815	0.0603149804229235	0.0838931413444072	0.113769670777092	0.124911160596279	0.126839842211074	0.122413230462799	0.100605376073188	0.0748212362386989	0.0484965921176552	0.0272078247435986	0.0136292749295625	0.00599063614367382	0.00204084048134753	0.000369729730948351	9.07415955528728e-05	1.18358602895051e-05	
5.62464494428789e-06	1.57490058440061e-05	8.77444611308911e-05	0.00037628874677286	0.00086394546344262	0.00192925321589075	0.00463245757611551	0.0104781510667139	0.0191912885499103	0.0336730618879683	0.0514626889177621	0.0734989228804932	0.0953973530420892	0.123122915365968	0.125600008999432	0.126395333794554	0.113573393179556	0.0875757217825625	0.0602759450809668	0.0380085382110254	0.0193015315908183	0.00950058777539668	0.00356996214613952	0.00121379837897733	0.000191800392600217	5.11842689930198e-05	6.74957393314547e-06	
2.35443033717124e-05	5.15732359570843e-05	0.000218065095514194	0.000655877022497703	0.00134314644949102	0.00317175401136069	0.00690520783173223	0.0141977755117943	0.0252877029785225	0.0408555327150898	0.0624652791597599	0.0854675029752712	0.108882873257091	0.125945766257762	0.125317357589198	0.122022836853113	0.102668858902914	0.074304700283821	0.0485197640412339	0.0287330193719165	0.013909077506165	0.00596567801147056	0.00246094028099566	0.000575714275303539	4.65280280917174e-05	3.92405056195207e-06	
6.39811064915006e-05	7.96957642262552e-05	0.000314293154695091	0.00117635437900163	0.00194412765689963	0.00436025628361814	0.00925537216799418	0.0183350769120249	0.033881363313907	0.0523174630256553	0.0749729483391852	0.0967568313862124	0.119607627445874	0.125229546250483	0.125578074909528	0.112725729833604	0.0879656028591697	0.0611361922037338	0.0382595792063649	0.0207192149854976	0.00954384838498218	0.00402688104453085	0.00145472831601728	0.000273322797029481	2.07657977209256e-05	1.12247555248247e-06	
1.24408423807475e-05	0	0	0	4.29774554971276e-05	8.48239253232781e-05	0.000685942809447576	0.0013351285845884	0.00290267472456258	0.00691314991384717	0.0137601371659422	0.0252023191992169	0.0410400770427439	0.063325584196511	0.08665499112459	0.106668348065364	0.125581255948278	0.127170290816001	0.118836622899406	0.101783055459579	0.076947741110594	0.049532082953275	0.0284346762468693	0.0136142400143861	0.00625548174617402	0.00253171142448211	0.000585850577566108	9.83957533750026e-05	
1.3490163984185e-05	0	0	1.57385246482159e-05	9.1058606893249e-05	0.000222025615573045	0.00106909549574666	0.00195157705637877	0.00449503505756365	0.0098787346675855	0.0185827008882149	0.0316720945840364	0.0517763735516342	0.0770007318413961	0.097188200153563	0.11872580904448	0.127032377517742	0.123768319923736	0.110808769056262	0.0889417753280639	0.0632626860940017	0.0382384319033385	0.0200222138033606	0.00948920618254215	0.00412967644965864	0.00138667643954102	0.000214156353248937	2.30456968063161e-05	
2.2409189560455e-06	1.45659732142957e-05	0	0	4.42581493818985e-05	0.000263307977335346	0.000406166560783246	0.00183419216552324	0.00307173965899936	0.00716813951065053	0.0137469173358611	0.0246971678145774	0.0409583962191215	0.0632617023589033	0.0875134875309667	0.10673328918723	0.124525625468492	0.129081973935872	0.117064485804339	0.100649754451305	0.0771111417370035	0.0497680088650754	0.0284669537283849	0.0144651318612737	0.0059205078818722	0.0025221542850292	0.000646505118819125	6.21855010302625e-05	
3.89735046979776e-05	7.79470093959552e-06	0	7.79470093959552e-06	0.000138077559501406	0.000204889281840797	0.000759426577257735	0.00293581843246337	0.00509884794320113	0.0103953472316563	0.0189645073860359	0.0324265126730702	0.0525329437467568	0.0747695552343644	0.0989982695763914	0.11807747041911	0.127078679711284	0.125474084846433	0.107751718731557	0.0874225819167392	0.0636977393140218	0.0386199593339317	0.0202573142133031	0.00882193117056365	0.00376038643900201	0.00149825287346082	0.000231057206423724	3.00652750527256e-05	
7.74427946670679e-06	6.69327011051087e-05	2.15733499429689e-05	0	1.38290704762621e-05	9.62503305147844e-05	0.000472954210288165	0.00184479800153337	0.00390145736276307	0.00681773174479723	0.0136094648370991	0.0260467776606302	0.0421172638796849	0.0631424294689748	0.0879683767879605	0.108081376888636	0.122372891481624	0.128304456390303	0.116435794944756	0.100219826904291	0.0762407718612712	0.050500999565214	0.0289818595785121	0.0138915778748148	0.00591884216384019	0.00206495680351546	0.000787703854327891	6.41668870098563e-05	7.1911166476563e-06	
1.70018778848348e-05	6.14261394548869e-05	0.000105301953351235	9.87205812667825e-06	1.70018778848348e-05	7.40404359500869e-05	0.000254479720598817	0.00112925376015725	0.00284863721722038	0.00528045420242546	0.00974426981870514	0.0184152275399709	0.0333966241948788	0.0520586531880166	0.0755431825760368	0.0976187498903105	0.114835619263237	0.12661079081767	0.125006581372084	0.10856137787606	0.0890064760701311	0.0646405912704681	0.0398683067445901	0.0201943917934678	0.00904006300566875	0.00396034065181909	0.00131846820758525	0.000338940662349287	3.9488232506713e-05	4.38758138963478e-06	
5.8340130594655e-05	9.92327454974505e-05	1.19951670381534e-05	3.76212057105719e-05	7.08805324981789e-05	0.000207189248840831	0.000672274589001958	0.00203481651756311	0.00362308568038768	0.00717801700260404	0.0140714214054846	0.0249619426063971	0.0414007737973209	0.0640770918480845	0.0881361255174279	0.10615450211333	0.121205165337021	0.125836935518344	0.11769548850863	0.0999878957859888	0.0758367174243977	0.0537230817546967	0.0293521737423613	0.0140512477154659	0.00616278968328397	0.00237395260382362	0.000785683440999045	0.000183744149629895	9.81422757667093e-06	
7.06615058401735e-06	8.09889566937373e-05	0.000170131164061341	0.000112514859299353	6.46824553460049e-05	0.000107622908895033	0.000469627238814691	0.00119417944869893	0.00295908644456849	0.00502620726541603	0.0103986559094489	0.0196640099752304	0.0332299319964539	0.0513970051479625	0.077647211017542	0.0977688901305988	0.112841532876353	0.124201185265228	0.124658310853009	0.108892641799977	0.0865500172033589	0.0644188335742166	0.0408445245758	0.0212555245067691	0.00959039699264631	0.00455060097610717	0.00141757851716286	0.000414185134232401	6.68566555257026e-05	
3.34115450899579e-05	9.80790517156828e-05	0.000178374539109291	0.000139035139245309	6.35897148486295e-05	0.000260825610057091	0.000703798030443307	0.00185272406482702	0.00451325306658705	0.00717755433956692	0.0145625835962247	0.0251540433897414	0.0415445618399199	0.0637998842451631	0.086774093765729	0.109059055444842	0.118482188951988	0.126054215081971	0.119204309442642	0.09921558314463	0.0750310134583859	0.0517663390538928	0.030306426980146	0.0140942830690768	0.00626304801670146	0.00248754342153622	0.000948456763843966	0.000184841289771864	4.68839423036506e-05	
4.37784357154207e-05	9.51235146409141e-05	0.00013836147584133	8.6475922400831e-05	0.000131335307146262	0.000371846466323573	0.00113175363442088	0.00312934744188007	0.00578361778507058	0.0103862987548548	0.0201948302531691	0.0321182385286987	0.0493404589493392	0.0759388312562898	0.0983669022054603	0.116972196909999	0.122017526507573	0.125518179941261	0.110613514240963	0.088244355013928	0.0627836815610634	0.0394784204740394	0.0216784327968583	0.00950316339733633	0.00374332649092597	0.00153602857164476	0.000531286448250106	0.000119444867816148	3.24284709003116e-06	
4.23675411005371e-05	9.00980620872181e-05	3.48593692599356e-05	7.56180163946295e-05	0.000279947550056714	0.000755107567969066	0.00201219005328121	0.00389674118527218	0.0080294534855347	0.0141920536727027	0.0265762468257863	0.0398571302158331	0.0612302139560826	0.087863308368662	0.110051565051605	0.119367597411826	0.123722873377363	0.119200808737367	0.0993679728204179	0.0771378848943627	0.0512834951612514	0.0304413464297302	0.0152201369168765	0.00571747285661805	0.00231895250276864	0.000970163061403438	0.000241870392865092	2.25245155218045e-05	
5.05653202807387e-05	5.80170516905317e-05	4.41781219294875e-05	0.000182035153010659	0.000469459078816963	0.001322150058709	0.00307117787389329	0.00570376812766732	0.0109135929161712	0.0201670465275464	0.0328216832609628	0.0504998514976383	0.0719092081045031	0.0992325781180972	0.117097571906547	0.122495819046413	0.119897826117041	0.111165461437822	0.0908217024225579	0.0646634638415379	0.0395207897983668	0.0222769510495764	0.00992783530396145	0.00358747640728609	0.00140199003809964	0.000629139037598243	6.3871983512512e-05	4.7903987634384e-06	
1.79470003964176e-05	3.69497066985068e-05	4.85624716608946e-05	0.000131963238208953	0.000385860508522978	0.000725269957196404	0.002131470223551	0.00401168244155216	0.00799855579432104	0.0148442807396487	0.0263541143762335	0.0398386459093771	0.0612235525876144	0.0846565287228545	0.109930128104633	0.12160042903888	0.122941175539083	0.117513791478025	0.100857391551291	0.077376380797343	0.0509832053025996	0.0303388763171911	0.0159348249402075	0.0064134133769551	0.0022877146975904	0.000972305139123563	0.000409613891400589	3.53661478399993e-05	
1.15558599765941e-05	4.72739726315214e-06	5.56782344326808e-05	0.000154953576958876	0.000605106849683475	0.000951782648981298	0.0032939453596919	0.0057085948284375	0.010608804724876	0.0202001685054491	0.0334137691223219	0.0503026584781142	0.0726438126774087	0.0967840041685138	0.117486852582945	0.123916638127194	0.12301317998357	0.108330934616944	0.0902722770717031	0.0637342446354546	0.0397820985021504	0.0221588867714818	0.0106140573885017	0.00374777549695451	0.00141296651531992	0.000564136073402823	0.000204328615040687	2.20611872280433e-05	
1.57775574763271e-06	0	6.8895334313295e-05	0.00020984151443515	0.00086408423112018	0.00160089616526466	0.00447451530028636	0.00777728399866417	0.0148792885373415	0.0262654258494243	0.0409453912439815	0.0596565225737404	0.0845535082713845	0.109054477276373	0.12161762037619	0.125666667543198	0.117211474491634	0.0987648802088949	0.0775309174386713	0.0519150010386892	0.030696815825942	0.0160794347427075	0.0066886325327976	0.00209525963285624	0.00103185225895179	0.000270848070010282	6.31102299053084e-05	1.57775574763271e-05	
4.15603630505514e-06	1.09095953007698e-05	0.000238452583002539	0.000432747280263867	0.000843155865388062	0.00259024962712562	0.00572805703744225	0.0108997247145452	0.0198778021425406	0.0339485825578429	0.0498272387658442	0.0713596628623349	0.0958605358897113	0.115564304011978	0.125662433224185	0.124871747317149	0.109621691600287	0.0891142499575305	0.0639567231939555	0.0401608178248241	0.0225818232635171	0.0109428435912102	0.00421006477702086	0.000936666682251803	0.000544440755962224	0.000151695325134513	5.03919401987936e-05	8.83157714824218e-06	
1.29361754973313e-05	1.29361754973313e-05	8.27915231829201e-06	9.98672748393974e-05	0.00039946909935759	0.000594546625857345	0.00129154776165355	0.00373441514256959	0.00800490539774859	0.0147508621960969	0.0261786796304393	0.040838471151035	0.0599762491817869	0.0826430158882107	0.108553657962345	0.122065234545798	0.127263507307646	0.115809300075289	0.102161117478584	0.0766789215369211	0.0516267240687894	0.0310649318392913	0.0153598973385113	0.00737362003347882	0.00243096609945849	0.000658710056324108	0.000279421390742355	7.24425827850551e-05	5.53668311285778e-05	
9.27637091878331e-06	5.72042873324971e-05	4.12283151945925e-05	2.98905285160796e-05	0.000138630209841817	0.000634400700056792	0.00108275862779799	0.00225518884114421	0.00555706153429114	0.0112393540759858	0.0201183871070813	0.0330135733920699	0.0490611797276251	0.0702700557716034	0.0935619924407884	0.115306836582296	0.127497534031397	0.122056942487531	0.111909108056322	0.0909362641168328	0.0653922307301431	0.0405465019320619	0.0223864597967238	0.0108868519810721	0.0039486418877621	0.00140124736267621	0.000490616950815651	0.000121108175884115	3.5559421855336e-05	1.3914556378175e-05	
3.18118870760104e-05	0.000129299928115397	4.05345012742713e-05	0.000110828509813198	0.000202672506371357	0.000661892489162152	0.00151568249068604	0.00373379197180851	0.00781033137211339	0.0155062425697437	0.0255762441141595	0.0390937306466997	0.0613692349292468	0.0817601414500166	0.103967917198789	0.121290515901582	0.128480515475713	0.117445382325008	0.102328578824469	0.0779847887870281	0.0528272301543851	0.0311971993225094	0.0161270874626788	0.00706377821573283	0.00244541054523009	0.000951791137516118	0.00025141652689105	5.54142549065988e-05	4.05345012742713e-05	
2.83366538739555e-05	5.20364007503546e-05	3.96713154235377e-05	0.000147865812033186	0.000528607397721424	0.000858343006436542	0.00269352775369162	0.00583786590992344	0.0113320854901391	0.0205105852858576	0.0318163949696772	0.0481006971332065	0.0713547857259516	0.0923594592129932	0.113380619480471	0.126089351136995	0.124833779764435	0.112061161833722	0.0897550631160324	0.0659059047919343	0.0417043415360218	0.0225848283494311	0.0112805643012774	0.00437363372247287	0.00162188702536749	0.000577037315251457	0.000110255344164118	3.65800440918334e-05	2.47301706536339e-05	
1.12954320246035e-05	6.41785910488835e-05	7.59874518018781e-05	0.000261848651479445	0.000766549091487865	0.00157006505141989	0.0038455811756491	0.00738875283027587	0.0160600506240726	0.026870805929075	0.0422690469222515	0.0589601014535167	0.0831949642910319	0.102687285964399	0.120386201089496	0.127188618311949	0.119702314023279	0.0993155995050547	0.0779939312724304	0.0524159388814442	0.031859792882851	0.0159799557424436	0.00734511138836262	0.0025409587768074	0.000877963125548727	0.000226935497948852	0.000119628893715119	1.69431480369053e-05	3.59400109873748e-06	
7.66200775456892e-05	4.47378976273487e-05	0.000198492281427088	0.000604732961031749	0.00110919132393323	0.00261125338105376	0.00527187271811011	0.0109052482181975	0.0201757633725176	0.0336701531373094	0.0514922917116617	0.0725602418931844	0.0950690609155328	0.111135622679543	0.123556302901278	0.125539168800716	0.111475527855769	0.0863950510629107	0.0655009101848138	0.041721432024107	0.0231516049077988	0.0114318184155585	0.0043853424248969	0.00129174251540115	0.000486974586817233	9.82176832968231e-05	3.65102382935835e-05	4.11382966688264e-06	
5.70654112276197e-05	0.000113621309854993	0.00027157021593144	0.000783630379179277	0.00173183332823821	0.00416781307001722	0.00756728113886256	0.0152018179409577	0.0248835763708437	0.0424138668949283	0.0617840074185035	0.0848394525796623	0.104913230004178	0.118024517746324	0.125829231756901	0.120275544414213	0.100315897812153	0.0748356821864205	0.052402861422763	0.0320009578836885	0.0167028420612842	0.00699000336278316	0.00283238054477087	0.000817258210795553	0.000220109443306533	1.9361478809371e-05	3.56658820172623e-06	1.01902520049321e-06	
0.000107065294607157	0.000157807140392539	0.000384115772595344	0.00120511883740283	0.00283697659786072	0.00607278410359455	0.0110541111043455	0.0191920883314051	0.0328365706630944	0.0535422882542775	0.0731839493393412	0.0951952546225821	0.113537417037082	0.120566177515273	0.124719905011265	0.112571292293328	0.0881619273782703	0.062798615762447	0.0409958594653839	0.0230910917615539	0.0113763218250827	0.00405224380442063	0.00164200612961497	0.000612961497087418	9.79317623657878e-05	8.11869532566117e-06	
7.57084799554229e-06	9.58974079435356e-06	8.83265599479933e-05	0.000145865004714115	0.000602134777245463	0.00166861489821752	0.00414932942475687	0.00855051572616546	0.0149569672999933	0.0250241762412658	0.0423578850886597	0.0614697337686066	0.0842872601807717	0.105979253857599	0.118284405466354	0.12527179344304	0.119841476537437	0.0996914122357017	0.0757397727938044	0.0525462275978608	0.0319721958083748	0.016399466204744	0.00703533668065759	0.00262506536165436	0.000930204857052295	0.000293748902227041	7.11659711580975e-05	5.04723199702819e-07	
2.6146801215424e-05	5.68190103335175e-05	0.000169954207900256	0.000172971146502036	0.00113135197566738	0.00262021117564566	0.00620735117316172	0.0111903280971012	0.0210129773613956	0.0333049908712466	0.0508972626813243	0.0731919361253759	0.097241965012563	0.113422812380108	0.123171546648659	0.124182723903355	0.111768524380132	0.0871332094041999	0.0626532667662592	0.0402575258790479	0.0225098817309786	0.0111742377578917	0.0041442679926447	0.00165981905407913	0.000591822789049116	9.60392121566535e-05	1.00564620059323e-05	
1.65499228422537e-05	0.000113341895828767	0.000115347947082374	0.000339524174672901	0.00226282581406814	0.00420418191474583	0.0084198986241999	0.0154215190121	0.0273189074844268	0.0427524628040484	0.0629097673131	0.0841829378319701	0.1061918276481	0.118867062494013	0.124551208721107	0.118882609391229	0.0997930256619091	0.0737339183647473	0.0493262927621169	0.031719682422026	0.0168237488383709	0.00809291226986204	0.00276383711465636	0.000914257858831164	0.000240224637619379	2.45741278566797e-05	1.75529484690569e-05	
3.79259874355196e-05	7.38558702691697e-05	6.58714518616919e-05	0.000830379514377692	0.00317630144772477	0.00634362042474112	0.0122750452491962	0.0211911454795966	0.0338624174922638	0.0522445447708796	0.0740220459772754	0.0945444964152456	0.113227536462593	0.122369695539155	0.123529931338992	0.110879618424644	0.0870920398841661	0.0620908297457512	0.0395842513335226	0.0237890756189297	0.0114426696302166	0.00491690466055493	0.0017690477034068	0.000500024202768298	0.000111282831554222	2.94425428775744e-05	
3.70621161065947e-05	6.16032470420425e-05	0.000172288755954981	0.00169033299810482	0.00440588426202315	0.00941778420632981	0.0171958201946462	0.0281682099198256	0.0412035571618032	0.0618691927670776	0.0858629062308429	0.105238379524082	0.118184076512235	0.122889963578958	0.118862213069104	0.100412791839122	0.0748950240603251	0.0509453844643623	0.0300102972582048	0.0169348828636795	0.00731475953698398	0.00289284841394177	0.0010382400903915	0.000178298828837131	0.000114692224167705	3.50587584792112e-06	
4.51497391097575e-05	2.55848521621959e-05	0.000128927588346752	0.000474072260652454	0.00277470230017854	0.00631795349275873	0.0129865699592699	0.0218118389639239	0.0346318565522556	0.0510593382954569	0.0740245022617511	0.0966475315383469	0.112714818696206	0.120460507272369	0.120567863318696	0.112619502580308	0.0885993397101487	0.0618721991484759	0.0394227455355687	0.0231191747430353	0.0118733780583305	0.00508787393390179	0.00196551864257811	0.000611528133053271	9.33094608268322e-05	6.42129622894329e-05	
7.98727260762348e-05	7.73610051304412e-05	0.000207970494311706	0.000797220228194871	0.0043261881570348	0.00951490128685511	0.0188419258469649	0.0280885753368092	0.0421733017124411	0.0620641222263694	0.0871069847443093	0.104601121131761	0.118330690165658	0.121299544323586	0.116754836444267	0.102538495891076	0.0737431222801202	0.0504770511592346	0.0297473158494113	0.017180673613417	0.0072131602121299	0.00334109120209457	0.00113730724425532	0.000210482215257499	0.00012056260539809	2.61218978362529e-05	
