# <P(U)> as a function of N_tot.
# number_of_species: 1
# species_total_upper_bound: 251
# species_total_lower_bound: 216
# volume: 729
# Bin widths for each
10	10	10	10	10	10	10	10	10	10	10	10	10	10	10	10	10	10	10	10	10	10	10	10	10	10	10	10	10	10	10	10	10	10	10	10	
# Bin lower bound for each
-790	-800	-800	-810	-810	-850	-850	-860	-860	-870	-880	-880	-890	-890	-890	-890	-890	-900	-900	-900	-900	-920	-930	-930	-930	-930	-930	-930	-930	-950	-950	-950	-950	-950	-960	-960	
# Bin upper bound for each
-550	-550	-550	-560	-560	-580	-580	-590	-590	-590	-590	-600	-610	-610	-610	-620	-620	-630	-630	-630	-630	-640	-640	-650	-650	-650	-660	-660	-680	-680	-690	-690	-700	-700	-710	-710	
# Normalized histogram for each
6.21811660709711e-07	6.21811660709711e-05	0.000341374601729631	0.000813329652208302	0.00150602784223892	0.00368112503140149	0.01000557143248	0.0180592760619921	0.0333129379108621	0.0494110199949758	0.0707435126389438	0.0988127128150409	0.120507721657203	0.127694620831686	0.125961009921627	0.113256154070006	0.0887685890595969	0.0625785037221646	0.0386207222466801	0.0203941788479571	0.0105527656939045	0.00385274504975737	0.000808976970583334	0.000170376395034461	8.3944574195811e-05	
2.48697137868989e-06	4.4765484816418e-05	0.000144866082808686	0.000525994446592911	0.00111416317765307	0.00284509525722123	0.00623545898922022	0.0141309713737159	0.024347449797374	0.0411991678593767	0.058905782332804	0.0821260123527868	0.113925671886405	0.124425043304389	0.125329057400543	0.123330154154921	0.102097636009356	0.0766242099202801	0.0504239664457822	0.0284565482578144	0.0145394564226658	0.00645369072770026	0.00225133084055902	0.000407863306105142	0.000100100597992268	1.30565997381219e-05	
1.05829328419532e-05	9.71139719614532e-05	0.000379740531387734	0.000904529495256356	0.0018239996015837	0.00422134515301676	0.00975559650389701	0.0185867426977763	0.0324341990587415	0.0504949077417266	0.0713364376603003	0.0942671630269678	0.122869095346	0.125141935805174	0.125631863343211	0.114962399462138	0.089729574939615	0.0618254936626908	0.0395845265071341	0.0202750317487985	0.0101832714958042	0.00386463806369681	0.00134340994546677	0.000212281182300356	5.66498169775144e-05	7.4703055354964e-06	
6.20578764167037e-07	1.11704177550067e-05	0.000241405139260978	0.000719871366433764	0.00132803855531746	0.00301166874250263	0.00628335998719125	0.0134293244565747	0.0242615267851103	0.0394446068292211	0.0610680532878573	0.0837601363783892	0.108222110104326	0.125659752798655	0.124636418416544	0.122667321997842	0.104540836875287	0.076633409850695	0.0499652786181449	0.0298802469158787	0.0145463662320754	0.00634355612731546	0.00265235363804992	0.00063671381203538	5.15080374258641e-05	4.34405134916926e-06	
2.05267410564056e-05	1.80386512313868e-05	0.000348332575502641	0.00125897345145954	0.00194257613088348	0.00409104169478727	0.00860568068228399	0.0173674890010879	0.0330878625380133	0.0512390998339822	0.0734446794998193	0.0946419607640675	0.118757149370607	0.124664496637658	0.125922226044205	0.113889823650413	0.0901036849232331	0.0631159966137097	0.0395108664212995	0.0217614556320712	0.0100655673871138	0.00422353247796952	0.00159175546555582	0.000302924936196047	2.30148308814245e-05	1.24404491250943e-06	
1.38109754566411e-05	0	0	0	8.16103095165154e-06	7.59603650115259e-05	0.000761486964950255	0.00140055846562574	0.0028607552343597	0.00670146195452925	0.0127726412109463	0.0239607868740489	0.0404090308712968	0.062421214662736	0.0840102803879126	0.105018029600687	0.125061521617943	0.127270649919394	0.119886172451373	0.103139109166972	0.0788474866535755	0.0512996127904699	0.0297745797696831	0.0141694330469021	0.00667384000361596	0.00271009004755998	0.000644093673568806	0.000109232260429798	
1.49686593694452e-05	0	0	0	6.1122025758568e-05	0.000244488103034272	0.00116693173667633	0.002050706333614	0.00436398790033368	0.00935541210590327	0.0178463841332211	0.0305485389964761	0.0512776374465962	0.0758511865781021	0.0943686656063866	0.117452833130633	0.126745252128356	0.123747154395484	0.112342907038388	0.0905541522437397	0.0653107556054511	0.0396519786696604	0.0210646458976518	0.00979199800417875	0.00442760470265382	0.00149748963108492	0.000237627467489943	2.55714597561356e-05	
2.48851085643967e-06	1.61753205668579e-05	0	0	6.22127714109919e-06	0.000233920020505329	0.000451042592729691	0.00192113038117143	0.00311312708140603	0.00694107890632436	0.0130939219988715	0.0238436667709767	0.0397900443390422	0.0629456378582134	0.0857839462431885	0.104962899413769	0.124479667933111	0.128750574690476	0.116950056209239	0.101609631034717	0.0788920154262788	0.0513491772672045	0.0298515541061362	0.015242128995693	0.00625113927137646	0.0027473159855094	0.000702382189230098	6.9056176266201e-05	
4.33109085948023e-05	8.66218171896046e-06	0	0	8.66218171896046e-05	0.000215317088442732	0.000829713263223284	0.00306084378312124	0.00485948394433682	0.0100394686122752	0.0180884916109864	0.0307730192838727	0.0518468699515722	0.0741191953328165	0.096819061254618	0.116993282478077	0.127356964177547	0.12476387820725	0.108443090394197	0.0888244862552832	0.0654898061589349	0.0405878898987205	0.0213361910283309	0.00938485516522802	0.00410463668025598	0.00164457707207121	0.000246872178990373	3.34112723445618e-05	
8.63547205191152e-06	7.46351513058067e-05	2.40559578588964e-05	0	1.54204858069849e-05	5.48969294728661e-05	0.000494072365255795	0.00188314972674899	0.00399143854627996	0.00645131444221019	0.0128107227890107	0.0248350008018653	0.0408550350970257	0.0622099406619706	0.0864497107116863	0.106425408026054	0.121795314639592	0.128265750484203	0.116816965001665	0.101322460862807	0.0781164801815916	0.0520422891402771	0.0306343371041561	0.0147574049172845	0.0064149220957057	0.00229271782978251	0.000878350871565858	7.15510541444098e-05	8.01865261963213e-06	
1.89706175731562e-05	6.85390054255966e-05	0.000117495437872451	1.10151973005423e-05	1.89706175731562e-05	8.01661581317246e-05	0.000205005060871204	0.00110335559627099	0.00295146092113975	0.00533992286914068	0.00915730068918418	0.0180196388728761	0.0317298877796177	0.0507739400014442	0.0750110457950708	0.0961222833769658	0.113470607169914	0.126862027310346	0.125158343461195	0.109317265832204	0.0901238964914149	0.065828042978852	0.0412806757945935	0.02130461549006	0.00966216389879237	0.00436997355128737	0.0014662451517833	0.000378188440651953	4.40607892021693e-05	4.89564324468547e-06	
6.52196439129348e-05	0.000110934347590226	1.34096464120053e-05	4.20575273831075e-05	7.9238819707304e-05	0.000124953523384595	0.000615624676187516	0.00210165731039065	0.00372971029068456	0.00685537696344652	0.0134718184090064	0.024412870822438	0.039966232072217	0.0632459877728406	0.0872919219070955	0.103869902048628	0.120455806072132	0.126651672243861	0.11729661528334	0.100886255721957	0.0774626510870957	0.055191056984902	0.0307038235778156	0.0149895465710925	0.00666886097244318	0.00260390952145848	0.000876503251839255	0.000205411401856626	1.09715288825498e-05	
7.91439787260985e-06	9.0711175616836e-05	0.000190554348778991	0.000126021566125403	7.24471805261979e-05	0.00011506316907102	0.000421289486757386	0.00118594208121877	0.00302756158619145	0.00497450346285347	0.00996544452128851	0.0189744644996639	0.031998519398798	0.0499276745794411	0.0769413409181676	0.0965976612345487	0.111297742083167	0.124411290558245	0.125177769552216	0.109026918693564	0.0872878941370141	0.0658611838965138	0.0423639454125715	0.0225554251371017	0.0102844556355383	0.00502077225041642	0.00155670118155872	0.000463905475302208	7.48823798716163e-05	
3.7480715567313e-05	0.000110024036020177	0.000200098658915816	0.000155968138973657	7.13342651119827e-05	0.000221861655051675	0.000620245389871985	0.00174103969086873	0.00443300140734042	0.00719448380591276	0.0140504321163788	0.0248176744545951	0.0405335803030376	0.0621950157902628	0.0855962819130157	0.10834103098567	0.117240282822225	0.127010054504215	0.11924973279877	0.0995657073215555	0.0760501854690893	0.0531470501467793	0.0316446054368801	0.0148834712462459	0.00683055814830756	0.00274757826215222	0.00105127361889608	0.000207352990961102	5.25939073283262e-05	
4.91794022091873e-05	0.000106858948010086	0.00015543119710558	9.71444981909873e-05	0.000136609450581076	0.000371577705580526	0.000901622373835101	0.00305094439631069	0.00577584757056789	0.0102942810426762	0.0195472944953677	0.0315762119838667	0.0483822101709075	0.0742900406853302	0.0977899019508437	0.115923743997533	0.122172563843668	0.126571995305492	0.110822443536278	0.0885951751970667	0.0634517504527844	0.0405438634731222	0.022910315592117	0.0100028475481032	0.00406792586174759	0.00167756405313561	0.000596831510760878	0.000134180838126301	3.64291868216202e-06	
4.75897594066581e-05	0.000101203538991374	3.91561311573769e-05	8.49386845106176e-05	0.000279514536261891	0.000630714912642671	0.0018385309583433	0.00372163966600423	0.00831615985580905	0.013586575109592	0.025932202062504	0.0393187797021845	0.0594359950868091	0.0868693829776852	0.109413676092049	0.118658137457297	0.124594206940756	0.120243659568162	0.0996366913430613	0.0772996245228223	0.0524746373690453	0.0314249036608573	0.0160702786290053	0.00605715228903731	0.0025758710281376	0.00105179392308892	0.000271683310030415	2.53008847478436e-05	
5.68069699162247e-05	6.5178523377563e-05	3.64760543672601e-05	0.000165637164913624	0.000365358511776982	0.0011678317078567	0.00296711773394007	0.00558621803113022	0.0110659977396806	0.0197478966471928	0.0323542602237597	0.0493610710804686	0.0705644220937255	0.0987622060239307	0.116120024157911	0.121818062224561	0.120985092655158	0.112081945549024	0.0915357614824825	0.06512351031196	0.0405392476365311	0.0229811101875826	0.0103627872489281	0.00386347192240766	0.00155651097570456	0.000688859256247272	7.17561725257575e-05	5.38171293943181e-06	
2.02002798332883e-05	4.15888114214759e-05	5.46595807253683e-05	8.08011193331531e-05	0.000349346015940397	0.000584619863410461	0.00186317875168212	0.0038826126091335	0.00794405710737934	0.0144818182628353	0.0260833142717948	0.0391321009182215	0.0601582157211648	0.0837919490002347	0.109707125648711	0.120943828368917	0.122571733273129	0.118738433111823	0.101105965320873	0.0786355305098491	0.0515523023863066	0.031249832902097	0.0163063788324832	0.00660608563136272	0.00252978798618063	0.00108368560046817	0.000461041680900932	3.98064337891269e-05	
1.29844528882735e-05	5.31182163611189e-06	4.13141682808702e-05	0.000138107362538909	0.000465669696765809	0.000749557053095789	0.00302183630854365	0.0056446957919749	0.0105758368774988	0.0199299547786918	0.033136913973278	0.0489206968637825	0.0718229109490809	0.0963900860160984	0.116742625716063	0.123214195076059	0.123485688181905	0.109386933154856	0.091149678870872	0.0646065061552209	0.0405941213479751	0.0226560996828252	0.0109860275482874	0.00386995716310952	0.00156403637063294	0.000633877381909352	0.000229588735160836	2.47885009685221e-05	
1.7714237464077e-06	0	6.31807802885413e-05	0.000169466205073003	0.000557998480118426	0.00143249133626169	0.00404829373512373	0.00757874126171428	0.0149679401825629	0.0261680620565167	0.0400554337537709	0.0587055734305333	0.0839536760880823	0.108741799046147	0.121460031070773	0.125183563785721	0.11845982971894	0.0996437666845974	0.0782479202009031	0.052060962957758	0.0313099147177561	0.0164376314174992	0.00700361901871391	0.00221014636093467	0.00114552068934365	0.000304094409799989	7.0856949856308e-05	1.7714237464077e-05	
4.66593100487823e-06	1.22480688878054e-05	0.00021055013659513	0.000406519238800016	0.00063340013391222	0.00237262591598058	0.00543522637930753	0.0107485553111126	0.0198004614605764	0.0336816062000891	0.0490692634128019	0.0706171160347052	0.0951138370516915	0.115050776994161	0.126206434785449	0.124668427277966	0.110680549366717	0.089978979980823	0.0643875149018171	0.0403678853300796	0.0230543650951033	0.0113387955832297	0.00433873259316114	0.000995593028165892	0.000589073789365877	0.000170306481678055	5.65744134341485e-05	9.91510338536624e-06	
1.4508321683151e-05	1.4508321683151e-05	9.28532587721665e-06	8.06662685583197e-05	0.000357485046272841	0.000488640274288526	0.00105562548566607	0.00347039054660972	0.00781650339001445	0.014618584927943	0.0258648555638543	0.0406650846792703	0.0591127058658305	0.0820161228077201	0.107409748083306	0.121713212264291	0.128517615133688	0.116104295101584	0.103041002258075	0.0773299349040623	0.0515782442493365	0.031355384821626	0.0158953172360603	0.00777355875783232	0.00252096597566432	0.000720193088351617	0.00031221908262141	8.12466014256457e-05	6.20956168038864e-05	
1.04020568333712e-05	6.41460171391223e-05	4.62313637038719e-05	1.1557840925968e-05	0.000116734193352277	0.000583670966761383	0.000834476114854888	0.00197003398583124	0.00528193330316737	0.0109088681579749	0.020049964546323	0.03237293454159	0.0484267755877596	0.0696284789823552	0.0932001176588206	0.114356167581759	0.126957103651295	0.122649496338187	0.113076714591254	0.0922205906403448	0.0658785374939249	0.0407922437641114	0.02279032862987	0.0113087694540134	0.00419376257998748	0.00153834862724634	0.000540329063289003	0.000135804630880124	3.98745511945895e-05	1.56030852500568e-05	
3.57417714659603e-05	0.000145273006603581	4.55419346098526e-05	6.22598599729631e-05	0.000169485174370844	0.000616257317695348	0.00121810263076732	0.00329343129653276	0.00751672513136542	0.0151545111015672	0.0252959505149409	0.0384356633701608	0.0605828791149876	0.0812531526260114	0.102449752545881	0.120036433547688	0.129019724269528	0.118409029985617	0.103686302542566	0.0795634892039673	0.0533059697405551	0.0314158641582092	0.0167213842442201	0.00750923088896127	0.00260626691609043	0.00106764130249933	0.00027613400858379	6.22598599729631e-05	4.55419346098526e-05	
3.18683731890797e-05	5.85219216744918e-05	3.3027223123228e-05	0.000154127041241731	0.000444418949745893	0.000789176805155028	0.00232928836763819	0.00548483673832415	0.0110415221725655	0.020231781575329	0.0307871662005193	0.0473645145085115	0.0707501061796252	0.0911105200976447	0.112714959419972	0.125729423605425	0.125769983353121	0.112955420781308	0.0913909617817086	0.0670753930384408	0.041822894123414	0.0228652680506811	0.0117999894544656	0.00464293226116537	0.00177999349885187	0.000648955963123077	0.000123996942953874	4.11391726622665e-05	2.78123984195605e-05	
1.27200496313209e-05	7.22730092688689e-05	4.6832910006227e-05	0.000259026465219626	0.000722730092688689	0.00136682715129285	0.00355005021528684	0.00721400269318142	0.0157676578861706	0.025992265053456	0.0412430263773356	0.0580988266910583	0.0835331441129587	0.100702898378945	0.1201929053345	0.126989459126144	0.120384862447118	0.100863633551559	0.0793638587542562	0.0533554045467239	0.0321759437265004	0.0162550670606798	0.00775229206621595	0.00268682139257947	0.000984069294204919	0.00025555736077472	0.000134716889277172	1.90800744469814e-05	4.04728851905666e-06	
8.63660971914209e-05	4.86896118394588e-05	0.000162878344367713	0.000542541389068255	0.000966256939718783	0.00240491904192755	0.00517211198147012	0.0108595223549079	0.0198369593569262	0.0327547770885235	0.0504256283568299	0.0721887255725956	0.0943210523448106	0.109327306641379	0.123988676187418	0.125700927537106	0.113177263806113	0.0877195524729106	0.0667708469789835	0.0419379856643871	0.0231130746678383	0.011675652991455	0.00471593668959329	0.00140098561685681	0.000544859942012991	0.00011071090311115	4.11543147690663e-05	4.63710588947226e-06	
6.44616930633463e-05	0.000126621182803002	0.000268782238040917	0.000725194046962646	0.00151830309197417	0.00396266747090303	0.00750230508107785	0.0151358357516061	0.0243222025639638	0.0411841152575072	0.0605957181320383	0.0845138840126943	0.103371806987878	0.116679117749642	0.125688214906076	0.121918932514363	0.10213207049807	0.0763491199252244	0.0533518353740447	0.0320483969182706	0.0170443623069459	0.00734863300922148	0.00302682181982266	0.00084605972145642	0.000247486857296776	2.18709315750639e-05	4.02885581645914e-06	1.15110166184547e-06	
0.000120965915703382	0.000175429242678839	0.000358311361680635	0.00115290263734361	0.00256550934963335	0.00569743729981144	0.0109276365839913	0.0192169549496558	0.0317905306046633	0.0523598959578465	0.0719202565165371	0.0947690554281878	0.112088393406383	0.119920793123632	0.124882115562007	0.114852263925843	0.0899493376399493	0.0642460870966059	0.0414465918283224	0.0232936782983134	0.0114848824136771	0.00431349549645616	0.00169409611802604	0.000653559923705478	0.00011064654848698	9.17277085902426e-06	
8.55131587648707e-06	1.08316667768836e-05	9.97653518923492e-05	0.000157344212127362	0.000507378075338233	0.0016521142273373	0.00381445696863833	0.00820812306597739	0.0149431394502986	0.0245610894604462	0.0413638550700182	0.0600997881554014	0.0825390111030285	0.105187456245767	0.117428949966821	0.124881706797042	0.121701187378714	0.102006936827439	0.0766346125341768	0.0535312373868091	0.0327338670874674	0.0166836172750263	0.00719564726620132	0.0027119073082966	0.000953756764090858	0.000302716582027642	8.03823692389785e-05	5.70087725099138e-07	
2.95141628250957e-05	6.41365461391502e-05	0.000191842058363122	0.000156652094994739	0.00103867149942164	0.00259043536795647	0.00598059103246217	0.0111183256842461	0.0208216742930507	0.0323435493959245	0.0497290940400689	0.0712449187395636	0.095915920961072	0.112207738840525	0.122699456144792	0.124885206934012	0.114197106930947	0.0894103183783557	0.0630280622930461	0.0410524977495451	0.0230465881060194	0.0114861175594512	0.00424322848616183	0.00177936347032067	0.00061922983927268	0.000108407790376794	1.13516010865753e-05	
1.86663725298874e-05	0.000127836369447108	0.000130098960056791	0.000279995587948311	0.00231067066013909	0.00409246076526471	0.00810177132562356	0.0151508723700919	0.0266527517344171	0.0418794208899335	0.0612828323109252	0.0827604736733441	0.105541932874593	0.117402998498205	0.124674399070075	0.120277619867808	0.102163319446683	0.0748923148281704	0.0498720222186398	0.0325309621383744	0.0173930996642881	0.00825336489647234	0.00287462136960266	0.00101703447905265	0.000270945225509578	2.77167349686207e-05	1.97976678347291e-05	
4.27953711175167e-05	8.33383542814798e-05	7.43288024672658e-05	0.000717948660195181	0.00338533909419092	0.00628472548740268	0.0117445138868164	0.0206617177949347	0.0332801582077299	0.0510222181178708	0.0721653838378776	0.0933519080259903	0.112126687812836	0.122224143008616	0.123404394296278	0.112880674680288	0.0893268907529902	0.0629953493819729	0.0404951199199501	0.0244265842592994	0.0117597175055029	0.00494680704299189	0.0018796177472404	0.000560844600434824	0.000125570628410608	3.32227223149142e-05	
4.1752263508691e-05	6.93990325887701e-05	0.000178293449577653	0.00170789326541632	0.00440035004194974	0.00930229146578092	0.0166738228541734	0.0277054479369022	0.0398863887056742	0.0597243560700738	0.0843339300897843	0.10425765886031	0.117491433733234	0.122858292253432	0.119854950379692	0.102473031705202	0.0772473296888497	0.0516509352789136	0.0309119089304142	0.0172182949391179	0.0074764762669414	0.00306089229100876	0.00114085238938612	0.000200862240663432	0.000129206328966084	3.94953844001131e-06	
5.09056396095651e-05	2.88465291120869e-05	0.000145363881996202	0.000427041754502462	0.00285128143635353	0.00622689096068557	0.0127824061059618	0.0209810421741912	0.0339450117280937	0.0494853722644582	0.0725620299359098	0.0947557575692444	0.111173391961547	0.120600550799021	0.120853947760633	0.114247526975747	0.0908326296100006	0.0637157610082032	0.0402946418420602	0.023772368079449	0.0120521929866735	0.00520651569562274	0.00215670226479191	0.000674216915717795	0.000105204988526434	7.23991318891592e-05	
9.0293453724605e-05	8.74540369408124e-05	0.000228856992773684	0.000693953461958914	0.00439030623110013	0.00938200093700754	0.0187906923917827	0.0275667617871289	0.0413742777233556	0.0595385947726337	0.0855680963130173	0.102944759146471	0.116512628306146	0.122111390320428	0.117456450445079	0.104290074818632	0.0758334398114627	0.0522231213708704	0.0306957990828684	0.017727046864574	0.007497196075926	0.00334369720459418	0.00125104703493902	0.000236239476411545	0.000136292005622045	2.95299345514431e-05	
