# <P(U)> as a function of N_tot.
# number_of_species: 1
# species_total_upper_bound: 251
# species_total_lower_bound: 216
# volume: 729
# Bin widths for each
10	10	10	10	10	10	10	10	10	10	10	10	10	10	10	10	10	10	10	10	10	10	10	10	10	10	10	10	10	10	10	10	10	10	10	10	
# Bin lower bound for each
-780	-800	-800	-810	-810	-850	-850	-860	-860	-870	-880	-880	-890	-890	-890	-890	-890	-900	-900	-900	-900	-920	-930	-930	-930	-930	-930	-930	-930	-950	-950	-950	-950	-950	-960	-960	
# Bin upper bound for each
-550	-550	-550	-560	-560	-580	-580	-590	-590	-600	-600	-600	-610	-610	-610	-620	-620	-630	-630	-630	-630	-640	-640	-650	-650	-650	-660	-660	-680	-690	-690	-690	-700	-700	-710	-710	
# Normalized histogram for each
8.97416338361856e-05	0.000430759842413691	0.000667677755741221	0.00122676813454066	0.00363363875402716	0.0101793935260385	0.0184876739865926	0.0339609264926277	0.0506178711489621	0.0700953953567679	0.0948963932837361	0.116761942367923	0.12727068769014	0.123767174305175	0.116433487988082	0.0896841991905305	0.0641715501072413	0.0411133347093717	0.0204449390205598	0.0107052795003186	0.00432554675090415	0.000809469537202394	0.000104997711588337	0.000121151205678851	
3.60033087040699e-06	1.4401323481628e-05	0.000208819190483605	0.000545450126866659	0.000862279243462474	0.00259673864028104	0.00641578961106526	0.0137721656620243	0.0247450740723072	0.0411049775474366	0.0601579285136304	0.0813206733698827	0.108331255642394	0.122611968039863	0.12424561817231	0.123665064819457	0.105419488050952	0.0771892936960907	0.0526962427847119	0.0296154216572503	0.0149215712924018	0.00678842385615238	0.0024230226757839	0.000277225477021338	4.86044667504944e-05	1.89017370696367e-05	
1.17537605252665e-05	5.42481255012301e-05	0.000473766962710743	0.000828188049318779	0.00152437232658457	0.00400260752656576	0.010143495333305	0.0183720318364166	0.0321899335370049	0.050320561214941	0.0714565350456453	0.0937995296687519	0.119416398665858	0.122430786172876	0.124764359704854	0.118182253810705	0.0917471422539554	0.0624178932017153	0.0411417783801329	0.0207797444732462	0.0104409558881367	0.00410025415246797	0.00123956966770311	0.000109400386427481	4.15902295509431e-05	1.0849625100246e-05	
9.01394637783579e-07	1.08167356534029e-05	0.000162251034801044	0.000850015143429915	0.0013394724317464	0.00278440803611347	0.00636114195883871	0.0136948887318459	0.023957266683012	0.0389086995399282	0.0603844267851219	0.0840325151073741	0.106920727749975	0.123396418939383	0.122398575075357	0.122666289282778	0.107507535659172	0.0770638331626693	0.0510910480695732	0.0308745691333631	0.0153110893173919	0.00688935921657989	0.00270778949190187	0.000653511112393095	2.61404444957238e-05	6.30976246448505e-06	
2.99092661625596e-05	1.90331693761743e-05	0.000357098511152984	0.00137491990207888	0.00210089936257009	0.00396071191304198	0.00887308229489268	0.017486044608311	0.0326763264532958	0.0506907680971453	0.07176864366916	0.0943437952321004	0.118626493990503	0.12245578640071	0.123286901463469	0.114405662095987	0.0928709904589441	0.0635082481599004	0.0411062078041433	0.02280717496105	0.0105905992457427	0.00469484844612299	0.00167219988090674	0.000263745347069844	2.80965833648287e-05	1.81268279773088e-06	
2.01080349879809e-05	0	0	0	1.1882020674716e-05	7.03781224579331e-05	0.000937765631712199	0.00149439260024312	0.00297598917822117	0.00617316674131013	0.0127932802603077	0.0234679048341544	0.0393678765001051	0.0610671882569076	0.0827948340630113	0.10488899450685	0.123469732837335	0.126335127823122	0.119655604200751	0.105773748046322	0.0801186374064291	0.0521419627270151	0.0309325558226471	0.0147976857479732	0.00703781224579331	0.00297324717345008	0.000600499044868338	9.96261733495416e-05	
2.17551512118979e-05	0	0	0	8.88335341152497e-05	0.000252903632838313	0.00127902159833283	0.00227975855408013	0.00426944842533496	0.00899122270295063	0.018312398532615	0.0294863880738261	0.0498664324362053	0.0738759611924361	0.0931655286003189	0.117536736745448	0.126161747736331	0.122639226169271	0.113113189332362	0.0932996853661256	0.0661710118048889	0.0401654479249665	0.0219645445423124	0.0104025881378225	0.00474987468126437	0.00169508886526038	0.000182199391399645	2.90068682825305e-05	
3.60919623199913e-06	2.34597755079944e-05	0	0	9.02299057999783e-06	0.000298660988197928	0.000353701230735915	0.00195979355397553	0.00346663298083517	0.00650557620817844	0.0136346410654347	0.0244008734254881	0.0390857905944346	0.0607066806222254	0.083197386941928	0.103793265239831	0.12437290215469	0.127844948929873	0.117036308514094	0.102825098350597	0.0813070704154185	0.0518524199660736	0.0307674955787346	0.0160654347276861	0.00660934059984841	0.00314631681524524	0.000704695564297831	2.88735698559931e-05	
6.26326469988225e-05	1.25265293997645e-05	0	0	0.000125265293997645	0.000166423890596871	0.000774855318585433	0.00298757726184383	0.00458828876871374	0.00984853636451485	0.0186537917804493	0.0309709491888177	0.0506331265859481	0.0725026574137369	0.0960462694205943	0.116795570619204	0.128482822549185	0.122652617865694	0.108576377828759	0.0898832169559102	0.0671502503516376	0.040905381754931	0.0217442655337912	0.00986643140651451	0.00439412756301739	0.00191655899816397	0.000257688604795155	1.78950419996636e-06	
1.24450528692514e-05	0.000107560814084244	3.46683615643431e-05	0	2.22233086950918e-05	7.73371142589193e-05	0.000384907706598989	0.00173608487526057	0.00390419087155372	0.00624030508158177	0.0133837654285321	0.0256323642489188	0.0400490690655988	0.0618688024747877	0.0850939379258542	0.10598384809924	0.122311757463698	0.127156438759228	0.115814550933601	0.10148318362231	0.0794741076230393	0.052752801248061	0.0309099555978292	0.0150949601980541	0.00692211619234718	0.00245700900932935	0.00103827298223469	5.33359408682202e-05	
2.73004119720232e-05	9.86337464795678e-05	0.000169086422536402	1.58518521127877e-05	0	0.000115366257043066	0.00016556378873356	0.000749440341554574	0.00274589304931511	0.00518179432398015	0.00912714418316287	0.0188020579226676	0.031762708341773	0.0506519514510609	0.0753007008279951	0.0954140591837705	0.113581162363476	0.12727099797977	0.12332917075439	0.108981483275415	0.0899865611520422	0.0678203879476607	0.0414983875143767	0.0207166093945121	0.00987482320781602	0.00456797538383499	0.00157021401761669	0.000438567908453793	3.61069964791275e-05	
9.39463434678317e-05	0.000159796584216312	1.93160706195542e-05	2.72180995093718e-05	1.6682060989615e-05	0.000171210625946048	0.000380175389921226	0.00170947224983055	0.00359015512560714	0.00677291676178368	0.0135054453759083	0.0240827500465342	0.0406603286541616	0.0642461288838472	0.0854797585139971	0.10355433259464	0.120959868229278	0.125906538314304	0.116662920519637	0.101083631561757	0.0777577202822254	0.0559648026073183	0.0309136150201765	0.0150709250993022	0.0071838222640542	0.00265683771339868	0.0010790659450651	0.000288863056083333	1.75600641995947e-06	
1.13845744270932e-05	0.000130484737664376	0.000274105522744628	0.000181277454339099	4.11596152364138e-05	0.000118224426742891	0.00031438940148665	0.000972943245269271	0.00244155334636429	0.00507139003902282	0.00950086522765646	0.0181417572178202	0.0319100863826478	0.0504940905301358	0.0776611880591578	0.0966147530072791	0.110944429265012	0.124152287073429	0.124077849471405	0.10868678058247	0.0873844903563897	0.0667416297105866	0.0433761043037194	0.0224757771285651	0.0104466606415996	0.00534812277125062	0.00185130694914423	0.000528069106118245	0.000106839852315798	
5.4103015632281e-05	0.000158818529759276	0.000288840293133629	0.000222520467519865	3.14146542380986e-05	0.000239973053207698	0.000393555807260625	0.00149394133487847	0.00374008911290252	0.00741036788305371	0.0134725235217224	0.024539208106377	0.0399681664837054	0.0625282513730822	0.0851633823809166	0.10919122972664	0.118296243679982	0.125735408329421	0.117811934427145	0.0993226651494552	0.0773140819678139	0.0540305874016765	0.0325176576535697	0.0143722043139301	0.00718697478624946	0.00296868482550032	0.00124785987668003	0.000223393096804257	7.59187477420717e-05	
7.07164801701386e-05	0.000153655561851165	0.000223498999056241	0.000127464272899262	5.93669216243139e-05	0.000393742377243611	0.000782246496696842	0.0025885723914131	0.00558572889047589	0.0104250060458225	0.0185958151558513	0.0309685800567303	0.047189718347609	0.0753244009397434	0.096813480481815	0.117638174327473	0.12275507914571	0.127346412098979	0.108961873340673	0.0881328142801892	0.063965238921303	0.041877251905198	0.0230195238598277	0.00960871087348822	0.00465331900378813	0.0018386284844236	0.000712403059491767	0.000183339022663322	5.23825779038064e-06	
6.81203021782113e-05	0.000144863427416956	5.6048349893465e-05	0.000110372135174823	0.00012761778129589	0.000665681940273154	0.00132015421056761	0.00360089091007861	0.00847364822158586	0.0129876960937749	0.0249863543825067	0.0385733366789887	0.058085922982669	0.0871336270266868	0.108998519461281	0.120184045535404	0.126301076214546	0.120458251308729	0.0981837747787599	0.0775640179941072	0.052861354490292	0.0322278011887424	0.0162160810476385	0.00612220437297849	0.00301367665965631	0.0012002969700262	0.000302661089424711	3.19044453239724e-05	
8.10477857744926e-05	9.29916699938916e-05	5.20412098130953e-05	0.000139914072284387	0.000251674703194477	0.00101778956241021	0.00227019113627289	0.0055624375078915	0.0112895299910933	0.0190197824848057	0.0314260656504127	0.0487199568655153	0.0690220006347321	0.099338991321915	0.117015939966625	0.123816275760399	0.121373751437532	0.111192443275081	0.0912052061685043	0.0655326801734935	0.0412507635554555	0.0233716220136024	0.0103382849264769	0.00390906267809185	0.00182229547804543	0.000786590089306129	9.29916699938916e-05	7.6782112838993e-06	
2.89182040094239e-05	5.95374788429316e-05	7.8249257907853e-05	0.000101213714032984	0.000196473680181674	0.000402303249895809	0.00135490291138272	0.00318610565350888	0.00797376948789263	0.0145041803815502	0.0245864271558946	0.0385964464630485	0.0584538967279903	0.0839589021288901	0.109938506289709	0.122517074498397	0.125480339873951	0.118739846733519	0.100462691264151	0.0777253280940352	0.0521548314664081	0.0318984800932187	0.0166883553196737	0.00660185586826908	0.00249462036351884	0.00122136885169214	0.000539239451234552	5.61353371947641e-05	
1.85281256948047e-05	7.57968778423829e-06	5.89531272107423e-05	0.000159173443469004	0.000113695316763574	0.000682171900581446	0.00246845165506694	0.00522072050827702	0.00994118162279431	0.019593492922256	0.0312114699204301	0.0486557002620888	0.0708953464085755	0.0963858364269689	0.118172385681464	0.125604690647676	0.124920834372031	0.108672510325219	0.0907246518396744	0.0636811680130438	0.0411669687312613	0.0237505305781449	0.0113855332394575	0.00382521576844559	0.00166332037487451	0.000699857838744669	0.000284659385674727	3.53718763264454e-05	
2.54022230332117e-06	0	9.06012621517884e-05	0.000117696966720548	0.000365792011678249	0.001276038337035	0.00351143396395763	0.0069669830372422	0.0139043301476123	0.0249263547217229	0.0383319545571165	0.0579636392579503	0.0840059983115989	0.108392132423482	0.124377751378282	0.127072927242106	0.120670720296969	0.0990441143472602	0.0774903281035801	0.0515902214989174	0.0323446505881885	0.0169788458753987	0.00684843932975388	0.00204995939878019	0.00123370129864632	0.000337002825573942	8.04403729385038e-05	2.54022230332117e-05	
6.7134369440435e-06	1.76227719781142e-05	0.000293712866301903	0.000339867745292202	0.000590782451075828	0.00191668624752442	0.004938572051962	0.00982259742875365	0.0187296498942634	0.0321254741364842	0.0467062199993287	0.0696426773186533	0.0948054781645463	0.116087073277164	0.129894934711826	0.126373737034675	0.112340975462388	0.0890638112181531	0.0646915175724212	0.0402185223725286	0.0236447249169212	0.0116310295055554	0.00436457319324628	0.000952468866436172	0.000502668591185257	0.000208955724883354	7.4686986002484e-05	1.42660535060924e-05	
2.07928738662686e-05	2.07928738662686e-05	1.33074392744119e-05	0.000115608378696453	0.000450789505420702	0.000395896318413753	0.000935679323982085	0.00315219967812631	0.00732241846074513	0.0139104326165337	0.0245239471528318	0.0387720560409536	0.0570805973376804	0.0822100329774979	0.108315070259121	0.122553198567787	0.131257927283162	0.117520491377195	0.103415437461273	0.0772604972823714	0.0514864825526995	0.0317856504218874	0.0160837037930361	0.00760603326028104	0.00255419662573243	0.000737731164775208	0.000305239388356822	0.000104796084285993	8.89935001476294e-05	
1.48818874201752e-05	9.17716390910805e-05	6.61417218674454e-05	1.65354304668613e-05	0.000163700761621927	0.000612637698797213	0.000753188857765534	0.00192968473548272	0.00483330632546357	0.0104570062272431	0.0194555874873091	0.0305616093603765	0.046916803635149	0.0682144380764664	0.093122583760223	0.114230887522695	0.129245885158128	0.125030177160602	0.114756714211541	0.0912317572863374	0.0665865249470039	0.04133278876649	0.0231082640774387	0.0108439353001677	0.00392881827892626	0.00160476352680889	0.000644055016684249	0.000166181076191956	5.70472351106716e-05	2.23228311302628e-05	
5.1052505031142e-05	0.000207503730126577	6.5050772539681e-05	7.98724675487222e-05	0.000169626065103472	0.000721322490440007	0.00119479330322882	0.00342463497458903	0.0075845907071266	0.0145211439713579	0.0237468256869856	0.0359796646344476	0.059142680223577	0.0807823549367772	0.102413795374972	0.12063953967109	0.13260641153589	0.119171368437695	0.104387551093676	0.0797234271711313	0.0532642312974912	0.0317225444568508	0.0169132008603171	0.00715970211686742	0.00268684393413897	0.00114703450819969	0.000345839550210962	8.23427500502291e-05	6.5050772539681e-05	
4.53782275264328e-05	8.33309269121766e-05	4.70283448910304e-05	0.000194713849022512	0.000329198414237213	0.00083083409307487	0.0022977884302021	0.00582903959044087	0.0110516610493921	0.0195027371321785	0.0285866332242881	0.0444376606286122	0.0703989571258256	0.0905114126242229	0.112962909486937	0.125808248111647	0.128483913418342	0.112971985132443	0.0921829815145602	0.0678115730981366	0.0424360682653554	0.0238590469747161	0.0121085612214169	0.00437281101618353	0.00185968226990145	0.000750803400891888	0.000153460914907573	5.1978696984823e-05	3.96028167503414e-05	
1.81317834504619e-05	0.000103021496877624	6.67579299767007e-05	0.000271152579781908	0.000789556752070114	0.00130384006448322	0.00314174356878004	0.00749914080071604	0.0157359155190759	0.0248042797602319	0.0390031145458936	0.0559958923268765	0.0842155407515954	0.0994058544232074	0.119998615391082	0.129664504314128	0.12227992341794	0.101401174774733	0.0790652900796892	0.0541513954467795	0.0327682535548598	0.0162757481627146	0.00800518239337893	0.00238927455558587	0.00112746726182872	0.000309888662607894	0.000177196974629514	2.63735032006719e-05	5.76920382514697e-06	
0.000123247650022995	6.9481896657259e-05	0.000232433487627259	0.000518632728620255	0.000891684340434824	0.00248480497093341	0.00495472096401169	0.010953324708755	0.0200810952993843	0.0305778246872487	0.0461351522149836	0.0701246042013387	0.0937856715094446	0.109084923421024	0.125959925488938	0.129746688856758	0.114593845227421	0.0880683040130758	0.0667307444158061	0.042555180206262	0.0238852291413692	0.0114297720001191	0.00486042410426255	0.00132181036736071	0.000617065415551372	0.000153852771169645	5.29385879293402e-05	6.61732349116753e-06	
9.20277660917122e-05	0.000180768826251578	0.000352499211190576	0.000779770982330669	0.00156282867059318	0.0038955682057215	0.00763255285023138	0.0155576225283971	0.0245804519877997	0.0394782683003786	0.056125433845183	0.0811964266933109	0.101225612641986	0.116593427902819	0.128477334875894	0.125571065155658	0.104393997160286	0.0768555098338242	0.0535601598653765	0.0327257309633992	0.0174351532919647	0.00742220367059318	0.0029210598969289	0.00105421092763988	0.000305663651661759	2.30069415229281e-05	0	1.64335296592343e-06	
0.000172689379275801	0.000250440521603769	0.000443590727807983	0.00123828924570752	0.00260425405144834	0.00587962322614861	0.0108802493274526	0.0189917395549525	0.0309310412842197	0.0499105043430151	0.0678202753699931	0.0922758741479089	0.110304317971072	0.121538130387847	0.126790833876909	0.117849452509193	0.0934175882905143	0.0646292048022379	0.0423260850171912	0.0234612025891949	0.0111593350067562	0.00443836257731123	0.00164750578427577	0.000882270857153146	0.000153865418501662	3.273732308546e-06	
1.21953499943495e-05	1.5447443326176e-05	0.000142279083267411	0.000224394439896031	0.000601637266387908	0.00178865133250459	0.00389275571819636	0.00806193936959797	0.0143173408933663	0.0241671185721359	0.0398283870348795	0.0569482193569473	0.0791966028633056	0.103186482348857	0.116137131019523	0.128918670836934	0.124182809922462	0.105040988571331	0.0786535032768905	0.0540132051249739	0.0326363826315451	0.0169133243954968	0.00687736437348015	0.00270655467541263	0.000995140559538918	0.000426837249802232	0.000114636289946885	
4.23122333617314e-05	9.19477378822239e-05	0.000275029516851254	0.000224580315535343	0.00117090968860637	0.00245573692857125	0.00597009338798121	0.0110190820035493	0.0206833588427279	0.0316975586655047	0.0476305556165828	0.0685441906524139	0.0932740636587551	0.111845879317373	0.124189659703863	0.127808169353087	0.117191053566474	0.0914668430761319	0.0627173079004263	0.0408117764709807	0.0229568276891255	0.0111883309369963	0.00413683450790466	0.001690048244083	0.000746159961398224	0.000155416087924821	1.62739359083582e-05	
2.67188520933411e-05	0.000182983653730154	0.000186222302468741	0.000288239737734225	0.00218203958762286	0.00375845186112998	0.00794278603138412	0.0148508237907898	0.0260937928867938	0.0404879672054429	0.059568466248827	0.0803460172312306	0.103547696794466	0.116526581614353	0.126380170401503	0.123301834775477	0.10495974764449	0.0761973081971009	0.0495934281339797	0.0335669748510829	0.0172960035884228	0.00847959205980489	0.00289697129666589	0.000937588809820878	0.00033358082007444	3.96734470476883e-05	2.83381764626345e-05	
6.13926105915178e-05	0.000119554031151903	0.000106629271027373	0.000721363174450334	0.00317706759811105	0.00596558459497841	0.0109997786634829	0.0202086702522105	0.0328466622614776	0.0500600193548283	0.0704520596413056	0.0909119549184367	0.110658564996195	0.121807786198618	0.124962235466511	0.116026379435414	0.0918191115196771	0.0639428273235891	0.0401564219094071	0.0252784074110575	0.0116516712522639	0.00559157434887482	0.00181592879749647	0.000432171666663974	0.000178523249220072	4.76600529592046e-05	
6.01673465305801e-05	0.000100007886800829	0.000246360891875213	0.00166761118559756	0.00375801994141001	0.00878118030446303	0.0169663786493732	0.0279005742729305	0.0384818965398084	0.0592111735640941	0.0816275755079872	0.101296606317734	0.116627083599276	0.123913024035229	0.120414374141701	0.106501081792629	0.0793574777848334	0.0514349505611418	0.0316862386708545	0.0177908339112922	0.00736399537199275	0.00337262369471414	0.00107813380404796	0.000170745172586781	0.000186193545344633	5.69150575289271e-06	
7.35235851407201e-05	4.16633649130747e-05	0.000209950682012945	0.000539172957698614	0.00276040215767215	0.00555674917919086	0.0125627299143777	0.0217572627005866	0.0339262329700996	0.0485108614758471	0.0699103093954156	0.0909527594626896	0.109163734573322	0.120123650331632	0.122027094258053	0.116639449324686	0.094334027450439	0.0648559713813529	0.0402517120783729	0.0246589935274737	0.0127277495165824	0.00547587323553607	0.00218446740740317	0.000516298953432612	0.000134793239424653	0.00010456687664458	
0.000131383242439266	0.000127251693934887	0.000333002809452983	0.000835399107585523	0.00340439596760866	0.00872748306065113	0.0194587671459263	0.0280887456618741	0.040838704346389	0.0578986944306726	0.0821401421252685	0.0985713105271856	0.11545281771608	0.122983804329863	0.119910758552305	0.107719385225583	0.0777152536770782	0.0528499421583209	0.0308750619732276	0.0187514460419765	0.00819699223268881	0.00327136010576764	0.00129647992067427	0.000180135514790944	0.000198314328210213	4.29681044455462e-05	
