# <P(U)> as a function of N_tot.
# number_of_species: 1
# species_total_upper_bound: 251
# species_total_lower_bound: 216
# volume: 729
# Bin widths for each
10	10	10	10	10	10	10	10	10	10	10	10	10	10	10	10	10	10	10	10	10	10	10	10	10	10	10	10	10	10	10	10	10	10	10	10	
# Bin lower bound for each
-790	-800	-810	-810	-810	-850	-850	-860	-860	-870	-880	-880	-890	-890	-890	-890	-890	-900	-900	-900	-900	-920	-930	-930	-930	-930	-930	-930	-930	-950	-950	-950	-950	-950	-960	-960	
# Bin upper bound for each
-550	-550	-550	-560	-560	-580	-580	-590	-590	-590	-590	-600	-610	-610	-610	-620	-620	-630	-630	-630	-630	-640	-640	-650	-650	-650	-660	-660	-680	-680	-690	-690	-700	-700	-710	-710	
# Normalized histogram for each
5.35362858238057e-07	5.35362858238057e-05	0.000293914209172693	0.000797690658774704	0.0016922819948905	0.0040050495424789	0.00994061755176424	0.0185117769121555	0.0344757619819561	0.050157075462607	0.0713451313030946	0.0979869285804533	0.119237621875355	0.129390778481839	0.126822642850871	0.113082555094192	0.0874889982932632	0.0608718277073835	0.0389010713681519	0.0200332781552681	0.0102746839753048	0.00367312457037131	0.000744154372950899	0.000146689423157227	7.22739858621376e-05	
1.65675995472235e-05	3.84795860451643e-05	0.000126661970731999	0.000484735896430056	0.0011228556983457	0.00297415133807416	0.00662276430932884	0.0141305590976965	0.0253217053724984	0.0425049782964446	0.0603664539244368	0.0826904926562779	0.112379631044902	0.124551472325161	0.127534174682356	0.122750413922769	0.100892940171726	0.0750608458454339	0.0492859364595147	0.0280890289355798	0.01415728103245	0.00633737404616054	0.00210355070380232	0.000359677241783272	8.60446299065481e-05	1.12232125965063e-05	
5.33772022766444e-06	1.49456166374604e-05	8.32684355515653e-05	0.000357093483230751	0.000828947951356288	0.00187941129216065	0.00445219244189491	0.0102521592412751	0.0187941129216065	0.0332732128111691	0.0514476164143437	0.0730701872845896	0.0941178856863161	0.122301582260407	0.125501011764869	0.12694059491027	0.114190382602448	0.0877665323874181	0.0607368509265482	0.0388687449258297	0.0199054262730062	0.00991107891872734	0.00386184058471522	0.0012009870512245	0.000183617575831657	4.85732540717464e-05	6.40526427319733e-06	
2.23585740340298e-05	4.89759240745414e-05	0.00020708298331518	0.000622845990947972	0.00129094147696481	0.00305194535564506	0.00663730240610197	0.0139703823422629	0.0249069191269083	0.0406303201428393	0.0623016341988231	0.0849125407112369	0.107706042244929	0.125252731738635	0.125316613378732	0.122586205611576	0.103186948555051	0.0749959807801439	0.0490893139857139	0.0295958315100449	0.0141577684865481	0.00623750980849349	0.00266705847405926	0.000556834962847503	4.41848010672493e-05	3.72642900567162e-06	
6.08344890996869e-05	7.57762934399609e-05	0.00029883608680548	0.00111850078204337	0.00187252826535791	0.00420558428591783	0.00900403802262296	0.0180662423549991	0.0334621708200436	0.0523646205822288	0.074895260619754	0.0958399348537331	0.118230228657634	0.125009538741164	0.125349998425774	0.113382680420953	0.0889416239713502	0.0619641962349855	0.0387707804477952	0.0213251566087867	0.00976393550049975	0.00419117611744685	0.00152566495031583	0.000259880668346908	1.97445271639335e-05	1.067271738591e-06	
1.18362105188403e-05	0	0	0	4.08887272469028e-05	8.07014353557292e-05	0.00065260560724333	0.00129176097526071	0.0027777434049442	0.00670575126849206	0.0133523214843899	0.0248635742235311	0.0408844231703505	0.0635313979694443	0.0860320341657597	0.10567153547393	0.124282362486099	0.126617324015725	0.119177727695065	0.102988481753136	0.0778553647355172	0.0499477323703679	0.0292370540102426	0.0142147508235581	0.0064781732207889	0.00263086679259677	0.000579974315423174	9.36136650126459e-05	
1.28651422187868e-05	0	0	1.50093325885845e-05	8.68397099768106e-05	0.000211738799017532	0.00101956252083885	0.00191744223819168	0.00435699483142911	0.00950144357616647	0.0182106088106926	0.031594109051378	0.0517114391484134	0.0773377303530517	0.0966193622534583	0.117168210662415	0.125985121463024	0.123184272792476	0.111598676176866	0.0901771422874008	0.0641654328637914	0.0388763155948038	0.0205874438356135	0.00973891265962157	0.00428945283478048	0.00140766097777225	0.00020423413272324	2.19779512904274e-05	
2.13669620827233e-06	1.38885253537701e-05	0	0	4.21997501133784e-05	0.000251061804471998	0.000387276187749359	0.00175369341293951	0.00308752602095351	0.00700141930045634	0.0132934554597663	0.0243177395463473	0.0409236083029878	0.0635955575949134	0.0877161869160476	0.106201814161916	0.123341322796572	0.128030302625626	0.116965421311087	0.101365936468543	0.0782223114886416	0.0503667371954473	0.0287812979254282	0.0149905264231866	0.00608637914926372	0.00256670632018713	0.000636201296013085	5.92933197795571e-05	
3.71977154225979e-05	7.43954308451959e-06	0	7.43954308451959e-06	0.000131786191782918	0.000195553703935943	0.000724824054806051	0.00285200198104404	0.00504454160723889	0.0100896146104124	0.0184309365959627	0.0320995028259636	0.0528616733870539	0.0753540691112297	0.0990808975915011	0.117128166322676	0.126094941323261	0.124710654913606	0.108127381982277	0.0880172342329512	0.0647213678556474	0.0388599219060535	0.0207116879473025	0.00908952746147911	0.00387121938362323	0.00149162838844618	0.000230094439685499	2.86953804688613e-05	
7.39619571390458e-06	6.39242629558896e-05	2.06036880601628e-05	0	1.32074923462582e-05	9.1924146729957e-05	0.00045169623824203	0.00176452097746009	0.00383122937980257	0.00668510432598204	0.0132032659487074	0.0254334038613425	0.0418635243400876	0.0636648678062091	0.0880031064021998	0.10802196670127	0.121617759322508	0.127569583673426	0.116406082842675	0.10024222540963	0.0769648125988911	0.0513206171597024	0.0292065202748215	0.0144379023332356	0.00613937074223465	0.00211742517295211	0.000789808042306239	6.1282764486638e-05	6.86789602005426e-06	
1.62308253741205e-05	5.86404013516613e-05	0.000100526402317134	9.42435021723127e-06	1.62308253741205e-05	7.06826266292345e-05	0.000242938805599739	0.00107804094984884	0.00273306156299707	0.00517868044436858	0.00950079216899326	0.0179507692887652	0.0326825994033339	0.0518705764456168	0.0759586920258478	0.0979289466822622	0.114635178167341	0.126019793229756	0.124711379274597	0.108485266075585	0.0895198084134316	0.0652699081544714	0.0403032337039895	0.0204398448961384	0.00943063311737609	0.00404985271834911	0.00134611135602787	0.000350271683073762	3.76974008689251e-05	4.18860009654723e-06	
5.56891690811651e-05	9.4723633390393e-05	1.14501095307069e-05	3.59117071644897e-05	6.7659738135995e-05	0.000197774619166755	0.000641726593243707	0.00194235494402718	0.00351778592354762	0.00704233782090884	0.0137609498178131	0.0242794368003398	0.0409991990127924	0.0639722824075833	0.0885697199771622	0.106560444347523	0.121191082030146	0.12539379268744	0.11760407498989	0.100046372943599	0.0761031529958431	0.0539945528706205	0.0298197284346295	0.0143927876800985	0.00633243103000501	0.0024216981657445	0.000765075500460867	0.00017643577867771	9.3682714342147e-06	
6.75015746040384e-06	7.73671893538594e-05	0.000162523021931262	0.000107483276484892	6.17899029067736e-05	0.000102810090550766	0.00044862584967607	0.00114077661080825	0.00283818159065903	0.00494163450389718	0.01020935353742	0.0192021210033226	0.0324516416123322	0.051001074313522	0.07776441015826	0.0981690976752977	0.112941557655951	0.124120337653261	0.124481211455952	0.109090852446231	0.0867722356677282	0.0648877059382174	0.0410565346457024	0.021561041414293	0.00986509550693942	0.00461814618867936	0.00145491855415781	0.000400855504571674	6.38668744330517e-05	
3.19102231605429e-05	9.3671945406755e-05	0.000170359417195802	0.000132787702829356	6.07323602087752e-05	0.000249105613059722	0.000672173410446275	0.00176947334235398	0.00436758312484463	0.0070665703870041	0.0142226952712652	0.0245245505419334	0.0408857454459737	0.0636722181876949	0.0873640148413419	0.109027453600219	0.118398250908026	0.125651135823806	0.119196521168058	0.0997621659012502	0.075474883308946	0.0521850525309182	0.0305900663475301	0.0144450374713516	0.00631770950476878	0.00251987826764545	0.0009269405147119	0.000176535589420423	4.47772486285038e-05	
4.18335705623878e-05	9.08976348022253e-05	0.00013221474153051	8.26342134565685e-05	0.000125500711687163	0.000355327117863245	0.00108147526861284	0.00299549023780061	0.00562325822571949	0.0102172040300706	0.0196757226878431	0.0314061657518371	0.0486565742747298	0.0758680207659778	0.0988821656774663	0.116881446759809	0.121830203218189	0.125732603948676	0.110885301645867	0.0887553428183638	0.0633577173124875	0.03976978108131	0.0218825726509675	0.00973172802601325	0.00378929515081777	0.00152305184677138	0.000509233340426103	0.000114138507336885	3.09878300462132e-06	
4.05211325400082e-05	8.61715223635618e-05	3.33401723430447e-05	7.23225276979893e-05	0.000267747230201067	0.000722199425523184	0.00193526877308166	0.00373974148543291	0.00781544932293804	0.0138997743126795	0.0260858637669265	0.039137771850636	0.0607381001231022	0.0879770209273697	0.109863561756258	0.119411161263849	0.123534058268363	0.119913315551908	0.0997707221994255	0.0777159417316373	0.0517162494870743	0.0309499384489126	0.0152456914238818	0.00579554780467788	0.00232611817808781	0.000953528929011079	0.000231329503487895	2.15428805908904e-05	
4.84424725241945e-05	5.55813632119705e-05	4.23234233632436e-05	0.0001743929010871	0.00044975011332989	0.00126664317631683	0.00296110987313681	0.00555966608348729	0.0106680522913544	0.0197675883144518	0.032192827556526	0.049844754623579	0.0715816569263302	0.0990077451864755	0.117112991812202	0.122261151839616	0.120475919246908	0.111456440783667	0.0915006917075156	0.0653269688423116	0.0400430577092626	0.0226863747642254	0.00994804417341589	0.00351998302983699	0.00136556780441887	0.000616494202965801	6.11904916095088e-05	4.58928687071316e-06	
1.7222296795893e-05	3.54576698738973e-05	4.66015089771222e-05	0.000126634535263919	0.000370279381111699	0.000699529172797889	0.00204641408986493	0.00389882407170554	0.00779207622385947	0.0145518277162475	0.0258901774656377	0.039084989501997	0.0604598859782644	0.0844333231181475	0.109599657580217	0.121717569528692	0.123301007757632	0.117939301534557	0.101459589653452	0.0777713334869832	0.0517747830117238	0.0307818162938124	0.0161312136400591	0.0064568416840367	0.00224700319372298	0.000939628251658279	0.000393073597459205	3.39380554507303e-05	
1.11020556465307e-05	4.54175003721712e-06	5.34917226605572e-05	0.000148868473442117	0.000581344004763791	0.000922479896448099	0.00317417863712174	0.00557070874009331	0.0103738617238969	0.0197187647449177	0.0328489641025123	0.0494939733500201	0.0719221443115842	0.0965333831243708	0.117470850795942	0.124376834046977	0.123889857515209	0.10853470527827	0.0909606558287054	0.0639816513298496	0.0403332635249531	0.0224488611561782	0.0107483037825208	0.00374240203066691	0.0013953265392117	0.000541982171107909	0.000196304529386384	2.11948335070132e-05	
1.51661221186264e-06	0	6.62253999180018e-05	0.000201709424177731	0.000836664403544222	0.0015545275171592	0.00433346662669551	0.00753857376776522	0.0145579606216695	0.0257839242138767	0.04043187049345	0.0589557720491403	0.0838332676977271	0.108894778961353	0.122182324086886	0.125942511297497	0.117747749979399	0.0993714653456637	0.0780054325049429	0.0524606274831365	0.0310228083310542	0.016120071199888	0.00673881359470965	0.00208685840352299	0.00099489761098189	0.000260351763036419	6.06644884745055e-05	1.51661221186264e-05	
4.00097223625341e-06	1.05025521201652e-05	0.000229555782055039	0.000416601234099886	0.000857708423146825	0.00249660667542213	0.00556035116533318	0.0106165798288984	0.0194657301724319	0.0333666080857648	0.0491789504849678	0.0708462156303982	0.095434690629823	0.115292516081408	0.126338700304174	0.125344458703465	0.10979067913503	0.0901379035105531	0.0643901468056738	0.0404738351419395	0.0229030654449031	0.0109336568786215	0.00419551951124123	0.000988240142354592	0.000524127362949197	0.000146035486623249	4.85117883645726e-05	8.50206600203849e-06	
1.24719692491126e-05	1.24719692491126e-05	7.98206031943208e-06	9.62836026031494e-05	0.000385134410412598	0.000573211706689216	0.00132103098286601	0.00361786883978259	0.0077850032052961	0.0144036278464152	0.0257246837732197	0.040322874339921	0.0594359177748011	0.08208052402226	0.108320050686083	0.121921980349165	0.127688021172415	0.116585973025625	0.102759547916059	0.0773511532829965	0.0518918730153979	0.0313116271180522	0.0154752194442989	0.00735447082681673	0.00252831760618011	0.00064006146186446	0.000269394535780833	6.98430277950307e-05	5.3380028386202e-05	
8.93975055116045e-06	5.51284617321561e-05	3.97322246718242e-05	2.88058628870726e-05	0.000133599605459009	0.000611379607137695	0.00105936044031251	0.00222202466477177	0.00540060263851771	0.010934308229686	0.0195378248295612	0.0324056024423399	0.0484549379457149	0.0701209200592606	0.0935376033224086	0.114987541464301	0.127629838702067	0.122637484672053	0.112317535966355	0.0913304782418888	0.0660473737247818	0.0408422436985933	0.0226573011191078	0.0109651007038067	0.00397073920314044	0.00142638686571849	0.000472813473594708	0.000116713409973484	3.42690437794484e-05	1.34096258267407e-05	
3.06385418030782e-05	0.00012453084732864	3.90394322974706e-05	0.000106740726281692	0.000195197161487353	0.000637479337515659	0.00150227688840899	0.00371368776855053	0.00756574314524398	0.0151216028899063	0.0248631766731979	0.0384409923922524	0.0607913144675689	0.081673457386483	0.103858232502057	0.121151712669778	0.128727833385633	0.118132827962117	0.102894106775318	0.0782834509869811	0.0534464653253245	0.0312700911002449	0.0165882995362214	0.00711160088851771	0.00247035597538045	0.000924592124412246	0.000242143314250134	5.33703631408459e-05	3.90394322974706e-05	
2.73288258989817e-05	5.01856621054028e-05	3.82603562585744e-05	0.000142606782418323	0.000509806824951914	0.00083874651122693	0.00263151749020013	0.00575743828530002	0.0110314047960599	0.0199724028547195	0.0310977194343231	0.0475750139004346	0.071056934888327	0.0923073330196315	0.113271026922869	0.12602762596477	0.125089005017076	0.112699606017708	0.0901259958251492	0.0660970014315336	0.0422970722877258	0.0230744730381257	0.011497982387317	0.00442130714271163	0.00164022644168252	0.000556514272851992	0.00010633397713422	3.52790297968673e-05	2.38506116936568e-05	
1.08881352979489e-05	6.18644051019822e-05	7.3247455640747e-05	0.000252406772816088	0.000738908454538076	0.00157086097434953	0.00384054226873106	0.00725199302367477	0.0156888131338627	0.0262473348814282	0.0415560531103443	0.058110473000394	0.08271864860424	0.102841902295813	0.120460389953617	0.126799759273227	0.120348044193951	0.100192621011726	0.0782391707596157	0.0528495239905214	0.0324115042057897	0.016448508028515	0.00751132860986227	0.00254881349020167	0.000872535569558357	0.000218752536440609	0.000115315251110095	1.63322029469233e-05	3.46440668571101e-06	
7.38867766968049e-05	4.31419434404163e-05	0.000191411381241387	0.000583160063056661	0.00106962266667791	0.00264256800682734	0.00524645702988051	0.0106367205378957	0.0197099175393819	0.0330492080973957	0.0509035261844323	0.0718501794357728	0.0948557447464766	0.111528866175179	0.123777211036998	0.125333296307298	0.112387242084321	0.0868675428282965	0.0657721242547477	0.0419185966074564	0.0235307068980992	0.0116810530997982	0.00444560371199232	0.00129872126287874	0.000469602533770968	9.47139218059713e-05	3.52077929226386e-05	3.96707525888885e-06	
5.49592099613568e-05	0.000109427712690916	0.000261546954548243	0.00075470772250506	0.0016718395387352	0.00418965834508986	0.00749555296571183	0.0148296632521622	0.024320431822364	0.0418843157701037	0.0611298534012145	0.0843113537385757	0.104797889958903	0.118443967367969	0.126146108078268	0.120299331411397	0.101296203152794	0.0749447340980188	0.0528403361344538	0.0321737103600564	0.016987793657609	0.00715941851193032	0.00285444396736797	0.000807704103539226	0.000211985524136662	1.86468748083175e-05	3.4349506225848e-06	9.81414463595657e-07	
0.000103137380457177	0.000152017655555365	0.000370023682493285	0.00116090653358197	0.00275342589628094	0.00606848615344007	0.0109144766266745	0.0187969097890083	0.0322619591703062	0.0528684167434494	0.0724219931909777	0.0951938469509706	0.113553767080601	0.121373144688058	0.12502792285715	0.112830827811899	0.088222542116467	0.062943130243937	0.0413419590725457	0.0233955660702458	0.0116887401842298	0.00413087204854789	0.00172498490821506	0.000598783369952806	9.43389309395033e-05	7.82084401571012e-06	
7.29795963644484e-06	9.24408220616347e-06	8.51428624251898e-05	0.000140607355662171	0.00058043105641858	0.00160847030387244	0.00413064515422778	0.00847487726048218	0.0146635470321874	0.024740083167548	0.0418440679021626	0.0607705964233186	0.0836107774321788	0.106122550257399	0.118942146154778	0.125991002102299	0.120148255617361	0.0997125090433883	0.0758194757243103	0.0525248750954208	0.0321329162792666	0.0166558900129368	0.0072809310639598	0.00266521485922966	0.000986197612204913	0.00028316083389406	6.86008205825815e-05	4.86530642429656e-07	
2.51973876123828e-05	5.47558615422933e-05	0.000163783019480488	0.00016669041035884	0.00109027157938195	0.00254348245341148	0.00614137866537191	0.0111009029386938	0.020676879361692	0.0327343138993636	0.0502799332850706	0.0724260141706231	0.0969159366692736	0.11360484487616	0.124117485727134	0.124588967614573	0.112146788350666	0.0871063998457145	0.0627836523225692	0.0403676686504764	0.0227634168820559	0.0114420368017537	0.00429276263188652	0.0017633325677204	0.000600860781526051	9.25519429608675e-05	9.69130292783953e-06	
1.59553868045083e-05	0.00010927022478239	0.000111204211061725	0.000327327177777337	0.00218153652308914	0.00409328196021113	0.008306471069741	0.0151547164848639	0.0270738739244014	0.0423040158741594	0.0621815268531577	0.083494539147992	0.106294786891634	0.11920704628561	0.125884617411582	0.119335656373186	0.0999242360875071	0.0735920459012303	0.0492929587911039	0.0318406666063908	0.0169721800908683	0.00821799119746145	0.00285069577573882	0.00095345523571183	0.000239330802067625	2.36913319218457e-05	1.69223799441755e-05	
3.65853893359367e-05	7.12452318647188e-05	6.35430446361005e-05	0.000801027471776298	0.0030640263568847	0.00620459319935379	0.0120534416260858	0.0207727989555834	0.0334544502275034	0.0518766379182528	0.073652165373662	0.0939873838173195	0.113397858406841	0.123030887696334	0.124206434022101	0.111476162693301	0.0872932203422467	0.0619881655893232	0.0396840755353502	0.0238310486720466	0.0115133257466789	0.00506081839590398	0.00183119501360399	0.000513158224106691	0.000107349234498867	2.84018154055298e-05	
3.5745148682912e-05	5.9414233621597e-05	0.000166166637120564	0.00163026860547065	0.00425318965071676	0.00916814759461717	0.0168243720084571	0.0277266423567453	0.0408866535826541	0.0612647696297624	0.0853792197993345	0.104747293874876	0.118381169842108	0.124118266205715	0.119629834833261	0.101063128347787	0.0748764256397053	0.0508928800011207	0.0302041675945109	0.0169238787737095	0.00742822833034894	0.00299438076601854	0.00104771929044914	0.00018403921146202	0.00011061674389712	3.38129784838357e-06	
4.34932628935778e-05	2.46461823063607e-05	0.000124197428484994	0.000456679260382567	0.00267290263404865	0.00616879445373912	0.0126318933197248	0.0213687233180914	0.0342717246431861	0.0509847357977583	0.0730735142459766	0.0964004009112322	0.112121765671831	0.121261633239678	0.122174508501966	0.11300757845943	0.0888277405829837	0.0619237746739697	0.0394435568597091	0.0231683778849323	0.011869794702134	0.00520421053445488	0.00202291998302796	0.000600690286407969	8.98860766467274e-05	6.18570850041995e-05	
7.7058889954574e-05	7.46356544214113e-05	0.000200643902145872	0.000769134958225843	0.00420770617978372	0.00931200950683764	0.0184253136999559	0.0277436236191798	0.04222633310668	0.0617522803857985	0.0860510323710342	0.104218513810262	0.118200098189504	0.122807153585153	0.117909309925524	0.102671520245891	0.0737768597484585	0.0503339945535358	0.0298421455908987	0.0171758934590573	0.00724547424415649	0.00351320687597929	0.0011214734047477	0.000203067137679035	0.00011631530559181	2.52016495448921e-05	
