# <N_i^j*N_k^m*U^p> as a function of N_tot.
# number_of_species: 1
# max_order: 2
# species_total_upper_bound: 251
# species_total_lower_bound: 216
# volume: 729
#	N_tot	N_1^0*N_1^0*U^0	N_1^0*N_1^0*U^1	N_1^0*N_1^0*U^2	N_1^0*N_1^1*U^0	N_1^0*N_1^1*U^1	N_1^0*N_1^1*U^2	N_1^0*N_1^2*U^0	N_1^0*N_1^2*U^1	N_1^0*N_1^2*U^2	N_1^1*N_1^0*U^0	N_1^1*N_1^0*U^1	N_1^1*N_1^0*U^2	N_1^1*N_1^1*U^0	N_1^1*N_1^1*U^1	N_1^1*N_1^1*U^2	N_1^1*N_1^2*U^0	N_1^1*N_1^2*U^1	N_1^1*N_1^2*U^2	N_1^2*N_1^0*U^0	N_1^2*N_1^0*U^1	N_1^2*N_1^0*U^2	N_1^2*N_1^1*U^0	N_1^2*N_1^1*U^1	N_1^2*N_1^1*U^2	N_1^2*N_1^2*U^0	N_1^2*N_1^2*U^1	N_1^2*N_1^2*U^2	
216	1	-658.836932805107	434985.253499339	216	-142308.777485903	93956814.7558573	46656	-30738695.9369551	20294671987.2652	216	-142308.777485903	93956814.7558573	46656	-30738695.9369551	20294671987.2652	10077696	-6639558322.38229	4383649149340.87	46656	-30738695.9369551	20294671987.2652	10077696	-6639558322.38229	4383649149340.87	2176782336	-1434144597634.57	946868216237864	
217	1	-663.745670928833	441481.723479375	217	-144032.810591557	95801533.9950244	47089	-31255119.8983678	20788932876.5545	217	-144032.810591557	95801533.9950244	47089	-31255119.8983678	20788932876.5545	10218313	-6782361017.94576	4511198434302.25	47089	-31255119.8983678	20788932876.5545	10218313	-6782361017.94576	4511198434302.25	2217373921	-1471772340894.59	978930060242382	
218	1	-668.756660676472	448167.491710166	218	-145788.952027471	97700513.1928162	47524	-31781991.5419887	21298711876.0339	218	-145788.952027471	97700513.1928162	47524	-31781991.5419887	21298711876.0339	10360232	-6928474156.15353	4643119188971.04	47524	-31781991.5419887	21298711876.0339	10360232	-6928474156.15353	4643119188971.04	2258530576	-1510407366041.52	1.01219998319882e+15	
219	1	-673.572355184089	454633.977494433	219	-147512.345785316	99564841.0712809	47961	-32305203.7269841	21804700194.2351	219	-147512.345785316	99564841.0712809	47961	-32305203.7269841	21804700194.2351	10503459	-7074839616.21002	4775229342624.03	47961	-32305203.7269841	21804700194.2351	10503459	-7074839616.21002	4775229342624.03	2300257521	-1549389875949.82	1.045775226031e+15	
220	1	-678.574899904368	461403.153993186	220	-149286.477978961	101508693.878501	48400	-32843025.1553714	22331912653.2702	220	-149286.477978961	101508693.878501	48400	-32843025.1553714	22331912653.2702	10648000	-7225465534.18171	4913020783738.69	48400	-32843025.1553714	22331912653.2702	10648000	-7225465534.18171	4913020783738.69	2342560000	-1589602417519.76	1.08086457241948e+15	
221	1	-683.506044663139	468118.609617048	221	-151054.835870554	103454212.725368	48841	-33383118.7273924	22863381011.9016	221	-151054.835870554	103454212.725368	48841	-33383118.7273924	22863381011.9016	10793861	-7377669238.75454	5052807203694.12	48841	-33383118.7273924	22863381011.9016	10793861	-7377669238.75454	5052807203694.12	2385443281	-1630464901764.38	1.11667039202153e+15	
222	1	-688.594761196537	475102.88967394	222	-152868.036985631	105472841.507615	49284	-33936704.2108101	23414970814.5804	222	-152868.036985631	105472841.507615	49284	-33936704.2108101	23414970814.5804	10941048	-7533948334.79985	5198123520861.62	49284	-33936704.2108101	23414970814.5804	10941048	-7533948334.79985	5198123520861.62	2428912656	-1672536530325.8	1.15398342162863e+15	
223	1	-693.649461223102	482097.136829035	223	-154683.829852752	107507661.512875	49729	-34494494.0571637	23974208516.9119	223	-154683.829852752	107507661.512875	49729	-34494494.0571637	23974208516.9119	11089567	-7692272174.74798	5346248499371.22	49729	-34494494.0571637	23974208516.9119	11089567	-7692272174.74798	5346248499371.22	2472973441	-1715376694970.77	1.19221341535987e+15	
224	1	-698.876874667925	489380.568909358	224	-156548.419925615	109621247.435696	50176	-35066846.0633378	24555159425.596	224	-156548.419925615	109621247.435696	50176	-35066846.0633378	24555159425.596	11239424	-7854973518.18766	5500355711333.49	50176	-35066846.0633378	24555159425.596	11239424	-7854973518.18766	5500355711333.49	2517630976	-1759514068074.04	1.2320796793387e+15	
225	1	-703.7896345176	496274.291136687	225	-158352.66776646	111661715.505755	50625	-35629350.2474535	25123885988.2829	225	-158352.66776646	111661715.505755	50625	-35629350.2474535	25123885988.2829	11390625	-8016603805.67672	5652874347480.08	50625	-35629350.2474535	25123885988.2829	11390625	-8016603805.67672	5652874347480.08	2562890625	-1803735856277.35	1.27189672818242e+15	
226	1	-708.713758732456	503239.104157929	226	-160169.309473535	113732037.539692	51076	-36198263.9410189	25703440483.6537	226	-160169.309473535	113732037.539692	51076	-36198263.9410189	25703440483.6537	11543176	-8180807650.67027	5808977549379.27	51076	-36198263.9410189	25703440483.6537	11543176	-8180807650.67027	5808977549379.27	2608757776	-1848862529051.52	1.31282892616435e+15	
227	1	-713.657716157051	510282.506065304	227	-162000.301567651	115834128.876824	51529	-36774068.4558567	26294347254.4781	227	-162000.301567651	115834128.876824	51529	-36774068.4558567	26294347254.4781	11697083	-8347713539.47916	5968816826897.32	51529	-36774068.4558567	26294347254.4781	11697083	-8347713539.47916	5968816826897.32	2655237841	-1894930973461.76	1.3549214197054e+15	
228	1	-718.718691230342	517548.931305066	228	-163867.861600518	118001156.337555	51984	-37361872.4449181	26904263644.9625	228	-163867.861600518	118001156.337555	51984	-37361872.4449181	26904263644.9625	11852352	-8518506917.44133	6134172111031.8	51984	-37361872.4449181	26904263644.9625	11852352	-8518506917.44133	6134172111031.8	2702336256	-1942219577176.09	1.39859124131757e+15	
229	1	-723.832832476839	524924.630676127	229	-165757.718637196	120207740.424833	52441	-37958517.5679179	27527572556.6781	229	-165757.718637196	120207740.424833	52441	-37958517.5679179	27527572556.6781	12008989	-8692500523.05125	6303814115617.58	52441	-37958517.5679179	27527572556.6781	12008989	-8692500523.05125	6303814115617.58	2750058481	-1990582619779.64	1.44357343247927e+15	
230	1	-728.826739721916	532172.242691944	230	-167630.150136041	122399615.819147	52900	-38554934.5312894	28151911637.9312	230	-167630.150136041	122399615.819147	52900	-38554934.5312894	28151911637.9312	12167000	-8867634942.19655	6474939676845.01	52900	-38554934.5312894	28151911637.9312	12167000	-8867634942.19655	6474939676845.01	2798410000	-2039556036704.94	1.48923612567193e+15	
231	1	-733.738349437406	539352.937934176	231	-169493.558720041	124590528.662795	53361	-39153012.0643294	28780412120.4628	231	-169493.558720041	124590528.662795	53361	-39153012.0643294	28780412120.4628	12326391	-9044345786.86065	6648275199968.85	53361	-39153012.0643294	28780412120.4628	12326391	-9044345786.86065	6648275199968.85	2847396321	-2089243876764.48	1.53575157119125e+15	
232	1	-738.727663434778	546708.808504437	232	-171384.817916868	126836443.573029	53824	-39761277.7567135	29426054908.9428	232	-171384.817916868	126836443.573029	53824	-39761277.7567135	29426054908.9428	12487168	-9224616439.55753	6826844738721.15	53824	-39761277.7567135	29426054908.9428	12487168	-9224616439.55753	6826844738721.15	2897022976	-2140111013977.35	1.58382797942165e+15	
233	1	-743.661098571404	554022.790181904	233	-173273.035967137	129087310.112384	54289	-40372617.380343	30077343255.4972	233	-173273.035967137	129087310.112384	54289	-40372617.380343	30077343255.4972	12649337	-9406819849.62195	7008020978698.46	54289	-40372617.380343	30077343255.4972	12649337	-9406819849.62195	7008020978698.46	2947295521	-2191789024962.51	1.63286888803765e+15	
234	1	-748.698470425449	561537.131922768	234	-175195.442079555	131399688.869928	54756	-40995733.4466159	30747527194.9232	234	-175195.442079555	131399688.869928	54756	-40995733.4466159	30747527194.9232	12812904	-9593001626.50811	7194921363746	54756	-40995733.4466159	30747527194.9232	12812904	-9593001626.50811	7194921363746	2998219536	-2244762380602.69	1.68361159912203e+15	
235	1	-753.591005516959	568881.513535471	235	-177093.886296485	133687155.680836	55225	-41617063.2796741	31416481584.2701	235	-177093.886296485	133687155.680836	55225	-41617063.2796741	31416481584.2701	12977875	-9780009870.72533	7382873172484.42	55225	-41617063.2796741	31416481584.2701	12977875	-9780009870.72533	7382873172484.42	3049800625	-2298302319622.93	1.73497519552925e+15	
236	1	-758.53874926589	576359.963880948	236	-179015.14482675	136020951.475904	55696	-42247574.179113	32100944548.3133	236	-179015.14482675	136020951.475904	55696	-42247574.179113	32100944548.3133	13144256	-9970427506.27068	7575822913419.54	55696	-42247574.179113	32100944548.3133	13144256	-9970427506.27068	7575822913419.54	3102044416	-2353020891479.71	1.78789420757172e+15	
237	1	-763.431212873739	583804.83000115	237	-180933.197451076	138361744.710273	56169	-42881167.7959051	32791733495.5709	237	-180933.197451076	138361744.710273	56169	-42881167.7959051	32791733495.5709	13312053	-10162836767.6287	7771640838629.31	56169	-42881167.7959051	32791733495.5709	13312053	-10162836767.6287	7771640838629.31	3154956561	-2408592313930.74	1.84187887875312e+15	
238	1	-768.249680446502	591189.904898384	238	-182843.423946267	140703197.365815	56644	-43516734.8992116	33487360972.2815	238	-182843.423946267	140703197.365815	56644	-43516734.8992116	33487360972.2815	13481272	-10356982906.0124	7969991911585.95	56644	-43516734.8992116	33487360972.2815	13481272	-10356982906.0124	7969991911585.95	3208542736	-2464961931630.61	1.89685807495726e+15	
239	1	-773.049103669459	598588.386543959	239	-184758.735777001	143062624.384006	57121	-44157337.8507032	34191967226.9858	239	-184758.735777001	143062624.384006	57121	-44157337.8507032	34191967226.9858	13651919	-10553603746.3178	8171880167448.11	57121	-44157337.8507032	34191967226.9858	13651919	-10553603746.3178	8171880167448.11	3262808641	-2522311295371.74	1.95307936001248e+15	
240	1	-777.962791535949	606215.761067024	240	-186711.069968628	145491782.656086	57600	-44810656.7924706	34918027837.4606	240	-186711.069968628	145491782.656086	57600	-44810656.7924706	34918027837.4606	13824000	-10754557630.193	8380326680990.53	57600	-44810656.7924706	34918027837.4606	13824000	-10754557630.193	8380326680990.53	3317760000	-2581093831246.31	2.01127840339059e+15	
241	1	-783.218526734213	614426.716082591	241	-188755.664942945	148076838.575904	58081	-45490115.2512498	35686518095.9704	241	-188755.664942945	148076838.575904	58081	-45490115.2512498	35686518095.9704	13997521	-10963117775.5531	8600450861327.03	58081	-45490115.2512498	35686518095.9704	13997521	-10963117775.5531	8600450861327.03	3373402561	-2642111383909.62	2.07270865757039e+15	
242	1	-788.355423781392	622499.908686641	242	-190782.012555097	150644977.902167	58564	-46169247.0383334	36456084651.4523	242	-190782.012555097	150644977.902167	58564	-46169247.0383334	36456084651.4523	14172488	-11172957783.2767	8822372485881.2	58564	-46169247.0383334	36456084651.4523	14172488	-11172957783.2767	8822372485881.2	3429742096	-2703855783553.17	2.13501414157894e+15	
243	1	-793.345577508344	630393.164709774	243	-192782.975334528	153185539.024475	59049	-46846263.0062902	37224085982.0985	243	-192782.975334528	153185539.024475	59049	-46846263.0062902	37224085982.0985	14348907	-11383641910.5293	9045452893878.63	59049	-46846263.0062902	37224085982.0985	14348907	-11383641910.5293	9045452893878.63	3486784401	-2766224984258.26	2.1980450532162e+15	
244	1	-798.484868779297	638574.551621523	244	-194830.307982148	155812190.595652	59536	-47538595.1476442	38018174505.339	244	-194830.307982148	155812190.595652	59536	-47538595.1476442	38018174505.339	14526784	-11599417216.0252	9276434579300.02	59536	-47538595.1476442	38018174505.339	14526784	-11599417216.0252	9276434579300.02	3544535296	-2830257800710.62	2.26345003735779e+15	
245	1	-803.338969660951	646343.575848181	245	-196818.047566933	158354176.082804	60025	-48220421.6538986	38796773139.4072	245	-196818.047566933	158354176.082804	60025	-48220421.6538986	38796773139.4072	14706125	-11814003305.2061	9505209419372.51	60025	-48220421.6538986	38796773139.4072	14706125	-11814003305.2061	9505209419372.51	3603000625	-2894430809775.06	2.32877630774698e+15	
246	1	-808.631586394564	654877.687928721	246	-198923.370253063	161099911.230465	60516	-48935149.0822534	39630578161.699	246	-198923.370253063	161099911.230465	60516	-48935149.0822534	39630578161.699	14886936	-12038046674.2343	9749122228057.38	60516	-48935149.0822534	39630578161.699	14886936	-12038046674.2343	9749122228057.38	3662186256	-2961359481860.54	2.39828406809002e+15	
247	1	-813.68785706182	663095.065182754	247	-200980.90069427	163784481.10014	61009	-49642282.4714846	40454766830.8632	247	-200980.90069427	163784481.10014	61009	-49642282.4714846	40454766830.8632	15069223	-12261643770.4583	9992327407459.91	61009	-49642282.4714846	40454766830.8632	15069223	-12261643770.4583	9992327407459.91	3722098081	-3028626011302.94	2.46810486963877e+15	
248	1	-818.68912030956	671263.113133426	248	-203034.901836771	166473252.05709	61504	-50352655.6555192	41285366510.1582	248	-203034.901836771	166473252.05709	61504	-50352655.6555192	41285366510.1582	15252992	-12487458602.5688	10238770894715.4	61504	-50352655.6555192	41285366510.1582	15252992	-12487458602.5688	10238770894715.4	3782742016	-3096889733437.05	2.53921518184045e+15	
249	1	-823.71168865581	679511.211252553	249	-205104.210475297	169198291.601886	62001	-51070948.4083489	42130374608.049	249	-205104.210475297	169198291.601886	62001	-51070948.4083489	42130374608.049	15438249	-12716666153.6801	10490463277643.9	62001	-51070948.4083489	42130374608.049	15438249	-12716666153.6801	10490463277643.9	3844124001	-3166449872267.79	2.61212535612355e+15	
250	1	-828.570703745047	687541.512878523	250	-207142.675936262	171885378.219631	62500	-51785668.9840654	42971344553.8421	250	-207142.675936262	171885378.219631	62500	-51785668.9840654	42971344553.8421	15625000	-12946417246.0164	10742836138679.7	62500	-51785668.9840654	42971344553.8421	15625000	-12946417246.0164	10742836138679.7	3906250000	-3236604311504	2.68570903468705e+15	
251	1	-833.847352528039	696320.185047487	251	-209295.685484538	174776366.446919	63001	-52533217.056619	43868867977.3928	251	-209295.685484538	174776366.446919	63001	-52533217.056619	43868867977.3928	15813251	-13185837481.2055	11011085862515.7	63001	-52533217.056619	43868867977.3928	15813251	-13185837481.2055	11011085862515.7	3969126001	-3309645207784.31	2.76378255149038e+15	
