# lnPI (bias) matrix in single row (vectorized) notation.
# species_total_upper_bound: 251
# species_total_lower_bound: 216
# volume: 729
0
3.37175025942733
6.74840455063053
10.1304925010199
13.5120016335836
16.8943772483696
20.2746556780836
23.6528923342632
27.032825968003
30.412385774747
33.7931123242185
37.1815716233743
40.5707684616745
43.9588457487705
47.3525448037918
50.7414551138775
54.1289794581479
57.5189461101073
60.9115495823334
64.3088465054987
67.704115360899
71.1050781365659
74.5079458127584
77.9044135914751
81.3111424470191
84.7086817536433
88.1090519750468
91.5085635283666
94.9154405836266
98.3213844294444
101.727028461507
105.131715450962
108.534813826159
111.947828637104
115.352733383179
118.769833706489
