# lnPI (bias) matrix in single row (vectorized) notation.
# species_total_upper_bound: 251
# species_total_lower_bound: 216
# volume: 729
0
3.37222010234338
6.74889573421817
10.1304317157053
13.5124086935431
16.8949264953257
20.274471349102
23.6530992700549
27.0338305203478
30.4156565372347
33.7991495036419
37.1890386824461
40.5797019982408
43.9674676726042
47.3611323526609
50.7511925290556
54.139037296133
57.5290356607902
60.920785347705
64.3154996616539
67.7105973329071
71.1097403798898
74.5125820999527
77.9105132756398
81.31473914518
84.7126263620897
88.114481785032
91.5167640880572
94.9234722399125
98.3289135411691
101.735796063071
105.141348811828
108.545916303036
111.958089743348
115.364573118767
118.780441216531
