# lnPI (bias) matrix in single row (vectorized) notation.
# species_total_upper_bound: 251
# species_total_lower_bound: 216
# volume: 729
0
3.37090085685268
6.74879961459445
10.1309374488663
13.5122929488879
16.8975995041824
20.2788750235159
23.657566248472
27.0356890740833
30.4136453132191
33.7944334306896
37.1810260384185
40.5704176315271
43.9586677320983
47.3516953618159
50.7397490720003
54.1271776943247
57.5172630548973
60.9085814767983
64.3069667765252
67.6960259139779
71.0930349231083
74.4941833153879
77.8891274842308
81.2949696844843
84.6913609729197
88.0923083596003
91.4922492071849
94.8971420675519
98.3021500413224
101.709340245582
105.114185731599
108.518977870832
111.93106043026
115.336276243013
118.753070483855
