# <P(N_2)> as a function of N_tot.
# number_of_species: 2
# species_total_upper_bound: 100
# species_total_lower_bound: 0
# volume: 512
# Bin widths for each species index 
1	1	1	1	1	1	1	1	1	1	1	1	1	1	1	1	1	1	1	1	1	1	1	1	1	1	1	1	1	1	1	1	1	1	1	1	1	1	1	1	1	1	1	1	1	1	1	1	1	1	1	1	1	1	1	1	1	1	1	1	1	1	1	1	1	1	1	1	1	1	1	1	1	1	1	1	1	1	1	1	1	1	1	1	1	1	1	1	1	1	1	1	1	1	1	1	1	1	1	1	1	
# Bin lower bound for each species index 
0	0	0	0	0	0	0	0	0	0	0	1	1	2	3	3	3	4	5	5	6	7	7	8	8	8	8	9	9	9	9	11	12	13	13	13	14	15	16	16	18	18	18	18	19	19	19	19	20	20	20	20	21	22	22	23	24	26	28	29	29	29	30	31	32	33	33	34	34	35	36	37	37	38	38	38	39	40	40	42	42	43	43	44	45	46	46	47	48	48	48	49	50	51	52	53	53	54	55	55	55	
# Bin upper bound for each species index 
0	1	2	3	4	5	6	7	8	9	10	11	12	13	14	15	16	17	18	19	20	21	22	23	24	25	26	27	28	29	30	31	32	33	34	35	36	37	38	39	40	40	42	43	43	44	46	47	47	48	49	50	51	52	53	54	55	55	56	56	57	59	60	60	61	62	63	64	65	66	67	67	68	69	69	70	71	72	74	75	76	76	77	78	79	80	81	82	82	84	84	85	85	86	87	88	89	90	90	91	91	
# Normalized histogram for each species index 
1	
0.248426883353401	0.751573116646599	
0.0620955612031644	0.375404629479908	0.562499809316927	
0.0156602353386638	0.13983825238064	0.420731604910752	0.423769907369945	
0.00402809746805302	0.0455500131268049	0.210497475379609	0.420817891529853	0.31910652249568	
0.00110440693500344	0.0143435423508745	0.0866753226915146	0.263149774688765	0.39591690216146	0.238810051172382	
0.000242022820607477	0.00432730676086154	0.0327542656522132	0.130949663848684	0.29759769373697	0.356864180775729	0.177264866404935	
7.06399054039528e-05	0.0012346626944517	0.0111426772524148	0.0567330579400789	0.172596323653619	0.312816535880465	0.310895437583501	0.134510665090066	
2.46103111050953e-05	0.000373769099908634	0.00377153017685585	0.02260457075003	0.0856900269790535	0.207786394804763	0.311425029301652	0.268186250834443	0.100137817742189	
2.0048641087685e-05	0.000101785408599016	0.00126614879484534	0.00865792854355876	0.0385257771547277	0.116052330037645	0.233791830332977	0.299938466093892	0.22605151266997	0.0755941723226968	
1.54241724545874e-06	2.62210931727985e-05	0.000387146728610143	0.00316812502217225	0.015980985080198	0.0582910325403766	0.144817555176121	0.250394473210526	0.28189526061453	0.189020148596477	0.0560175095205704	
1.08358294440446e-05	8.66866355523564e-05	0.00111299448146686	0.00622905395469075	0.0257304510027012	0.0804204301824289	0.173484725350423	0.258247227188644	0.256111020812532	0.156333155316135	0.0422334192459811	
3.09156759480678e-06	3.09156759480678e-05	0.000329251948846923	0.00240833115635449	0.0109827938805511	0.0397034568363061	0.104133271295877	0.193958767762988	0.257428650484371	0.232264836046442	0.127415866852367	0.0313407664923538	
9.24170287617196e-06	0.000129383840266407	0.000753198784408015	0.00468400307440649	0.0182046143822461	0.0556473735850568	0.12620777504463	0.209968408779002	0.251224910702046	0.20709886003595	0.102408849854674	0.0236633802144383	
3.06864717155119e-05	0.000240888802966768	0.00181510480197253	0.0081472582404684	0.0277206242242076	0.0725765742543571	0.147695522690344	0.219916133872802	0.239578490624516	0.181369322427361	0.0828135812186519	0.0180958123706373	
2.45428134040575e-05	7.9764143563187e-05	0.000731682624608465	0.00347127417083639	0.0130598445826341	0.0387469666616558	0.0916551366574529	0.165728415362574	0.224453232135133	0.225338307343517	0.155581495945834	0.0675326189329398	0.0135967186258479	
1.38353622635882e-05	3.53570368958366e-05	0.000207530433953824	0.00159260392278638	0.00574936165175778	0.0195263079413442	0.0515843795685519	0.110086440268898	0.180136416671919	0.224487976301562	0.208578846960909	0.13335598233378	0.0542008002988438	0.0104441612465354	
4.60538031230619e-06	9.82481133291987e-05	0.000526548482373674	0.00264195317249298	0.00923839290648622	0.0278395239878909	0.06601966190368	0.127550613129632	0.191352016849551	0.221302340147249	0.188967964974548	0.113435122472414	0.043563827500875	0.00745918097916526	
2.91088702387847e-05	0.000214486412285782	0.000980509313306431	0.00411967116168905	0.0139508090733881	0.0373528086995689	0.0815982914625216	0.142463407086018	0.200157187899289	0.213760222575614	0.169992738102898	0.0955123314366606	0.0345889980726864	0.00527942983383431	
7.67341927562922e-06	5.06445672191529e-05	0.000363720073664825	0.00173112338858195	0.00657305095150399	0.0196546961325967	0.048451503990178	0.0966175567833026	0.156470227133211	0.205337630448128	0.202845303867403	0.151160220994475	0.0797053406998158	0.0269152854511971	0.00411602209944751	
1.23296580677576e-05	0.000121755373419107	0.000614941696129412	0.00298994208143123	0.00991920991551102	0.0271267889563253	0.0611366095289762	0.111363012875245	0.169118213679139	0.202334312513678	0.190218882254848	0.134091196315898	0.0669438784788901	0.0208109216111164	0.00319800506132464	
3.71077593871035e-05	0.000231923496169397	0.00122455605977442	0.00467093921285165	0.0145122262336397	0.0355801566256677	0.073498102092723	0.126175658855999	0.176767450310391	0.199032105942653	0.176184549256685	0.118124821225638	0.055287469173502	0.0164603836014627	0.00221255015345605	
1.08443571387628e-05	9.29516326179672e-05	0.000501938816137023	0.00210380528491999	0.00724712895644751	0.0192471847274271	0.0452736418604579	0.0859787109777427	0.138844952029212	0.182385045941344	0.193725145120736	0.161356288255406	0.102204967645086	0.0461892154417449	0.0130070317910075	0.00183114716257395	
1.39856010467445e-05	0.000160057434201632	0.00106135172388072	0.00330526371404729	0.0100307838618596	0.0256495923197295	0.0556253972299186	0.100307838618596	0.148923341812751	0.185854652310188	0.184964235710212	0.145967718124873	0.0887153293065162	0.0374006051103386	0.0105560208789484	0.0014638262428926	
3.11355282842923e-06	6.38278329827992e-05	0.000414102526181087	0.00167353464528071	0.00507509111033964	0.013702745997917	0.0332823229594942	0.0664805799926209	0.112791564762677	0.159046505581822	0.185396503168818	0.1745411012325	0.131997515384843	0.0755939491214332	0.0306435869374005	0.00815595163407036	0.00113800355879088	
1.5625463880959e-06	9.37527832857538e-06	0.00018281792740722	0.000682832771597907	0.00241725926238435	0.00726271561186973	0.0184458601114721	0.041468418593677	0.0776991816944566	0.124411505966583	0.166739325073713	0.182291349274432	0.1633939132568	0.118417578021848	0.0644378504986867	0.0250851197144915	0.0062064342535169	0.000846900142347976	
3.11983277696315e-06	7.79958194240789e-06	3.58780769350763e-05	0.000277665117149721	0.00115277821108789	0.00388731164009609	0.0102673696689857	0.0240336317973357	0.0501216734783016	0.089164820765607	0.134767416466477	0.171659439054067	0.17735781362119	0.15287648582036	0.104327208061648	0.0544909992824385	0.0201899978161171	0.00475150531931488	0.000627086388169594	
4.67718826150471e-06	1.5590627538349e-05	0.000138756585091307	0.0004957819557195	0.00179915841792548	0.00535226243391523	0.0138273275637618	0.0294943491770487	0.0603653507657337	0.100790288909919	0.143739349652563	0.17298892597726	0.173069997240459	0.140147269067727	0.0920564193629358	0.0451504573510588	0.0164652617432504	0.00373083716992693	0.000367938809905038	
3.12142986459237e-06	6.24285972918474e-06	4.37000181042932e-05	0.00027000368328724	0.000775675321351205	0.00275622257043507	0.00719021369308853	0.0170664177846588	0.0371340903841232	0.0709329329579294	0.112124882166023	0.151094373310526	0.172746171566271	0.165086182678561	0.128028567326121	0.0796588901443974	0.038234394411392	0.013600069920029	0.00299189052521179	0.000255957248896575	
7.78993353628707e-06	7.78993353628707e-06	9.34792024354448e-06	0.000115291016337049	0.000430004331203046	0.00126820117970753	0.00394482234277577	0.00924820909428001	0.0217884441009949	0.0459512599438502	0.0807301972099574	0.122114998114836	0.156256718817675	0.170593312497858	0.155253375378201	0.116506245968709	0.0694379095557557	0.0331227973962926	0.0107750360673923	0.00224350085845068	0.000194748338407177	
3.11242386233127e-06	1.24496954493251e-05	1.55621193116563e-06	1.7118331242822e-05	0.000234988001606011	0.000726750971854351	0.00197638915258035	0.00541250509659407	0.0123065239516578	0.0283106074517652	0.0545872459094969	0.0910212796419468	0.130531944362311	0.160140432564668	0.166072712446272	0.145476247537295	0.104631909191921	0.0605428689700678	0.0271932472851883	0.00889219497468043	0.00173050766745618	0.000177408160152882	
9.34420791485558e-06	9.34420791485558e-06	5.9179983460752e-05	0.000327047277019945	0.00110261653395296	0.002825065526258	0.00719815483041041	0.0161903975804731	0.0350501238886233	0.0643457730696813	0.100623102931122	0.137750755712815	0.161928893692504	0.161492830656477	0.134447578214914	0.0932988012938613	0.0523244495872196	0.0223513453323345	0.00702217224801397	0.00149040116241946	0.000152622062609308	
1.08846076098957e-05	2.17692152197913e-05	0.000105736188210415	0.000482032622723951	0.0014274385408406	0.00394489278661504	0.00906221330721028	0.0216790284710236	0.0428247111691624	0.073380914618028	0.109539581098101	0.143986254295533	0.162421669698807	0.154817993811323	0.123767318188179	0.0833931986751878	0.0441790673446222	0.0180839980718695	0.00563511685403741	0.00110867503226509	0.000127505403430206	
7.77001984463068e-06	2.64180674717443e-05	0.00018492647230221	0.000716395829674949	0.00181507663570573	0.00526030343481497	0.0125889861522706	0.0267210982456849	0.0504864809424723	0.0819099951981277	0.118624892967977	0.148334340845907	0.160345237521737	0.147001005440568	0.114007947176297	0.0737576903771412	0.0374887917463741	0.0153038310859846	0.00447242342256942	0.000871796226567563	7.45921905084546e-05	
4.65879020535947e-06	1.55293006845316e-05	0.00011336389499708	0.000338538754922788	0.000934863901208801	0.00270365124917695	0.00731430062241437	0.0162731541873206	0.0328040947660045	0.0581448076230231	0.0915141689339446	0.125276421552185	0.15094169679351	0.15767830743046	0.138498068154995	0.104752897767508	0.0642711167430708	0.0319577478786975	0.0123395823239288	0.00348011628340353	0.000621172027381263	2.17410209583442e-05	
1.55349699942055e-06	7.76748499710273e-06	5.28188979802986e-05	0.000166224178937998	0.000447407135833117	0.00137329134748776	0.00380451415158092	0.0089978546206438	0.020324401243419	0.0390921984934186	0.066495885563197	0.0998246101887654	0.131845290340822	0.152186780051234	0.152815946336	0.129246289860791	0.0950646953825409	0.0566467145868708	0.0279800344565634	0.0104068763991182	0.0027294942279819	0.000469156093825005	2.01954609924671e-05	
1.54963320182113e-06	1.39466988163902e-05	7.12831272837719e-05	0.000195253783429462	0.000703533473626793	0.00194014076868005	0.00505180423793688	0.0116392949788785	0.0245942285461031	0.0459047843375473	0.0747620538218604	0.108680425343321	0.137856919267209	0.15227160731055	0.146922273497863	0.120122916905568	0.0856079366014064	0.0490970287332988	0.0233002848225825	0.00875542759028938	0.00216638721614594	0.000320774072776974	2.01452316236747e-05	
4.62846537059351e-06	3.70277229647481e-05	9.4112129202068e-05	0.000293136140137589	0.00100283416362859	0.00288816239125035	0.00676835919359791	0.014840402799913	0.0302377642660874	0.052608680223956	0.0830840390457339	0.116060311989422	0.141086424248222	0.150648833703868	0.139616115082163	0.112467080040052	0.0768047543596287	0.0429753009659607	0.0194657825269261	0.00697509731348442	0.00180510149453147	0.000229880446739478	6.17128716079134e-06	
6.17836952828149e-06	6.95066571931667e-05	0.000151370053442896	0.000466466899385252	0.00141639121435853	0.00362361372833709	0.00873158073584381	0.0188610175774613	0.0357356893515801	0.0594019338296623	0.0911587532050292	0.121846714652003	0.143710419820209	0.147907077322295	0.134311575175311	0.103736368972228	0.0681026227178648	0.0371350900497359	0.0161579809088382	0.00580457817182046	0.00145809520867443	0.000194618640140867	1.2356739056563e-05	
4.64881315800076e-06	1.70456482460028e-05	5.57857578960092e-05	0.000220043822812036	0.000712818017560117	0.00190601339478031	0.00495873403520081	0.0115879415985099	0.0227621388259577	0.0417726854334088	0.067286921648903	0.0989918273864682	0.126737493917803	0.14513749639717	0.144729950443652	0.126968384971317	0.0948156435661976	0.0598813622882078	0.0315979830349312	0.0138844552985623	0.00471234693782677	0.00108317346581418	0.000164258064916027	1.08472307020018e-05	
3.56674859850041e-05	0.00010855321821523	0.00038303778427374	0.00106537229876947	0.00274019337980445	0.00656436818150098	0.0145538850421419	0.0272670176554056	0.048631841760423	0.0756429839728927	0.105623832083679	0.131609921764145	0.145174421760268	0.139259822127798	0.118862672425156	0.0859214229776148	0.0530654653443851	0.0270685203420977	0.0116586156363157	0.00371407082322108	0.000893237909885321	0.00015352526576154	1.55076026021757e-06	
4.64595499927988e-06	5.26541566585053e-05	0.000144024604977676	0.000463046848261561	0.00149599750976812	0.00386698321106728	0.00871426292698262	0.0178280779839033	0.032757080048256	0.0548842150581596	0.0836721008853642	0.112170388850947	0.13445393767916	0.142703605106214	0.134633581272465	0.109879933036302	0.0787984940911196	0.0465524690927844	0.0233892861180413	0.00962641875850791	0.00312208175951608	0.000690698643226275	9.60164033184508e-05	
1.55145557562105e-06	1.24116446049684e-05	8.84329678103997e-05	0.000215652325011326	0.000673331719819535	0.00211153103842025	0.00502516460943657	0.0111022160991442	0.0217343411588753	0.0378896480678172	0.0623592054065124	0.0907880773741925	0.117046462991579	0.136227108272982	0.140758910009371	0.128631181774741	0.102723425117445	0.070057527972744	0.0410530659865085	0.0203985379082655	0.00803343697056579	0.00244043962045191	0.000538355084740504	8.53300566591576e-05	4.65436672686314e-06	
4.65821149522378e-06	1.08691601555222e-05	2.63965318062681e-05	0.000133535396196415	0.000358682285132231	0.00110399612436804	0.00258686011701427	0.00643920102356434	0.0137665677055513	0.0254524676099027	0.0445371601058346	0.0691464914351018	0.0972510341229519	0.121908500304336	0.137569407351279	0.137702942747475	0.12250940958722	0.094900190055029	0.0627228177831882	0.0356120268809858	0.0172540153783089	0.00658050010558613	0.00192073587319727	0.000414580823074916	7.91895954188043e-05	7.76368582537297e-06	
6.21723323795061e-06	2.33146246423148e-05	5.12921742130926e-05	0.00019895146361442	0.000571985457891456	0.00152633075991688	0.003525171245918	0.00819431340761891	0.0167041514020638	0.0305639185977652	0.0508414248033411	0.0768356769712127	0.103409686138523	0.126579760108056	0.137223663411427	0.133557050109346	0.115003271818991	0.0866231563960564	0.0558043312355352	0.0310488627903254	0.014355591546428	0.00543075323334986	0.0014983532103461	0.000373033994277037	4.97378659036049e-05	
3.10894037985034e-06	3.10894037985034e-06	2.48715230388027e-05	9.63771517753604e-05	0.000315557448554809	0.000805215558381237	0.00207210876317025	0.00490590791940383	0.0102781568957852	0.020689998227904	0.0356890810904919	0.0570972445461413	0.083776616415827	0.109604138621434	0.129718982879065	0.136630157343473	0.128565565998141	0.107619080188899	0.0786577460804034	0.0489564841615032	0.0266684905783562	0.0120533618526798	0.00413022729463117	0.00125912085383939	0.000309339567795108	6.99511585466326e-05	
1.5519636219727e-06	0	2.63833815735359e-05	4.50069450372083e-05	0.000152092434953325	0.000406614468956848	0.00116862860734544	0.00275628739262352	0.00590211765436218	0.0126547113735654	0.0242152883936401	0.0415212347422576	0.0643475156942321	0.0901287353824426	0.114356439485058	0.131561508198248	0.134595597079204	0.124208304557341	0.0997959167837106	0.0709387051967502	0.0435620669051517	0.0231568492034547	0.00966252551040204	0.00354778883982959	0.000968425300110965	0.000279353451955086	3.87990905493175e-05	1.5519636219727e-06	
1.5448667938607e-06	0	0	1.5448667938607e-05	0.000108140675570249	0.000208557017171194	0.000631850518689026	0.00161129606599671	0.00364588563351125	0.00756830242312357	0.0161701207313399	0.0285846702868045	0.0470489182070276	0.0708630398343903	0.095109724164034	0.118366148878813	0.131991874000664	0.132889441607897	0.117499478607457	0.0920431635782205	0.0658236843528167	0.0382045558121751	0.0191795212457806	0.00841025482577765	0.00293215717474761	0.000814144800364589	0.000228640285491383	4.6346003815821e-05	3.0897335877214e-06	
1.54325512630772e-06	0	9.2595307578463e-06	5.09274191681546e-05	0.000118830644725694	0.000330256597029851	0.000847247064342936	0.00195684750015818	0.00455723238798668	0.00978269424566461	0.0189496296959324	0.0334006706986779	0.053256191153753	0.0764389696611475	0.101191238631997	0.122309141780392	0.133258536901545	0.127367932084428	0.111435366160428	0.0858373933803615	0.0580881229542224	0.033375978616657	0.0169557440727429	0.00710823311177334	0.00250161655974481	0.000651253663301856	0.000186733870283234	3.2408357652462e-05	
6.16441100593941e-06	0	6.16441100593941e-06	4.00686715386062e-05	6.93496238168184e-05	0.000223459898965304	0.000457707517191001	0.00120206014615818	0.0027678205416668	0.00633393230860274	0.0116060448214324	0.0227004435293719	0.0384289382110263	0.0598780063061925	0.0830438628665128	0.107687636965507	0.124761514349208	0.130437395782926	0.123522467737014	0.103942757279399	0.0781292861920276	0.0517995456829089	0.0293256442580053	0.0148685593463259	0.00592862228496223	0.00204966665947485	0.000656509772132547	0.000115582706361364	1.0787719260394e-05	
4.61493732145961e-06	1.69214368453519e-05	4.61493732145961e-06	2.61513114882711e-05	5.07643105360557e-05	0.000104605245953085	0.0002399767407159	0.000638399662801913	0.00165214756108254	0.00370579466913207	0.00770079207707561	0.0145032096889071	0.0271004502640513	0.044166488478809	0.0652936715364511	0.0883652815188682	0.111070773140449	0.125858570630847	0.128038359359016	0.118697726220382	0.098495068939472	0.0718668805946501	0.0462278271490609	0.0260851640533302	0.0126449282607993	0.00505335636699828	0.0017936723056073	0.000467646981907907	0.000110758495715031	1.53831244048654e-05	
4.61472435482308e-06	1.07676901612539e-05	3.07648290321539e-06	1.69206559676846e-05	1.23059316128615e-05	5.07619679030539e-05	0.000135365247741477	0.000301495324515108	0.000952171458545162	0.00217199692967006	0.00490237550627372	0.00963554445287059	0.0180789517807452	0.0316124000719897	0.0495775219853159	0.0697700175205701	0.093892719964682	0.114728200426708	0.126005048508444	0.125988127852476	0.113731419966066	0.0923944727908161	0.0651076076807472	0.0411618030035703	0.0228998004900837	0.0106984692959315	0.00418247850692132	0.00147209706918856	0.000403019260321216	9.69092114512847e-05	1.53824145160769e-06	
7.67799119180851e-06	1.5355982383617e-06	3.0711964767234e-06	1.38203841452553e-05	1.5355982383617e-05	4.29967506741276e-05	0.000195020976271936	0.000543601776380042	0.00121465820654411	0.00279325319557993	0.00599958231727917	0.011836391221292	0.0214169886304306	0.0357118726313397	0.0541651566617323	0.0765127178246101	0.0994560911039723	0.118125894485974	0.125641112264516	0.123167263502515	0.108576009041602	0.084769629552281	0.0596073168184861	0.0363307187213995	0.0193777141698863	0.0091936266530715	0.00361019145838836	0.00128683132374711	0.000313262040625787	6.75663224879148e-05	3.0711964767234e-06	
1.38835754217522e-05	4.62785847391739e-06	4.62785847391739e-06	7.71309745652898e-06	2.00540533869754e-05	9.8727647443571e-05	0.0003193222347003	0.000658698522787575	0.00153799163283188	0.00355728054695117	0.0073706359294591	0.0142615171971221	0.0243224815194185	0.0403734373264553	0.0598551788821562	0.0823805086942034	0.104572632696129	0.119856906615986	0.125290012464365	0.120762424257383	0.102254075600696	0.078781577420987	0.0531787217237847	0.0312241611235206	0.0174069183398946	0.00735983759301996	0.00324258617072478	0.000962594562574817	0.000276128888943738	4.01081067739507e-05	4.62785847391739e-06	
1.23718163836871e-05	1.08253393357262e-05	2.78365868632961e-05	1.23718163836871e-05	2.01042016234916e-05	4.48478343908659e-05	0.000157740658892011	0.000337131996455475	0.000873759532097904	0.00191608506242355	0.00451571298004581	0.00905771606990695	0.0168395885752462	0.0281860906761352	0.0447859753089474	0.0653633989091151	0.0869955198559921	0.108305973576893	0.121396901787882	0.124465112251037	0.11517233166984	0.097712605798361	0.0732195023127564	0.0474026144740973	0.0283407383809313	0.0147224614965877	0.00652767961944293	0.00248209566197723	0.000858294761618295	0.000204134970330838	2.62901098153352e-05	6.18590819184357e-06	
4.65206435355689e-06	1.24055049428184e-05	1.24055049428184e-05	9.30412870711378e-06	2.79123861213413e-05	9.9244039542547e-05	0.000193836014731537	0.000446598177941462	0.00115371195968211	0.00260980810234542	0.00559643341732894	0.0110719131614654	0.0189121922853266	0.0326218259352588	0.0497693351424695	0.0710292692382245	0.0920395425470052	0.111092847451056	0.122555534018221	0.122634619112231	0.111928668346579	0.09072921108742	0.0668672223299089	0.0429850746268657	0.024860631905408	0.0126070943981392	0.00529249854622989	0.00203605349874007	0.000635782128319442	0.000141112618724559	1.86082574142276e-05	4.65206435355689e-06	
3.10505487408226e-06	4.65758231112339e-06	6.21010974816452e-06	3.26030761778638e-05	7.45213169779743e-05	9.93617559706324e-05	0.000225116478370964	0.000610143282757165	0.00155097490960409	0.00342642805354978	0.00698637346668509	0.0128844252000043	0.0224479942121777	0.0368243982791786	0.0557155521330951	0.0757493661806738	0.0974552522779459	0.113870124869782	0.123089032790932	0.119255842548877	0.106986218213941	0.0838442442374063	0.0608637331143235	0.0391330065780588	0.0216919133503387	0.0103010195447679	0.00452251242410081	0.0017062276533082	0.000503018889601326	9.4704173659509e-05	3.72606584889871e-05	4.65758231112339e-06	
3.10545022040933e-06	1.3974525991842e-05	2.7949051983684e-05	6.21090044081866e-05	0.000104032582383713	0.000284148695167454	0.00074220260267783	0.00202475354370688	0.00421099049887505	0.00852911903035422	0.0153191859372792	0.0266649483175447	0.0419950033305954	0.0609180642486596	0.0812773958936632	0.101804421850569	0.11683324819224	0.122735156336128	0.115881427699684	0.0998371191359395	0.0781284693701681	0.0549587052756941	0.0346366390333355	0.0185069305885294	0.00890798395724416	0.00387404914996064	0.0012639182397066	0.000361784950677687	7.45308052898239e-05	1.8632701322456e-05	
6.21809340819918e-06	2.33178502807469e-05	5.44083173217428e-05	0.000172552092077527	0.000419721305053444	0.000999558515368018	0.00250589164350427	0.00513148158511637	0.0103049353007381	0.0184040019649175	0.0308728337717089	0.0462268609199047	0.0656879387642161	0.0862651643752992	0.106015383563092	0.118406489202281	0.12087040871528	0.111490414809011	0.0947621890176034	0.0725573774569242	0.0502810578220506	0.0298779388263971	0.0163178316264667	0.00761250085498784	0.00330336212310581	0.00105396683268976	0.00030468657700176	6.21809340819918e-05	9.32714011229877e-06	
4.65957169217006e-06	4.19361452295305e-05	9.62978149715145e-05	0.000226765822352276	0.000549829459676067	0.00140874384159941	0.00321044489590517	0.00660571946893308	0.011891226958418	0.0211513491013239	0.0346641070086171	0.0512055865158208	0.0710041066358514	0.0916941581396505	0.108836722395144	0.118750737765518	0.117663504370678	0.10784734000584	0.0891469256145975	0.0671692791331954	0.0447132499580639	0.027124920010686	0.0144897147720848	0.0066802726160078	0.00253946657223268	0.000945893053510521	0.000293553016606714	4.34893357935872e-05	
3.11364977355982e-06	3.11364977355982e-06	6.53866452447562e-05	0.000157239313564771	0.0003409446502048	0.000765957844295716	0.00189154223743759	0.0041613929223627	0.00773119238774903	0.0142418340642626	0.024580708137368	0.0387789511048008	0.0565828005100158	0.0762470556549329	0.096165073256395	0.111253820059066	0.11740639201162	0.114884335695037	0.102407941052382	0.0834567117056106	0.0615584128481644	0.0409102443748025	0.0248515956676677	0.0126180657073512	0.00570887685982193	0.00230565765732105	0.000656980102221122	0.000222625958809527	4.20342719430576e-05	
3.11607536539879e-06	6.23215073079757e-06	3.11607536539879e-05	6.69956203560739e-05	0.000202544898750921	0.000495455983098407	0.00117476041275534	0.00259569077937719	0.00495923394403217	0.0095196102412933	0.0167520211643839	0.0280509104393199	0.0437917651476319	0.0609738047124408	0.0807686734711366	0.100008880814791	0.112378141977742	0.117784532736709	0.111624051739315	0.097802699456089	0.078232188123702	0.0564710758094395	0.0371576406946978	0.0216691880909832	0.0101428253143731	0.00481589447722383	0.00169514499877694	0.000559335528089082	0.000225915463991412	3.89509420674848e-05	1.55803768269939e-06	
1.09368335367064e-05	2.49984766553288e-05	4.68721437287415e-05	9.68690970393992e-05	0.000339041839637897	0.000593713820564059	0.00161240174426871	0.00330604853766724	0.00621212144884921	0.0113618076398469	0.0197425469385459	0.0317386909235218	0.047189311901306	0.0658366130813904	0.0864119217735169	0.102601560217424	0.114289910458581	0.116311662258081	0.108471515017054	0.0929349617757668	0.0730955457401815	0.0516265415076269	0.0328042509909552	0.0183707555320848	0.00889164566534227	0.00389663754864938	0.00148897176578302	0.000499969533106576	0.000167177312632511	2.18736670734127e-05	3.1248095819161e-06	
2.65730877146363e-05	6.25249122697325e-06	5.62724210427592e-05	0.000157875403481074	0.000345450140290272	0.000859717543708822	0.00187731049089872	0.00391718575369874	0.00772495291092545	0.0137898694010895	0.0228122142416119	0.0350749126605132	0.051468944657637	0.0718223667242417	0.090149981633307	0.105484216367459	0.114686320330757	0.114350248927307	0.105302894121877	0.0883820897388803	0.0675144002688571	0.046329396869065	0.0292804164159157	0.0157625303831996	0.00776403098109403	0.00330756785906885	0.00125049824539465	0.000384528210458855	0.000101602982438315	9.37873684045987e-06	
4.69164917724112e-06	9.38329835448224e-06	8.60135682494206e-05	0.000225199160507574	0.00046134550242871	0.000993065742516038	0.00233800517332516	0.00489808174103973	0.00909554387161146	0.0157373552235258	0.0260026836233294	0.0396287967170967	0.0572037145350419	0.0762486824285227	0.0931933553736586	0.108545995364651	0.11528163970011	0.112608963552141	0.100298076111061	0.082928026973855	0.0619063108936966	0.0420231016805487	0.0256523738180954	0.0138872815646337	0.00668090842839136	0.00278840349434031	0.000880466162262251	0.000298701664284351	7.97580360130991e-05	1.40749475317234e-05	
1.56322543430311e-06	5.00232138976994e-05	9.06670751895802e-05	0.000242299942316981	0.000614347595681121	0.00142409837065013	0.00290134640606657	0.00579956636126452	0.010634622629564	0.018839992934221	0.0302124579687761	0.0448848918951451	0.0623586257997852	0.0810297903871015	0.0955333959665657	0.110627900760197	0.113085291142921	0.109267894632353	0.0964150551115127	0.0773124403043287	0.0564918407448457	0.0382021031634993	0.0226214352598002	0.0120915487343345	0.00587303795667677	0.00236203363123199	0.000708141121739307	0.000240736716882678	5.78393410692149e-05	2.50116069488497e-05	
3.12791286885913e-06	2.34593465164434e-05	5.16105623361756e-05	0.000115732776147788	0.000420704280861552	0.000902402862665858	0.00172347999074138	0.00351733802103209	0.00710349012517907	0.0127697042871174	0.0219735879037354	0.0344508323376144	0.0490300342193668	0.0665510381542812	0.0838327567547278	0.099117302988408	0.109971160643349	0.112410932681059	0.105970560084078	0.091821446221794	0.0726082414248269	0.0518764349300286	0.0345337220286392	0.0203689686020106	0.0109414392152692	0.00494523024566628	0.00207224227561917	0.000573972011435649	0.000243977203771012	6.09943009427529e-05	1.40756079098661e-05	
2.03860490425614e-05	2.35223642798785e-05	7.99760385515869e-05	0.000177201810908418	0.00051435569892001	0.00103655218593331	0.00221737487278321	0.00459626998028826	0.00841473378172187	0.0152738552057344	0.0246279154010328	0.0370147924308168	0.0531934745825172	0.0699931471512065	0.0877415550791841	0.102069811240867	0.111060058868637	0.110719768665388	0.102320716459853	0.0872303356955014	0.0672112355357062	0.0481832109909031	0.0316093531193007	0.0181827875883461	0.00946696754384177	0.00442377264223582	0.00169047391291393	0.000594331737471597	0.000257177849460005	4.86128861784156e-05	6.27263047463427e-06	
3.14030407564364e-06	1.25612163025746e-05	3.14030407564364e-05	0.000105200186534062	0.000255934782164957	0.000593517470296649	0.00130322619139211	0.00295188583110503	0.00555676806185143	0.0104053975546452	0.0173501800179311	0.0268401789345262	0.0410359235084733	0.0576795351093846	0.0741849733309676	0.0909118029898835	0.105484384052908	0.111121229868688	0.108783273484371	0.0989384202072287	0.0823073698226199	0.0623366060535642	0.0440459049649778	0.0279895302262118	0.0157517652434285	0.00822445637411071	0.00362391090329277	0.00145867124313647	0.000472615763384368	0.00019783915676555	4.08239529833674e-05	1.57015203782182e-06	
4.71398671284279e-06	1.09993023299665e-05	6.28531561712371e-05	0.000182274152896588	0.000359834319080333	0.000776236478714779	0.00178974362197598	0.00351034877216359	0.00653044292619154	0.0116246912338703	0.0193870560210181	0.0303502177861861	0.0454145479915274	0.0619135014864771	0.0784391675727997	0.0957049295730385	0.108305416056467	0.110495848549035	0.105304177849291	0.0946348545892232	0.0769259778379771	0.0574792113185964	0.0400657444013551	0.0251098358904092	0.0140586797066015	0.00688242060075047	0.00301852282512366	0.00112821415327371	0.000375547608123142	0.000125706312342474	2.51412624684949e-05	3.14265780856186e-06	
6.28332123793995e-06	3.45582668086697e-05	0.000127237255068284	0.000246620358589143	0.000515232341511076	0.00104774381642649	0.00230126640339551	0.00440303735748642	0.00788085566268618	0.0135091406615709	0.0220937283029063	0.0343917587958643	0.0498235957562448	0.0658492065736107	0.0831251983173266	0.0992670505775943	0.108381008033226	0.107537472157033	0.102449552784611	0.0897870896598524	0.0725001021039701	0.0536454258992218	0.0367904166784479	0.0225539815835855	0.0118849021215634	0.00596915517604295	0.00252118264672341	0.000928360712905628	0.000323591043753907	7.22581942363094e-05	2.82749455707298e-05	4.71249092845496e-06	
1.09970041018825e-05	5.0272018751463e-05	0.00014139005273849	0.000328339122470493	0.000612690228533455	0.00146574354672234	0.0029864721139541	0.00538696100933646	0.00918249842507191	0.0155246277906862	0.0253826564677309	0.0378642561233675	0.0537407880453139	0.0710767795116388	0.0862306511640329	0.100756122582034	0.107707800175009	0.105766043450734	0.0998590812474373	0.0863956062255611	0.0680651713883089	0.0495116544678471	0.0330192903161953	0.0196956343464716	0.0105618369395652	0.00502563087456032	0.00230465785963738	0.00100229837385729	0.000279638104305013	4.87010181654798e-05	1.57100058598322e-05	
1.57026545337489e-06	1.4132389080374e-05	7.53727417619949e-05	0.00014760495261724	0.000441244592398345	0.000910753962957438	0.00199266686033274	0.00382987744078136	0.00620725933719095	0.010668383490229	0.0176372215723068	0.0281407271899315	0.0420312953904858	0.0583651966364914	0.0747132302715774	0.0892790126170829	0.102037419425754	0.107035574363846	0.105220347499745	0.0961410726483312	0.0818642191462467	0.063955341650506	0.0453052988607724	0.0294314853926056	0.017659205288654	0.00943415484387636	0.0044658349493982	0.0018576240313425	0.000838521752102193	0.000230829021646109	5.65295563214961e-05	1.09918581736243e-05	
4.71192100307374e-06	5.02604906994533e-05	0.000108374183070696	0.000215177725807034	0.00059527268672165	0.00120782241712124	0.0024517695619327	0.00429727195480325	0.00717154376667824	0.0124394714481147	0.0208800926049541	0.0316248431322966	0.0456899273264717	0.0628256133743166	0.0785163103145521	0.09239134702827	0.103591583252576	0.106919770121081	0.102405749800136	0.0928688216899148	0.0776870122180112	0.0588047741183603	0.0407471221942474	0.0264181704239001	0.0156797024578951	0.00824272047471033	0.00360619020768577	0.00164446043007274	0.000658098300095966	0.000210465804803961	4.24072890276637e-05	3.14128066871583e-06	
6.27366347441757e-06	3.13683173720878e-05	5.33261395325493e-05	0.000174094161415088	0.00036073564977901	0.00086419714360102	0.00149156349104278	0.00269140163052514	0.00520714068376658	0.00812439419937075	0.0149124980786906	0.0243480879442146	0.0355308930873639	0.0494960679814174	0.0659314978685228	0.0814713622946552	0.0953047902557459	0.105496356569937	0.105590461522053	0.099970827464844	0.088929179749869	0.072567465408588	0.0540836843970853	0.0368264045948311	0.0240783204148146	0.0138459752880396	0.00711747121172673	0.00325759975909132	0.00151195289733463	0.000525419315982471	0.000178799409020901	2.03894062918571e-05	
1.56783554032316e-06	1.41105198629085e-05	1.56783554032316e-05	0.000116019829983914	0.000236743166588798	0.000489164688580827	0.000920319462169696	0.00174500095637968	0.00335360022075124	0.00599853877727642	0.0100090620894231	0.0168260110187482	0.0271815647625827	0.0388870249066354	0.0534553527473182	0.0691478186704128	0.085503479027064	0.0985431672159317	0.105065363063676	0.10464675097441	0.0975726770164717	0.0847038829014992	0.0674263352471379	0.0497991602672846	0.0337978307427464	0.0218101602014355	0.0121632681218271	0.0060581165278087	0.00273744085340424	0.00112727375349235	0.000504843043984058	0.000131698185387146	1.09748487822621e-05	
7.84252215512509e-06	7.84252215512509e-06	4.39181240687005e-05	9.72472747235511e-05	0.000250960708964003	0.000547408046427731	0.00092228060544271	0.0022131597521763	0.00398870676809662	0.00679162418633833	0.011600658771861	0.0189459650223512	0.0294345541526155	0.0424264763547957	0.0580942671163046	0.0742686848090346	0.0892447651164615	0.0996470865030194	0.104500039212611	0.103645204297702	0.0938640106658301	0.0806807309230649	0.0630476041094816	0.0459493373068779	0.0307568033879696	0.0192251588110736	0.0107599403968316	0.00510077640969336	0.00232922908007215	0.00111206964159674	0.00042192769194573	6.11716728099757e-05	1.25480354482001e-05	
4.69839440201968e-06	2.19258405427585e-05	5.01162069548766e-05	0.000128422780321871	0.000234919720100984	0.000545013750634283	0.00115110662849482	0.00260760889312092	0.00458250067343653	0.00815641268190617	0.0133262126555952	0.0213729961347875	0.0330375433035351	0.0464154382975525	0.0620344674213332	0.0778711888190742	0.0918880654517663	0.101178357316027	0.105576054476317	0.10068189364088	0.0908920058385381	0.0755329545383358	0.0589147335383921	0.0420334024519354	0.0278270239116952	0.0171507056988392	0.00932787901947641	0.00436794066241097	0.00190128360135063	0.000916186908393838	0.000225522931296945	3.75871552161575e-05	7.83065733669947e-06	
3.13286643180611e-06	7.83216607951528e-06	1.72307653749336e-05	5.4825162556607e-05	0.000158209754806209	0.000313286643180611	0.000762852976144789	0.00145991575722165	0.00303574757242012	0.00567832040764858	0.00935943846502076	0.0151630735299416	0.0244050295037696	0.036339684175735	0.0504219187867035	0.065215314077692	0.0814560936601748	0.0948334333239869	0.101868284896608	0.103544368437624	0.0983798381247915	0.0876012111661625	0.0715358721038608	0.055357749850014	0.0390511800724632	0.0252493370071414	0.014816891789227	0.0076347954943115	0.00367485232450857	0.00175127233537962	0.000609342520986289	0.000192671285556076	3.75943971816734e-05	7.83216607951528e-06	1.56643321590306e-06	
4.70935434751895e-06	2.82561260851137e-05	7.84892391253159e-05	0.000167966971728176	0.000486633282576959	0.00096384785645888	0.001739321539017	0.00375806476932013	0.00657268888435395	0.0108943063905939	0.0174560067814703	0.0270207054612813	0.0392524684865705	0.0534637301226002	0.0694786744737297	0.0846710515988258	0.0959546646154812	0.102370375021585	0.102607412523743	0.0967992088284696	0.084231511859724	0.0679104594760058	0.0513366717423041	0.0356498124107185	0.0223380374550649	0.0129507244556771	0.00674693499521216	0.00292293926502676	0.0013657127607805	0.00052430811735711	0.000188374173900758	5.96518217352401e-05	4.70935434751895e-06	1.56978478250632e-06	
4.70090492419791e-06	1.88036196967916e-05	4.07411760097152e-05	0.000111254749872684	0.000246014024366357	0.000581345242292475	0.00114702080150429	0.00241156422611353	0.00442825243859443	0.00757159086457476	0.0123602460140244	0.0196168762486779	0.0301014611979473	0.0427045872997219	0.0572993301210483	0.0737650331022055	0.0863493555842833	0.0976754025149841	0.102119324636659	0.101718180749794	0.093847298938379	0.0806032827986054	0.0641422807223724	0.0473929564774552	0.0318266933051279	0.0202577662866769	0.0112962745328476	0.00582285423277314	0.00261840404277823	0.00126767736122537	0.000440318094566537	0.000153562894190465	4.23081443177812e-05	1.25357464645278e-05	4.70090492419791e-06	
3.13250332436915e-06	1.87950199462149e-05	7.04813247983059e-05	0.000166022676191565	0.000261564027584824	0.000660958201441891	0.00142059025760141	0.00298370941646162	0.00496658402078729	0.0089260682227899	0.0142168663376494	0.0220246308736395	0.0334786292791953	0.045779969833993	0.0618168206031009	0.0771394606142526	0.0900939281121812	0.0992752953559072	0.101018533455919	0.0997686646294953	0.0901738069469526	0.0758457367412881	0.060443217895365	0.0439819129258051	0.0287783080409794	0.0175138260865479	0.0100255768896435	0.00502923408727467	0.00246371386461634	0.00102276233540653	0.000443249220398235	0.000136263894610058	2.50600265949532e-05	2.66262782571378e-05	
3.13013537835511e-06	9.39040613506534e-06	2.66061507160185e-05	8.1383519837233e-05	0.000220674544174036	0.000419438140699585	0.000793489318413021	0.00183269426402692	0.00337585100555599	0.00588778464668597	0.0101682447765866	0.0163440018780812	0.0251678535096643	0.0367556146803349	0.0502026762657485	0.0658862195789968	0.0814852492370295	0.091370216761875	0.0991251271617497	0.100480475780578	0.096959073479928	0.0864825103685734	0.0718397370686282	0.0569543782768605	0.039647859769935	0.0258940449174427	0.0158760466390171	0.00848579701072071	0.00462477502151968	0.00213944753110572	0.00095469129039831	0.000314578605524689	0.000142421159715158	3.75616245402614e-05	1.09554738242429e-05	
9.35127114945825e-06	1.2468361532611e-05	7.01345336209369e-05	0.000118449434559804	0.000272745408525866	0.000467563557472913	0.00108630599852873	0.00215390945475855	0.00392753388277246	0.00685604029774447	0.0117155842050796	0.0191934840342631	0.0281722628829346	0.0401465655898158	0.0543012730197125	0.0700737503584654	0.0833665822974203	0.0940722292183584	0.0995676595638567	0.100117826016483	0.0936545391070159	0.0825623729785669	0.0680975150555466	0.0515847287507949	0.0364590476665461	0.0234623393139907	0.0141406805231725	0.00735009912347418	0.00401637095869232	0.00177830006358864	0.000741867511190354	0.000294565041207935	9.81883470693116e-05	4.20807201725621e-05	1.55854519157637e-05	
4.66671851909466e-06	3.11114567939644e-05	0.000105778953099479	0.000144668274091934	0.000312670140779342	0.000622229135879287	0.00145757175079723	0.00256669518550206	0.00461694018822431	0.00823675818620207	0.0135194835498172	0.021577350859454	0.0318596873298592	0.0435140390448783	0.0588255425060278	0.0731321459127324	0.0862689585439838	0.0948883876487517	0.100401337792642	0.0984148712763475	0.0903601151123901	0.0784288714319048	0.0638687096523295	0.0476191957688419	0.0328023644707163	0.0215353503927821	0.0121941354903943	0.00663140701563351	0.00352026133623707	0.00153068367426305	0.000644007155635063	0.000216224624718052	9.02232247024967e-05	2.95558839542662e-05	2.80003111145679e-05	
6.2279588643317e-06	6.69505577915658e-05	7.78494858041463e-05	0.000175939837917371	0.000370563552427736	0.000934193829649755	0.00185437475185476	0.00315290417506792	0.00548683175947623	0.00922516406779133	0.0157364950604501	0.0236413318490031	0.0348687846916771	0.0480253477925778	0.061923037998334	0.0766179069387247	0.0872459187407067	0.0961067472149346	0.0993452858243871	0.0974130615867282	0.0883576093979899	0.075328719453808	0.0598320008096347	0.043447798027294	0.0301869166154158	0.0185748873128693	0.0110826527990783	0.00576241893922291	0.00302367402863304	0.00132655523810265	0.000504464668010868	0.000160369940756541	9.34193829649755e-05	2.64688251734097e-05	1.71268868769122e-05	
1.55699214030368e-06	2.02408978239478e-05	5.60517170509323e-05	0.000133901324066116	0.000231991828905248	0.000591657013315397	0.0012300237908399	0.00215020614575938	0.0036013228205224	0.00653313902071422	0.0108257663515315	0.0176547338789034	0.026317838147553	0.03788940373429	0.0517871155786406	0.0658623245269858	0.0791496954523374	0.0895986697059153	0.0978367151202621	0.0996537249479965	0.0959916794340022	0.0846474346997496	0.0710284244485134	0.0546659940460621	0.0397110845384452	0.0272956292116637	0.0165025596950787	0.00959418556855125	0.00512094714945879	0.00266245655991929	0.000974677079830101	0.000389248035075919	0.000186839056836441	8.25205834360948e-05	1.71269135433404e-05	3.11398428060735e-06	
1.09365943132834e-05	2.65603004751169e-05	9.06174957386341e-05	0.000164048914699251	0.00037809368911637	0.000773373455010757	0.00138582273655463	0.00246854557356969	0.00451837582200224	0.00744625835672983	0.0124958401882344	0.0196483728691218	0.0286445028771055	0.0413168909449686	0.0546939081607304	0.0696145475452814	0.0811385932102498	0.0927110723643198	0.0989089965987192	0.0994480144613024	0.0925282750022264	0.0811635911401087	0.0664460599356616	0.0511004557435087	0.0370344330860101	0.0244854722968254	0.0151299970471195	0.00833680960795434	0.00431370527128222	0.002138885373555	0.000912424439851075	0.000304662270155753	0.000160924173466885	5.78077127987838e-05	1.56237061618335e-06	1.56237061618335e-06	
1.40857855642609e-05	3.9127182122947e-05	0.000122076808223595	0.00018468029962031	0.000461700749050775	0.000873318704984177	0.00162143042717492	0.0029846214523384	0.00520548030963687	0.00879579054123848	0.014254814991032	0.0217938404424815	0.0314707751251287	0.0447270644283832	0.0584059272985654	0.0727718634868267	0.0842236071505708	0.0938332430799666	0.0992656610459165	0.0976911832372891	0.089956521875225	0.0772605338199711	0.0625941008730057	0.0475332659302409	0.03363842101474	0.0224636978004263	0.0137445965361488	0.00734338954083469	0.0036936059924062	0.00183428229792376	0.000718375063777307	0.000308322195128822	0.000139292768357691	2.34763092737682e-05	7.8254364245894e-06	
7.816188263837e-06	9.3794259166044e-06	6.40927437634634e-05	0.000143817864054601	0.000231359172609575	0.000581524406829473	0.0011317840606036	0.00175707912171056	0.00350477881750451	0.00612163864823714	0.00995782384812834	0.0162623613017393	0.0246741431112806	0.0347148185550056	0.0475458732089205	0.061924533139075	0.0749306704100998	0.0863282361364269	0.0955529015254073	0.0992812233272576	0.0948009842144262	0.0870629578332276	0.0746555405832127	0.05832908653771	0.0450947165693812	0.0307379419663654	0.0204268264087116	0.0120916432441558	0.00634205515727734	0.0032030739505204	0.00155698470215633	0.000592467070398844	0.000253244499748319	9.22310215132766e-05	1.71956141804414e-05	9.3794259166044e-06	7.816188263837e-06	
1.56223393203345e-06	6.2489357281338e-06	3.28069125727025e-05	8.43606323298063e-05	0.000142163287815044	0.000331193593591092	0.00076080792490029	0.0012841562921315	0.00218712750484683	0.00409305290192764	0.00704567503347086	0.0114308656806888	0.0184124891229462	0.0269969645794701	0.0382466111240429	0.0512522086082214	0.0647217895702138	0.0775992838719656	0.0888926729666354	0.096068013416465	0.0983785574019425	0.0937074779451625	0.0845152934890776	0.0708566822213092	0.055340574808353	0.0409664603997132	0.0283139277841743	0.017887578521783	0.0103326152264692	0.0053662735565349	0.00276671629363124	0.00124822491169473	0.000440549968833433	0.000199965943300282	6.2489357281338e-05	1.7184573252368e-05	9.3734035922007e-06	
7.80743736483374e-06	4.68446241890024e-06	1.56148747296675e-05	0.000112427098053606	0.000185817009283043	0.000460638804525191	0.000874432984861379	0.00162550845935838	0.00274041051505664	0.00473443001803518	0.00801823817368425	0.0130149980871778	0.0202821607863651	0.0302585042511496	0.0416495553664421	0.0549534286361188	0.0681355058829041	0.0807039185528134	0.0910846872730963	0.0966482671392769	0.0972681776660447	0.0912111677584067	0.081147380995136	0.0664116237127488	0.0514525737217273	0.0373257965537971	0.0256724155430463	0.0158084991763154	0.00913314022938251	0.00483748819125099	0.00247808061959823	0.00112895544295496	0.000356019143836419	0.000181132546864143	5.77750364997697e-05	1.56148747296675e-05	3.1229749459335e-06	
3.12044609897431e-06	1.24817843958972e-05	3.12044609897431e-05	0.000113896282612562	0.000265237918412816	0.000528915613776145	0.000940814498840754	0.0019924048341951	0.00312824721422175	0.00528291524556351	0.00958913086214805	0.0149422561449385	0.0231630713926863	0.0333762914746292	0.0449422249404775	0.0582618491139493	0.0713053138076619	0.0828181996898277	0.0928972405895147	0.0961846305547841	0.0964030617817123	0.0886362714413653	0.0767146071202339	0.0623199892656654	0.0477740297752967	0.0347305650815841	0.0236139758539881	0.0139452736163162	0.00808039517329397	0.00429841450133711	0.0021624691465892	0.000934573606642806	0.000397856877619224	0.000156022304948715	4.36862453856403e-05	9.36133829692293e-06	
3.11083597495155e-06	1.3998761887282e-05	5.75504655366037e-05	0.000143098454847771	0.000279975237745639	0.000542840877629045	0.00114167680280722	0.00227246567970211	0.00375322360377904	0.00643943046814971	0.0110916856686897	0.0170473811427345	0.0254186407513291	0.0355972960613706	0.0478804319084668	0.061830975838137	0.0743769773251166	0.0859570642418737	0.0932239770793605	0.0968792093499286	0.0932270879153355	0.0855635434910424	0.0736070454213161	0.0591556568996787	0.0445751686850807	0.0322158173565982	0.0210728028943218	0.0127077649576771	0.00690916670036739	0.00379988614340332	0.0019520495742821	0.000864812401036531	0.00029086316365797	7.46600633988372e-05	2.17758518246608e-05	1.08879259123304e-05	
9.32299516758084e-06	2.33074879189521e-05	7.61377938685768e-05	0.000184906070823687	0.00044128843793216	0.000722532125487515	0.00140155694019299	0.00274406824432463	0.00473142004754728	0.00776760880712277	0.0126404276147117	0.0190966017682614	0.0274872974190842	0.0388675668536445	0.0512857964168622	0.0646674021473966	0.0783240362353746	0.0880028590518514	0.0943906645741722	0.095419301707662	0.0901984244138167	0.0826095063474059	0.069995493885669	0.0559115558525102	0.0417608030206504	0.0290271454542629	0.0189691875009711	0.0111969171962646	0.00602265487825722	0.00332364777724257	0.00173563093369797	0.000637071336451357	0.000239290209301242	6.6814798700996e-05	1.86459903351617e-05	3.10766505586028e-06	
1.08573085972823e-05	3.87761021331509e-05	0.000136491879508691	0.000293147332126621	0.000532008121266831	0.000817400232966822	0.00187831438732983	0.00317964037491838	0.00565200464692808	0.0089355649755633	0.014095888647443	0.0207638271702597	0.0307432448152474	0.0417789234823421	0.0551256578365727	0.0687345186412233	0.0812126683076713	0.0894425082244113	0.0940087820116111	0.0938598817794198	0.0886483736527243	0.0794196613450344	0.0665072193346952	0.0516838910112342	0.0384085046849287	0.0265368132558432	0.0167031937548761	0.00995460093962251	0.00557135035449113	0.00305555684809229	0.00127961137039398	0.000640581207239653	0.000245064965481514	8.5307424692932e-05	1.86125290239124e-05	1.55104408532604e-06	
4.66628299450934e-06	1.55542766483645e-05	7.3105100247313e-05	0.000160209049478154	0.000363970073571729	0.000659501329890653	0.00117279245928668	0.00222115070538645	0.00381701948950864	0.00647991165170864	0.0102564900219315	0.0161126751800408	0.0234387394814204	0.0332503771912087	0.04545892893251	0.0586676206623011	0.0720754071331913	0.08335692398625	0.0902754662394425	0.0930519046211756	0.0926568259943071	0.0862889051344667	0.0760495248168484	0.0632919071098599	0.0483271375464684	0.0355819632607986	0.0235087337263381	0.0151094243362212	0.00897792848143597	0.0049291502698667	0.00245135399978224	0.00106080166741846	0.000538177972033411	0.000225537011401285	7.62159555769859e-05	1.08879936538551e-05	3.11085532967289e-06	
1.24358001815627e-05	4.81887257035554e-05	9.01595513163295e-05	0.000244052578563168	0.000411935881014264	0.000767910661211496	0.00149229602178752	0.00261773593821894	0.00436962928879659	0.00731069603173616	0.0116725529454193	0.0180552273886063	0.026118289331327	0.0367135910860184	0.0489053386890179	0.0622893686344248	0.0744733438623108	0.0850235658413441	0.0906227848730927	0.0936897640928706	0.0907937771255891	0.0835452600947608	0.0730976334672254	0.0597462474972952	0.0454093243629761	0.0317843507890515	0.0217004713168269	0.0133980202206111	0.00797445686642707	0.00411935881014264	0.00187314240234788	0.000954447663934936	0.000430589581286608	0.00018342805267805	4.35253006354694e-05	1.55447502269534e-05	1.55447502269534e-06	
2.17236809846414e-05	7.44811919473418e-05	0.000105515021925401	0.000217236809846414	0.000498092971147848	0.00095584196332422	0.00181547905371646	0.0030475221038454	0.0051500640848589	0.00830620459362751	0.0131350685382135	0.0197561361640324	0.0289328396885445	0.039988641618228	0.0526706162387619	0.064883980026627	0.0774154405717673	0.0857712992933597	0.0922371977692883	0.0929028734223177	0.089140021537478	0.0807469222199119	0.0690766504566628	0.0563388149421685	0.0414503350101946	0.029932129013838	0.019666138057096	0.0121745715003926	0.00698726681956	0.0035719938304746	0.00161531085035798	0.000808431270928439	0.000391026257723544	0.000164479298883713	4.34473619692827e-05	6.20676599561182e-06	
1.39264128345821e-05	2.32106880576368e-05	7.58215809882802e-05	0.000100579648249759	0.000272338739876272	0.000693225883321419	0.00116517654049337	0.00204099316986819	0.00346458203740325	0.00598990489807413	0.009615414372677	0.0150559996533871	0.0214590547988871	0.0315340407951053	0.0425653071392982	0.0556994618215129	0.0678309147796377	0.079182488619026	0.0877518746499055	0.0923305697140753	0.0927189618942397	0.0866702565864196	0.0779198271886905	0.0667106122360558	0.0527300411293392	0.0389258712518607	0.0273855171496037	0.0174451531441198	0.0108192753932664	0.00614000068084685	0.00304214751475426	0.00136169369938136	0.000690131124913734	0.000355897216883764	0.000156285299588088	5.72530305421707e-05	6.18951681536981e-06	
1.54973646731373e-06	1.54973646731373e-06	2.94449928789609e-05	7.43873504310592e-05	0.000119329707983157	0.000359538860416786	0.000970135028538397	0.00124598811972024	0.00215413368956609	0.00423388002870112	0.00697846331231374	0.0110852649506951	0.0163714160407023	0.0238504442319584	0.0345420761199558	0.0457575189339053	0.0584514103376721	0.0694405916273938	0.081252682981259	0.0887301614360478	0.0936149307810207	0.090850200923333	0.085130123622478	0.0763493167986784	0.0644798851955225	0.0483827725095348	0.0356873313693006	0.0241789883630289	0.0152494068383671	0.01006708809167	0.0056766846797702	0.00236489784912076	0.00112975788467171	0.000680334309150729	0.000328544131070511	0.000134827072656295	4.49423575520983e-05	
