# <P(N_1)> as a function of N_tot.
# number_of_species: 2
# species_total_upper_bound: 100
# species_total_lower_bound: 0
# volume: 512
# Bin widths for each species index 
1	1	1	1	1	1	1	1	1	1	1	1	1	1	1	1	1	1	1	1	1	1	1	1	1	1	1	1	1	1	1	1	1	1	1	1	1	1	1	1	1	1	1	1	1	1	1	1	1	1	1	1	1	1	1	1	1	1	1	1	1	1	1	1	1	1	1	1	1	1	1	1	1	1	1	1	1	1	1	1	1	1	1	1	1	1	1	1	1	1	1	1	1	1	1	1	1	1	1	1	1	
# Bin lower bound for each species index 
0	0	0	0	0	0	0	0	0	0	0	0	0	0	0	0	0	0	0	0	0	0	0	0	0	0	0	0	0	0	0	0	0	0	1	1	1	1	0	1	1	1	1	1	2	2	2	2	2	2	1	2	2	3	3	3	3	4	4	4	3	3	4	4	4	5	4	4	5	5	6	6	5	6	5	5	6	6	5	5	5	5	5	6	7	7	7	7	7	7	7	8	8	8	8	9	7	7	8	8	9	
# Bin upper bound for each species index 
0	1	2	3	4	5	6	7	7	8	8	10	11	11	11	12	12	13	13	13	13	13	14	14	14	15	15	16	17	17	17	18	18	19	20	21	21	21	21	22	22	22	23	23	23	24	25	25	25	24	25	26	26	26	27	28	28	29	28	29	30	30	30	31	31	29	30	31	31	31	32	32	33	34	35	36	36	37	38	37	37	37	37	38	38	39	39	39	39	39	40	40	41	41	41	42	43	41	41	42	42	
# Normalized histogram for each species index 
1	
0.748232951717272	0.251767048282728	
0.563125070585135	0.375650951801333	0.0612239776135323	
0.426514923123304	0.41866395337152	0.139156868656416	0.0156642548487589	
0.321939716267577	0.419640505249426	0.207819575279405	0.0467242828292964	0.003875920374296	
0.237582023261358	0.39802767775366	0.261872200544522	0.0872865513217821	0.0140647152553856	0.00116683186329247	
0.175305208638967	0.358481419586932	0.297056985036166	0.133003355062573	0.0312033576139509	0.00475832068274885	0.000191353378662823	
0.129545336988569	0.31218641700719	0.312509698443077	0.175528888429111	0.0571044328350489	0.0116122691770548	0.0014870946050794	2.5862514870946e-05	
0.0983871387998645	0.267086166914198	0.311667839182886	0.207913181687902	0.0860236066598921	0.0242580577920217	0.00449464550926288	0.000169363453972224	
0.0761584240754697	0.225109800150732	0.301385171132306	0.237908989318849	0.111905195041451	0.0381766677928221	0.00814730112528912	0.00107851035629824	0.000129941006782921	
0.0548082166878749	0.191900173994339	0.283467940893863	0.254486197314774	0.14183135533799	0.0546004622536162	0.0153478588308619	0.00310333186173942	0.00045446282494092	
0.0423284532639509	0.155696218917065	0.25901906722069	0.260533571511786	0.170776539422417	0.0782493883732671	0.0257983508731053	0.00631690678679145	0.00111322537636079	0.000116500330084269	5.17779244818971e-05	
0.0304119329159904	0.127946518278074	0.236996676713811	0.255197465028209	0.19143674163382	0.103975062472628	0.0396862199551743	0.010897287271041	0.00274364324909189	0.000553881031506814	0.000128809542210887	2.57619084421774e-05	
0.0225070415256208	0.102082741156102	0.208739243908111	0.252409622987674	0.207150055556991	0.124551021990232	0.0575596268637432	0.0182562856921367	0.00521977312075247	0.00120158143621282	0.000245484379441329	7.75213829814724e-05	
0.01875752221454	0.0823282374331003	0.182428106834652	0.240045069268393	0.218406698932166	0.144439322936673	0.0728150367468183	0.0292438093774807	0.00857852551791247	0.00243271619164682	0.000512150777188804	1.28037694297201e-05	
0.0121349970774353	0.0668123713436174	0.155963302752294	0.225380568756512	0.229065541691021	0.164730996975781	0.0885282980507764	0.0383999593382297	0.0131642481384533	0.00463798317619253	0.00105466466746296	0.000114361229002008	1.27068032224453e-05	
0.00998508556839152	0.0555625774160115	0.13032432569074	0.207184205869714	0.2272175737506	0.180300310927981	0.111630728784853	0.0489016405874769	0.0191865315098966	0.00704011729315706	0.00232564018301777	0.000214868929952729	0.000126393488207488	
0.00731148696264975	0.0449260042283298	0.110943320245646	0.188802476593174	0.220942816873049	0.191130574851505	0.128473270915131	0.0651993355481728	0.0275974025974026	0.0101681264471962	0.00362428269405014	0.000692137320044297	0.000163596093828652	2.51686298197926e-05	
0.00551067693656459	0.0330264888220928	0.0981526707996744	0.171645062308222	0.212248731918091	0.199711941887407	0.141073329576054	0.0816957855845701	0.0370718266641618	0.0140271776567099	0.00447116287807627	0.00106456259001816	0.000237961049533471	6.26213288245977e-05	
0.00388613985105213	0.0276153346328785	0.0821337531863848	0.154258509521667	0.201741890338382	0.203578747438397	0.15429599640126	0.0955790473334333	0.0486954565901934	0.0191432998450542	0.00664767331433998	0.00182436147348428	0.000562303193882141	3.74868795921427e-05	
0.00268999673177967	0.0208663297885713	0.0675390300927672	0.136159086909521	0.191542851396536	0.201485783241572	0.164969706111572	0.111132061241421	0.0619453453000478	0.0276793121653217	0.0100057822359655	0.00323051009377278	0.000666214143851975	8.79905473012042e-05	
0.00161946417413703	0.0154550439295597	0.0549215133701432	0.119891355631782	0.176011527524515	0.200660537356065	0.174774613942694	0.124596727917267	0.0727738743448821	0.0372859310643833	0.0146261843128754	0.00552148021575853	0.00163221586054756	0.0002295303553895	
0.00135970650863285	0.0136098925062213	0.0455758228789861	0.101670130070038	0.162677339080017	0.19012801765053	0.18307293670951	0.138856820339157	0.087111008491752	0.04698683906719	0.0183560378665435	0.0075810051566228	0.00248851945919598	0.00037199517689012	0.000153929038713153	
0.00125738877942549	0.0111739085346884	0.0386290573472986	0.0883283210619102	0.147360779840299	0.179871409312455	0.183980607694701	0.148644094161568	0.101978118842684	0.0573084102457741	0.0270792284558747	0.00981281758788759	0.00357772477444779	0.000933319506377683	6.48138546095613e-05	
0.00111093684650774	0.00840391049769971	0.0316813048933501	0.0781315349226265	0.132789627770807	0.171829255541614	0.181435591802593	0.154184964450021	0.114478774571309	0.0703419071518193	0.0342952739439565	0.0149257632789628	0.00435225846925972	0.00181670849017148	0.000222187369301547	
0.00116375947207639	0.00685031143790418	0.0264490789108269	0.0662813917505323	0.116706560694024	0.161008767869659	0.177883280214767	0.164023962865493	0.126307576338654	0.0779057619318407	0.0438525728341511	0.0206038324715342	0.00759088564740733	0.00244653979925149	0.000912493222423529	1.32245394554135e-05	
0.000659735050403758	0.00555496912439964	0.0216920884572756	0.0557608064601256	0.106059006702908	0.148506359845886	0.171267219084816	0.169103288119491	0.136512376629546	0.0896316039478545	0.0509711299941943	0.0271810840766348	0.0111495223518235	0.0043542513326648	0.00139863830685597	0.000197920515121127	
0.000302273623340781	0.00415297673807333	0.0184518333552372	0.047049546589565	0.0932185569720068	0.139177290051255	0.165501379944802	0.168589827835458	0.144066237350506	0.101761072414246	0.0619266657905112	0.0317124457878828	0.0152845314758838	0.00575634117492443	0.00233933499802865	0.00061768957813116	9.19963201471941e-05	
0.00023825596632649	0.00292525380878635	0.0144144859627527	0.0400005294577029	0.0800672411282744	0.128936187110352	0.160769831500086	0.169135263206661	0.14928059934612	0.112033249943745	0.0725886510741373	0.0389283776092337	0.0191663688467088	0.00776979179075832	0.00248845120385445	0.000966260307879654	0.000264728851473878	2.64728851473878e-05	
9.34841544358231e-05	0.00182961845110111	0.0117255839420932	0.0319315161794362	0.0725437038421987	0.11531938193619	0.152566140039263	0.169313158562481	0.157080089210593	0.11980662134911	0.0816650863392941	0.0477837577959107	0.0233176190921353	0.00940183496040278	0.00380614057345851	0.00109510009481964	0.000587614685025174	0.000133548792051176	
9.40961393698247e-05	0.00151898053554146	0.00850897946015701	0.0262259382729326	0.0611624905903861	0.10518604150984	0.144020862458329	0.165152166899667	0.161643725131735	0.131855575868373	0.0881411979782772	0.0557586837294333	0.0294789762340037	0.0128105172599204	0.00569953758468653	0.00182815356489945	0.000618346058715991	0.000295730723733735	
5.41455160744501e-05	0.00136717428087986	0.00649746192893401	0.02165820642978	0.0543756345177665	0.0916006768189509	0.134213197969543	0.162450084602369	0.162707275803723	0.136812182741117	0.101319796954315	0.0628358714043993	0.0356412859560068	0.0167445008460237	0.00753976311336717	0.00257191201353638	0.000961082910321489	0.000527918781725888	0.000121827411167513	
8.12182741116751e-05	0.000947546531302876	0.00510321489001692	0.0174754653130288	0.0455634517766497	0.083668358714044	0.121529610829103	0.156791878172589	0.163438240270728	0.143553299492386	0.109698815566836	0.0716074450084602	0.0429780033840948	0.0227817258883249	0.0089746192893401	0.00377664974619289	0.00135363790186125	0.000460236886632826	0.0002165820642978	
0.000120961238643084	0.00076608784473953	0.00509381216063652	0.0148916724907263	0.0380087092091823	0.0753722918122682	0.11374388473738	0.146941024676093	0.1600317187248	0.148338798989302	0.118380732218698	0.0822536422772969	0.049069942476211	0.0263964302994463	0.0123111660663405	0.00522821353690662	0.00197570023117037	0.000725767431858502	0.000282242890167195	6.72006881350465e-05	
0.000985825428967281	0.0036502184802302	0.0130288820206757	0.032265799850794	0.063599062133646	0.107801342854098	0.13898806351913	0.157558883086433	0.150151870403922	0.125146541617819	0.0888841521901311	0.0568847916444634	0.0342241287434722	0.0162927635084728	0.00652776297559416	0.00249120750293083	0.000879249706916764	0.000426302888202068	0.000199829478844719	1.33219652563146e-05	
0.000641891440110191	0.00291525695716712	0.0104039904251194	0.0293665333850413	0.0545072814560238	0.0954011152863772	0.131895318204309	0.150643897350861	0.152770162746226	0.132510464167748	0.0977012262801054	0.0658607363029728	0.039289105230078	0.0221452546838016	0.00803701573971302	0.00353040292060605	0.00141751026357667	0.000481418580082644	0.000334318458390725	0.000106981906685032	4.0118215006887e-05	
0.000280707382604162	0.00212535589686009	0.00863509376963281	0.0231249415192953	0.0485623771905201	0.0865781770060553	0.122508721979388	0.147932790632394	0.150779965513093	0.136610926200692	0.106134124660812	0.0757642592666854	0.0453008247450241	0.0270013768028766	0.0116827739236209	0.00442448303057037	0.00163077622274799	0.000561414765208325	0.000227239309727179	9.35691275347208e-05	4.01010546577375e-05	
7.86689218424262e-05	0.00140292910618993	0.00677863876542239	0.0194050007211318	0.0429663428129384	0.0772004353013675	0.11716424759732	0.139952011957676	0.15076898871101	0.138103292294379	0.11544664280376	0.0821696888644141	0.0540193263317993	0.0295795146127522	0.0150913215067721	0.00608372995581429	0.00238629062922026	0.000721131783555573	0.000380233122238393	0.00017044933065859	0.000131114869737377	
1.30199856780158e-05	0.000117179871102142	0.00147125838161578	0.00529913417095241	0.0168739014387084	0.0382136579649762	0.067742985482716	0.103717205911074	0.134392292168479	0.149274135798451	0.144014061584532	0.119822928194779	0.0901764208059371	0.061988151813033	0.033904042705553	0.0191393789466832	0.00860621053316841	0.00283835687780743	0.00131501855347959	0.000650999283900788	0.000247379727882299	0.000182279799492221	
0.000196227204939693	0.00105962690667434	0.00435624394966118	0.0142460950786217	0.0337510792496272	0.0604772245624133	0.0916250228931739	0.125258365819837	0.144567122785903	0.14539127704665	0.128319510216896	0.10001046545093	0.0665210224745559	0.0425289762172628	0.0224745558724262	0.0118259595510322	0.00450014389995029	0.00150440857120431	0.000837236074409356	0.000392454409879386	0.000143899950289108	1.30818136626462e-05	
0.000236904448539089	0.000868649644643327	0.00411950513292972	0.0128454856541195	0.0270071071334562	0.0536851803106081	0.0837588839168202	0.115359305080284	0.139115556725454	0.144656488549618	0.135219794682811	0.105172413793103	0.0767702026849171	0.049618320610687	0.0276520136878126	0.0138589102395367	0.00630429060279021	0.00225059226112135	0.000908133719399842	0.000394840747565149	0.000144774940773888	5.26454330086865e-05	
0.000172934431245261	0.000518803293735783	0.00360501775903582	0.00981735463530789	0.0227475290330305	0.0451358865550131	0.0785654423795778	0.110491798917164	0.133931065675176	0.139079190666862	0.135168211991007	0.112527104146436	0.0839663176938528	0.0571880861479521	0.0339084511726285	0.0182512338206537	0.00871323480504969	0.00405730780998497	0.0013435675042901	0.000545408590850438	0.000199539728359916	6.65132427866388e-05	
0.000159572346112419	0.000718075557505884	0.00277921836145796	0.00813818965173336	0.0202124971742397	0.0413824284251539	0.0711692663661388	0.104174146620391	0.128269570883366	0.137564660044414	0.135370540285369	0.11534421084826	0.0906769856783819	0.0625390619805588	0.0388159731918459	0.022752357016529	0.0111035757503225	0.00541216207231287	0.00228720362761134	0.000611693993430938	0.000252656214677996	0.000252656214677996	1.32976955093682e-05	
0.000119715874324935	0.000412354678230333	0.00243422277794035	0.00716965069568225	0.0172523876666046	0.0356354252573891	0.0622256511213387	0.0940966772193993	0.126539679161457	0.136875149644843	0.136183457926521	0.122722072946873	0.0948149724653489	0.068490781877677	0.0439623294048791	0.0260448535475804	0.0143126978637367	0.00667748543456862	0.00238101572268483	0.000957726994599484	0.000345845859160925	0.00030594056771928	3.99052914416452e-05	
0.000414854466376715	0.00163265306122449	0.00575443292070927	0.0146804951488792	0.0304717296754767	0.0565406490465038	0.0860756105720977	0.117818668450987	0.133864168618267	0.134452994312479	0.127828705252593	0.105158916025427	0.0745265975242556	0.0494078287052526	0.0313951154232185	0.0170090331214453	0.00790899966543995	0.00329207092673135	0.00092338574774172	0.000441619270659083	0.000187353629976581	0.000214118434258949	
0.000397930760047752	0.00106114869346067	0.00452314630587611	0.0123889109961533	0.0271521421939249	0.0491311845072291	0.0775301764159703	0.107255604191537	0.129128531635495	0.135389308926913	0.130441703143653	0.110027855153203	0.0838174824247248	0.057235707653535	0.0361719060883406	0.0208117787504974	0.0102798779679003	0.00453641066454437	0.00148560817084494	0.000835654596100279	0.000132643586682584	0.000185701021355617	7.95861520095503e-05	
0.000308158152122942	0.00119243806691051	0.00403285233865241	0.00868202098155071	0.0235540013666144	0.0428339831450889	0.0701796696008682	0.100687326661039	0.124670069804521	0.135268030601444	0.129935554751665	0.113067245468065	0.090464514918874	0.0657850663879845	0.0436244757961869	0.0240229376850624	0.0119511770301593	0.00573442126559213	0.00229108887013144	0.0010316599005855	0.000254565430014604	0.000147379985797929	0.000107185444216675	0.000174176346852097	
0.000108248538644728	0.000960705780471964	0.00336923576531717	0.00847044814894999	0.0192817709460922	0.038279389478242	0.0622293786533882	0.092376596665945	0.118856895431912	0.133822255899545	0.131711409395973	0.11560943927257	0.0940950422169301	0.0723776791513315	0.0510121238363282	0.028983546222126	0.0158042866421303	0.00715793461788266	0.00359926390993722	0.00132604459839792	0.000189434942628275	0.000230028144620048	0.00013531067330591	1.3531067330591e-05	
6.78398436970001e-05	0.000569854687054801	0.00288997734149221	0.00716388749440321	0.0180996702983596	0.0320339741937235	0.0576095952674925	0.0875133983691302	0.11374028194239	0.127348954588009	0.135815367081394	0.119791596000163	0.100307992890384	0.0744067405668697	0.0536748843330665	0.0347204320041247	0.0184253015481052	0.00929405858648902	0.00401611874686241	0.0016824281236856	0.000556286718315401	0.0001628156248728	9.49757811758002e-05	1.35679687394e-05	
0.0001332604842686	0.000493063791793819	0.00247864500739596	0.00602337388894071	0.0152449994003278	0.0289175250862862	0.0532908676590131	0.0784904252342053	0.105382390959609	0.127117175943817	0.133553657333991	0.123465838674858	0.105169174184779	0.0826348262949588	0.0564624671846057	0.0384456497114911	0.0212950253861223	0.0110872722911475	0.00530376727389027	0.00298503484761664	0.00137258298796658	0.00041310750123266	0.00023986887168348	
2.63247953247164e-05	7.89743859741491e-05	0.000460683918182536	0.00130307736857346	0.0052254718719562	0.0128728249137863	0.0251796667280912	0.046818648485008	0.0725116487219312	0.0994155895437913	0.120607049780188	0.130452523231632	0.123279016505647	0.110169268433938	0.0870297733435123	0.0657856635164662	0.0431200147418854	0.0275752231026404	0.0135704319898913	0.00779213941611604	0.00375128333377208	0.00188222286571722	0.000776581462079132	0.000263247953247163	5.26495906494327e-05	
0.000119326995744004	0.000424273762645347	0.000835288970208027	0.00354003420707211	0.00966548665526431	0.0217970645559047	0.040186680455564	0.063322859074818	0.0954350794850377	0.114792569905732	0.125797170624345	0.126115375946329	0.110775227715684	0.0947191175105737	0.071649231666733	0.0498389085557456	0.0323641329567904	0.0183233231242459	0.0102621216339843	0.00583376423637352	0.00274452090211209	0.000994391631200032	0.000291688211818676	0.000159102660992005	1.32585550826671e-05	
1.32722808414626e-05	0.000199084212621939	0.000783064569646294	0.0031588028402681	0.00907824009556042	0.0168823412303404	0.0336452319331077	0.0576282434136306	0.0867078107372752	0.109390138695335	0.123166766208773	0.1268564602827	0.116530625788042	0.0985997743712257	0.0761696197491539	0.0557568518149844	0.0375340102196563	0.0230937686641449	0.0124493994292919	0.00712721481186542	0.00288008494259739	0.00151304001592674	0.000504346671975579	0.00030526245935364	2.65445616829252e-05	
0.000377211063061607	0.000875668539250158	0.00237104096781581	0.00629134165892037	0.0159371674143529	0.0292473292109553	0.049145212787455	0.0789987740640451	0.103450134044646	0.120626709237629	0.12691805089655	0.122593595495022	0.103935119697153	0.0819086879790917	0.0603402982661763	0.0416279351735845	0.0254213312856161	0.0146708159883603	0.00871626992145927	0.00369127968853144	0.00163009066537337	0.000606232065634725	0.000390682886742378	0.000229021002573118	
9.65317520512997e-05	0.000841205267875612	0.00175136178721644	0.00539198786457974	0.0124801765152038	0.0284354961042543	0.043480659173964	0.0707301937530166	0.0980900503344136	0.116582775977384	0.122416051851341	0.124181203888851	0.110418534096394	0.0847824588016273	0.0682203681996828	0.0471902365027925	0.0290284768668551	0.0182720816382817	0.0093084189478039	0.00501965110666759	0.00177894228780252	0.000965317520512997	0.000193063504102599	0.000330966007033028	1.37902502930428e-05	
1.40473113446086e-05	0.000238804292858347	0.00120806877563634	0.00443895038489633	0.0107180985559364	0.0244563690509636	0.0420576501657583	0.0642664494015845	0.0912513344945777	0.115047479912345	0.122338034500197	0.123981569927516	0.1130808563241	0.0916587065235714	0.0693937180423667	0.0513148283418554	0.0338961622745407	0.0202843175816149	0.0105495308198011	0.00563297184918806	0.00235994830589425	0.000941169860088779	0.000449513963027477	0.000154520424790695	0.000238804292858347	2.80946226892173e-05	
4.20899040350188e-05	0.00023850945619844	0.00138896683315562	0.00368988158706998	0.00872664010326056	0.0220831696503732	0.0372215051349683	0.058126157472361	0.0831556204051855	0.112309893933442	0.120377125540154	0.124501936135586	0.115214097311858	0.0979712666255121	0.0755654077108704	0.0540574667489758	0.0378668836635052	0.0240193052359841	0.0128093607946574	0.00582243672484427	0.00276390369829957	0.00120657724900387	0.000491048880408553	7.01498400583647e-05	0.000154329648128402	0.000126269712105056	
0.000282063577130285	0.00105773841423857	0.00359631060841114	0.00744647843623953	0.0179815530420557	0.0353284630355682	0.0517586664034073	0.0782867458325106	0.101895467238316	0.117620511663329	0.125320847318986	0.116125574704538	0.101105689222351	0.0817702310100697	0.0618565424646715	0.0415620680901475	0.0279383973147547	0.014836544157053	0.00819394691563478	0.00325783431585479	0.00169238146278171	0.000775674837108284	9.87222519955998e-05	0.000126928609708628	5.6412715426057e-05	2.82063577130285e-05	
0.000140763784293577	0.000675666164609169	0.00304049774074126	0.00729156402640729	0.015582550921299	0.0303205191368365	0.0495488520713391	0.0722962796131811	0.0962261229430892	0.111696062836953	0.120887937951324	0.119170619782942	0.104334116918399	0.085711068256359	0.0686645739784068	0.0462549795188694	0.031953379034642	0.0177784659562788	0.00995199954955589	0.00472966315226419	0.00215368589969173	0.00105572838220183	0.000323756703875227	0.000126687405864219	8.44582705761462e-05	
0.000253639015316978	0.000873645497202925	0.00242366170191779	0.00627052010089196	0.0144010596474418	0.0277875632336156	0.0435413642960813	0.0671016106077473	0.0882945594431215	0.107472487212366	0.118970789240069	0.118717150224752	0.109755238350219	0.0903236715656573	0.0732030380317612	0.0513759916580946	0.0346780898163935	0.0206715797483337	0.011892851607085	0.0069891639776234	0.00256457226598278	0.00143728775346288	0.000563642256259952	0.000211365846097482	0.000155001620471487	7.0455282032494e-05	
4.20904945633111e-05	0.000224482637670993	0.000645387583304104	0.00183795159593125	0.00656611715187653	0.01271132935812	0.0268537355313925	0.0405191160996142	0.061508242721852	0.0841388986320589	0.09894072255349	0.116913363732024	0.117432479831638	0.113504033672396	0.0929077516660821	0.0755664679059979	0.0575657663977552	0.039003858295335	0.0242862153630305	0.014030164854437	0.00816555594528236	0.00345142055419151	0.00154331813398807	0.000911960715538408	0.000533146264468607	9.82111539810593e-05	8.41809891266222e-05	1.4030164854437e-05	
4.21638487161108e-05	0.000210819243580554	0.000758949276889995	0.00144762547258647	0.00501749799721719	0.0110609829798597	0.0217565459375132	0.037413388427429	0.055810881083892	0.0804345687341007	0.0958243735154812	0.112436929909629	0.120054531911006	0.116020857050498	0.100940253826369	0.0781155570547146	0.0587904597264972	0.0435693103399812	0.0265351154586724	0.0164579556155219	0.00951497519360234	0.00387907408188219	0.00210819243580554	0.00105409621790277	0.000520020800832033	0.000210819243580554	0	1.40546162387036e-05	
0.000154561677134708	0.00040748078517332	0.00127864660175076	0.00323174415827116	0.00896457727381304	0.0183647374559148	0.0316710927510573	0.0514549874242999	0.0778288299681041	0.0942404698674985	0.105607778667678	0.117199904452781	0.114979836726665	0.106057412637525	0.0859222414253397	0.0642133513186921	0.0466916775562394	0.030701569503576	0.0189689331028959	0.0107631131531987	0.00578903736177268	0.00323174415827116	0.00136295297109697	0.000477736092961823	0.000309123354269415	8.43063693462041e-05	4.21531846731021e-05	
1.40266225295611e-05	0.000420798675886833	0.00143071549801523	0.0028474043735009	0.00683096517189626	0.0149102997489235	0.0290491352587211	0.0461896679898447	0.0681132790035487	0.0913273392899724	0.106504144866957	0.117122298121835	0.114176707390627	0.104680683938115	0.0903033958453144	0.0707082041715175	0.0500049093178853	0.035571514734967	0.0215448922054059	0.0136198504762038	0.00803725470943851	0.00367497510274501	0.00165514145848821	0.000589118146241567	0.000547038278652883	7.01331126478055e-05	4.20798675886833e-05	1.40266225295611e-05	
8.4410742673851e-05	0.00028136914224617	0.000942586626524669	0.0031513343931571	0.00610571038674189	0.0130977335715592	0.025674934229963	0.0432745740774609	0.0614791575807881	0.0843826057596263	0.10262939463429	0.113630928096116	0.115206595292694	0.106174645826592	0.0929925015123591	0.0727620601848595	0.0567943613623894	0.0405593618547854	0.0266456577707123	0.0148562907105978	0.00929925015123591	0.00544449290246339	0.00251825382310322	0.00130836651144469	0.00046425908470618	0.000211026856684627	0	2.8136914224617e-05	
0.000498090652498755	0.000581105761248547	0.00278100614311805	0.00575571420665228	0.0116497869278875	0.0223449001051525	0.038809563340528	0.056270407880901	0.0781587248879296	0.0966987658420499	0.108805135868061	0.114048923570757	0.111447783496596	0.0948309258951796	0.0795838175881344	0.0606978803475566	0.0455614588521778	0.0304665449111738	0.0188997730920361	0.0103630527422658	0.00585256516686037	0.0032790967956168	0.00174331728374564	0.000650285018540041	0.00022137362333278	
2.76946936966877e-05	0.000276946936966877	0.000650825301872161	0.00239559100476349	0.00474963996898194	0.0106070676858314	0.0197186219120417	0.0353384291569735	0.0520521768029246	0.0746787415531184	0.0924310402126952	0.106222997673646	0.113035892323031	0.109075551124405	0.0986069569070566	0.0848426941398028	0.0647778885565526	0.0478979727484214	0.0331228536612385	0.0219203500609283	0.0120748864517558	0.00772681954137587	0.00407111997341309	0.00195247590561648	0.00103855101362579	0.000692367342417193	1.38473468483439e-05	
5.55586421467859e-05	0.000222234568587144	0.000416689816100894	0.00184732485138063	0.00430579476637591	0.00812545141396744	0.0167787099283294	0.0311267292627368	0.0483776876493138	0.0667259292182899	0.0878521028946053	0.101880660036669	0.112575698649925	0.11352019556642	0.103019612200678	0.0875048613811878	0.0702539029946108	0.0524334685260292	0.0346963720206678	0.024070781710095	0.0158619923329074	0.00877826545919218	0.00486138118784377	0.00293071837324296	0.00101394521917884	0.000652814045224735	8.33379632201789e-05	2.7779321073393e-05	
7.01892301645236e-05	0.000308832612723904	0.00138974675725757	0.00377618058285137	0.00780504239429502	0.0133359537312595	0.026068280083104	0.0427452411701948	0.0605592677859509	0.0832023134370262	0.0963698130158908	0.111095513504408	0.117356392835083	0.108245830759728	0.0894772306137346	0.0742602055140659	0.0586922342635746	0.0402324667303049	0.0245662305575832	0.0175192318490651	0.0112302768263238	0.00599416025605031	0.00366387781458813	0.00136167106519176	0.000491324611151665	0.000168454152394857	1.40378460329047e-05	
4.22422168715414e-05	0.00029569551810079	0.00130950872301778	0.00267534040186429	0.00712485391233332	0.0111801067320013	0.0219659527732015	0.0382714484856165	0.0556752418366916	0.0773595798307495	0.0965516270293865	0.106394063560456	0.114870668412678	0.112068601360199	0.0958335093425703	0.0792041566341402	0.0602655627367324	0.045565271265436	0.0294287444205072	0.0174319548289894	0.0129261183626917	0.00647713992030302	0.00449175572734057	0.00168968867486166	0.00060547177515876	0.000154888128528985	0.000140807389571805	
0.000350449275971796	0.00113545565414862	0.00259332464219129	0.00601370957567602	0.0112143768310975	0.0192606922074099	0.0324235670129105	0.0513197919733098	0.0712813827326633	0.0901916256641014	0.105681483662055	0.110307414104882	0.112059660484741	0.101560200176626	0.0833648737681708	0.0667816140291854	0.0498899589273449	0.0336711664353701	0.0197232852516927	0.0139338632126386	0.00792015363696259	0.0050745055160716	0.0029858278312797	0.000672862609865848	0.000350449275971796	0.000224287536621949	1.40179710388718e-05	
0.000237925291458482	0.000881723138934375	0.00228128367692545	0.00435263327315223	0.0102447831380946	0.019285944213517	0.0303144812528866	0.0474171110271375	0.0657513540748205	0.0853731928174553	0.100754363129977	0.107402275685435	0.110565282501295	0.103861387524317	0.0891100194538915	0.071629508334383	0.0549467467215294	0.0367524597276455	0.0251780940784594	0.0138136625099719	0.00908314789156205	0.00534632125512589	0.0035268925557375	0.00110565282501295	0.000503841793676786	0.000223929686078571	5.59824215196428e-05	
1.40390284992279e-05	0.000168468341990734	0.000701951424961393	0.00168468341990734	0.00388881089428612	0.00867611961252281	0.0178576442510178	0.0281482521409518	0.0425944124666573	0.0647199213814404	0.079362628106135	0.0985118629790818	0.105685806542187	0.109237680752492	0.103776498666292	0.0918714024989471	0.0768075249192756	0.056563245823389	0.0420749684121859	0.0268285834620244	0.0166783658570827	0.00988347606345641	0.00626140671065562	0.00442229397725677	0.00209181524638495	0.000828302681454443	0.000575600168468342	7.01951424961393e-05	1.40390284992279e-05	
0.000169712055212989	0.00059399219324546	0.00161226452452339	0.00306895966510154	0.00760875714204899	0.0159246478474854	0.0257396617073033	0.0405046105108333	0.0572636759631159	0.078053402726707	0.0944447587260282	0.102605080047519	0.107795440402783	0.105292187588392	0.0951943203032189	0.0804717995134921	0.0627651750862703	0.0440261356565028	0.0303360298693217	0.0196583130621712	0.011328279685467	0.0067177688521808	0.00418623069525372	0.00260225151326583	0.00100412966001018	0.000777846919726198	0.000212140069016236	1.41426712677491e-05	2.82853425354981e-05	
8.54347918950861e-05	9.96739238776004e-05	0.000569565279300574	0.00159478278204161	0.00314684816813567	0.00682054421962437	0.0136268493072662	0.0240498939184667	0.0374631562459952	0.0542226145894146	0.0728331600905609	0.0886528357231343	0.0997308804055305	0.105141750558886	0.104586424411568	0.0953737060188811	0.0824730524427231	0.0671517464295377	0.0493955488473423	0.0364379387432542	0.0234376112432186	0.0135556536473537	0.00777456606245283	0.00508337011775762	0.00306141337624058	0.00162326104600664	0.00121032621851372	0.000626521807230631	0.000142391319825143	1.42391319825143e-05	1.42391319825143e-05	
1.44221062043901e-05	0.000245175805474632	0.000548040035766823	0.000966281115694136	0.0029132654532868	0.00575442037555165	0.0116386397069428	0.0207245666157086	0.0315844125876143	0.0499725979982117	0.0684040497274222	0.0832732412241484	0.0980991664022614	0.103767054140587	0.107286048054458	0.0989933369869336	0.0833886180737835	0.0685915371080793	0.0544722951339814	0.0394877267876201	0.0287865239839626	0.0172055727018374	0.0101243185554818	0.00584095301277799	0.00372090340073264	0.00184602959416193	0.000980703221898526	0.000764371628832675	0.000360552655109752	0.000216331593065851	1.44221062043901e-05	1.44221062043901e-05	
0.000159563665902695	0.000478690997708086	0.00085584148075082	0.0020598218689257	0.00443877106965679	0.0105021903739592	0.0187995010008994	0.0286054135600104	0.0435463750036264	0.0649134004467783	0.0810003191273318	0.0919086715599524	0.101772607270301	0.105224984768923	0.101598537816589	0.0912268995329136	0.0738344599495199	0.0585308538106705	0.0420087614958368	0.031521076909687	0.0193217093620355	0.0119672749427021	0.00757202123647335	0.00384403376947402	0.00204531608111637	0.00102991093446285	0.000478690997708086	0.000420667846470742	0.000145057878093359	0.000174069453712031	1.45057878093359e-05	
4.32925421380743e-05	0.000259755252828446	0.000938005079658277	0.00147194643269453	0.00349226506580466	0.00874509351189102	0.016321288386054	0.0265816208727776	0.0417195797737243	0.0585603786654352	0.0756176402678365	0.088894019856846	0.0979277303163242	0.107365504502424	0.101492149619026	0.0948828215192796	0.0798891710921265	0.0624855691526206	0.0445913184022166	0.0348793581159086	0.0227141537751097	0.0138536134841838	0.00835546063264835	0.00395405218194412	0.00232336642807666	0.00126991456938351	0.000505079658277534	0.000331909489725237	0.000288616947587162	0.000144308473793581	7.21542368967906e-05	2.88616947587162e-05	
4.34896059841698e-05	4.34896059841698e-05	0.000231944565248906	0.000550868342466151	0.00169609463338262	0.00289930706561132	0.00645095822098518	0.0138586877736221	0.0253254472181149	0.0368501928039199	0.0541300629149633	0.0718303325505204	0.0866602881911223	0.0976486619697892	0.103432779565684	0.104114116726102	0.0949523063987707	0.0841233945087124	0.0667855382563567	0.0512452523846801	0.0355020150184106	0.0252819576121307	0.0155257893363486	0.00916181032733177	0.00533472500072483	0.00317474123684439	0.00124670203821287	0.00068133716041866	0.000449392595169754	0.000420399524513641	0.000217448029920849	4.34896059841698e-05	5.79861413122264e-05	2.89930706561132e-05	
2.92427587618616e-05	0.000116971035047446	0.000248563449475824	0.000570233795856301	0.0017107013875689	0.00260260552980568	0.00595090140803883	0.0116532393666018	0.0216250201043966	0.0351059318936148	0.0503414092085447	0.0656353720409983	0.0845846797186847	0.0983433977161405	0.100902139107803	0.104104221192227	0.0935037211410524	0.0860029535186349	0.0741011507025573	0.0547570657815858	0.0388343836357522	0.027473571856769	0.0174725483602123	0.0102349655666516	0.00656499934203793	0.00349450967204246	0.00201775035456845	0.000833418624713055	0.000526369657713509	0.000307048966999547	0.000233942070094893	0.000102349655666516	1.46213793809308e-05	
2.90816029779561e-05	0.000116326411911825	0.000130867213400803	0.00045076484615832	0.0013959169429419	0.00253009945908218	0.0056999941836794	0.0105420810795091	0.0199645204443669	0.0314808352236375	0.0463124527423952	0.0628744256383412	0.0812830803233874	0.0950095969289827	0.100549642296283	0.102483568894317	0.0985720932937824	0.0834787413482231	0.0759756877799104	0.0593991740824754	0.0428517419880184	0.0307247135462107	0.0194846739952306	0.0118943756179841	0.00751759436980166	0.00442040365264933	0.00235560984121445	0.000930611295294597	0.000567091258070145	0.000319897632757518	0.000436224044669342	0.000101785610422847	0.000116326411911825	
7.26733623057804e-05	0	0.000101742707228093	0.000436040173834683	0.00107556576212555	0.00223833955901804	0.00402610427174024	0.00956381447944071	0.0174706762983096	0.0294036423889188	0.0435313440211625	0.0578625310678624	0.0766122585427537	0.0932253891658551	0.0983851978895656	0.100158427929827	0.099547971686458	0.0903329893460851	0.0771209720788942	0.0637636080870918	0.0465400212206218	0.032964637141902	0.0221217714858796	0.0130957398875016	0.00888068487376637	0.00537782881062775	0.00335750933852706	0.00127905117658174	0.0005959215709074	0.00026162410430081	0.000392436156451214	7.26733623057804e-05	0.000130812052150405	
1.4524750174297e-05	1.4524750174297e-05	0	0.000203346502440158	0.000915059260980711	0.00219323727631885	0.00374738554496863	0.00702997908435975	0.0149023936788287	0.0273210550778527	0.0401318847315826	0.0561381594236579	0.0711131768533581	0.0893853125726237	0.097025331164304	0.0983180339298164	0.0995235881942831	0.0925226586102719	0.0822827097373925	0.0679032070648385	0.0508947246107367	0.0362247269346967	0.02386416453637	0.0152800371833604	0.00977515686730188	0.00605682082268185	0.00350046479200558	0.00201894027422728	0.000842435510109226	0.000406693004880316	0.00029049500348594	7.2623750871485e-05	8.7148501045782e-05	
1.45287596797861e-05	1.45287596797861e-05	0.000130758837118075	0.000682851704949948	0.00181609495997327	0.00312368333115402	0.00572433131383574	0.0127853085182118	0.0235365906812535	0.0374551424544887	0.0504874398872568	0.0678057214255619	0.0821746647488704	0.0958462276075491	0.101715846518183	0.0992168998532595	0.0951488471429194	0.0835839544378096	0.0734864664603583	0.0537418820555289	0.0389516047015066	0.0274884133141554	0.0199334582806666	0.0108529834808002	0.00646529805750483	0.00373389123770504	0.00207761263420942	0.0010460706969446	0.000421334030713798	0.000290575193595723	0.000145287596797861	5.81150387191445e-05	4.35862790393584e-05	
4.32544660236169e-05	0.00010092708738844	0.00033161757284773	0.00129763398070851	0.00266735873812304	0.00540680825295212	0.0102801447582796	0.0207765618466773	0.0327580489352192	0.0486036016552042	0.0654007526277088	0.0774110760269331	0.0919013221448448	0.0993555084562481	0.104113499718846	0.0969188402035843	0.0861052236976801	0.0716438138904509	0.0584800380639301	0.0425623945672391	0.030566489323356	0.0214109606816904	0.0135530660207333	0.0079155672823219	0.00495984543737474	0.00275386767017028	0.00135530660207333	0.000519053592283403	0.000374872038871347	0.00010092708738844	0.000245108640800496	8.65089320472339e-05	
2.91753584922175e-05	4.37630377383262e-05	0.000306341264168283	0.000948199150997068	0.00220273956616242	0.00460970664177036	0.00964245598167788	0.0172280491896544	0.0308091785677817	0.0436463363043573	0.06118072675818	0.0754912400986127	0.0874823124389141	0.0975186357602369	0.101749062741608	0.100859214307596	0.0906040757975814	0.0749660836457528	0.0604805181543668	0.0465930475120713	0.0341789324736328	0.0218961065484092	0.0151420110574609	0.00910271184957185	0.00554331811352132	0.00412831322664877	0.00188181062274803	0.000743971641551546	0.000393867339644936	0.000218815188691631	0.000189639830199414	0.000175052150953305	1.45876792461087e-05	
0.000102331700899057	0.000102331700899057	0.000233901030626416	0.0007163219062934	0.00187120824501133	0.00526277318909436	0.0093706600394708	0.0163438345150208	0.0280827424895841	0.0388275710839851	0.0540019004458738	0.0704334478473796	0.084511366128207	0.0969081207514071	0.0985015715225495	0.0976536802865288	0.0928587091586872	0.0800672465463051	0.0646736349682041	0.0527008259630144	0.0368978875813172	0.0261530589869162	0.0173963891528397	0.0107009721511585	0.00613990205394343	0.00413712447920474	0.00299685695490096	0.00125721803961699	0.000613990205394343	0.000204663401798114	0.000175425772969812	5.84752576566041e-05	4.3856443242453e-05	
0.000146976689497046	7.34883447485229e-05	0.000176372027396455	0.00070548810958582	0.00144037155707105	0.00349804521002969	0.00723125312325465	0.0138599018195714	0.0257797113377818	0.0364502189952673	0.0489579352714659	0.0671683471001499	0.0784267615156236	0.0922425703283459	0.09900349804521	0.0994297304447515	0.0938005232370146	0.0834974573032717	0.0698286251800464	0.0555130956230342	0.0425644492783445	0.0285428731003263	0.0199888297715982	0.0128751579999412	0.00773097386754461	0.00507069578764808	0.00324818483788471	0.00157265057761839	0.000676092771686411	0.000235162703195273	0.000132279020547341	0.000102883682647932	2.93953378994092e-05	
1.47496976311986e-05	0.000221245464467978	0.000324493347886368	0.00030974365025517	0.00117997581049588	0.00339243045517567	0.00691760818903212	0.0123749963125756	0.0191156081300333	0.0340128027375439	0.0479512669990265	0.0607392548452757	0.0762706864509278	0.0874067081624827	0.09783474438774	0.0972152570872297	0.0971120092038113	0.0853417504941149	0.073615740877312	0.0586447977816455	0.0486592524853241	0.0317855983952329	0.0224195403994218	0.0146169503525178	0.00949880527449187	0.0061948730051034	0.00284669164282132	0.00231570252809817	0.000707985486297531	0.000471990324198354	0.000147496976311986	0.000235995162099177	0.00010324788341839	
1.4756009384822e-05	5.90240375392879e-05	0.000339388215850905	0.000486948309699125	0.00116572474140094	0.00270034971742242	0.00646313211055202	0.0108161548790745	0.0181794035621007	0.0291578745444082	0.0438105918635364	0.0568401481503342	0.0730717584736384	0.0852307102067317	0.094984432410099	0.0983192905310688	0.0950729684664079	0.0885950803464711	0.0763771045758385	0.0646018090867506	0.0495359235048473	0.0351045463264915	0.0250999719635822	0.0182826956277944	0.0107866428603049	0.00622703596039487	0.00405790258082604	0.00190352521064203	0.00137230887278844	0.000782068497395564	0.00022134014077233	0.000250852159541973	8.85360563089318e-05	
2.9482435838849e-05	0.000103188525435972	0.000250600704630217	0.000501201409260433	0.00114981499771511	0.00201954685496116	0.00479089582381296	0.0106579005557439	0.016008962660495	0.0276692660347598	0.0389757801789584	0.054483541430193	0.0690773471704232	0.0811798870822707	0.0895823812963427	0.100476141338797	0.0947270663502219	0.0907911611657355	0.0813420404793844	0.0662617745478131	0.0534369149579138	0.0376932942199685	0.0278609018677123	0.0205050341259195	0.0125152940135914	0.00701681972964606	0.00427495319663311	0.00280083140469066	0.001562569099459	0.00148886300986187	0.000442236537582735	0.000206377050871943	0.000103188525435972	1.47412179194245e-05	
4.38975139374607e-05	0.000234120074333124	0.000336547606853865	0.000995010315915775	0.00207781565970647	0.0037605536939758	0.00898435785253362	0.0144715470947162	0.0242899577120616	0.0365080990913215	0.0497358832911429	0.0660657584758783	0.0793081751803456	0.0877803953702755	0.0973793184179336	0.0971890958575379	0.0891997483209201	0.0830833613789672	0.0703384498324578	0.0565838954653868	0.0424488959775245	0.0306404647283476	0.0224169971173966	0.0147056671690493	0.00828199762953425	0.005209171653912	0.00348253610570521	0.00229730322939378	0.000804787755520112	0.00065846270906191	0.000321915102208045	0.000321915102208045	4.38975139374607e-05	
4.37164840289112e-05	0.000262298904173467	0.000510025647003964	0.000903474003264164	0.00145721613429704	0.00365761249708557	0.00779610631848916	0.0135375378876195	0.0218873863371415	0.0329039403124271	0.0464851946840755	0.0628934483562602	0.0746386103986943	0.0877389834460247	0.0953310795057123	0.0965697132198648	0.0937281417579856	0.0836879225926789	0.0737497085567731	0.0597458615061786	0.0436581953835393	0.0329185124737701	0.0249038237351364	0.0166414082536722	0.0109582653299137	0.0056102821170436	0.00276871065516437	0.002462695266962	0.00122406155280951	0.000597458615061786	0.000247726742830497	0.000393448356260201	5.82886453718816e-05	2.91443226859408e-05	
5.82716624905309e-05	7.28395781131636e-05	0.000291358312452654	0.000903210768603228	0.00168987821222539	0.00297185478701707	0.00581259833343045	0.0112609987762951	0.0194044636093468	0.0308694132043587	0.0423926344618612	0.0591166015966436	0.0740341471942195	0.0848581085018356	0.0951576248470369	0.0966289843249228	0.092972437503642	0.0865771225453062	0.0781277314841792	0.0624672221898491	0.0482343686265369	0.0359390478410349	0.0252316298583999	0.0181807586970456	0.0110716158732009	0.00760445195501428	0.00336518850882816	0.00199580444030068	0.00135481615290484	0.000742963696754268	0.000335062059320552	0.000116543324981062	0.000145679156226327	1.45679156226327e-05	
4.34461484989356e-05	8.68922969978711e-05	0.000173784593995742	0.000521353781987227	0.00157854339546133	0.00279503555343152	0.0046777019883854	0.00970297316476228	0.0167267671720902	0.0262559557428567	0.0394346207875339	0.0572475416720974	0.0713385758352522	0.0852268613054119	0.0915844810357562	0.0947850139751778	0.0930037218867214	0.0891804608188151	0.0800567696340386	0.0670229250843579	0.0500354810212741	0.0405931847475055	0.0270090223168383	0.0193335360820263	0.0127586856091874	0.00774789648231018	0.00498182502787795	0.00262125095943578	0.00118752805897091	0.0012164921579702	0.000709620425482614	0.000275158940493259	2.89640989992904e-05	5.79281979985808e-05	
0.000144266835939754	0.000216400253909631	0.000302960355473484	0.000923307750014427	0.00265450978129148	0.00473195221882394	0.00806451612903226	0.0149893242541405	0.0241502683363148	0.0353453748052398	0.0531479023602054	0.0679063996768423	0.0821311097005021	0.0913641872006463	0.095100698251486	0.0946678977436667	0.0893444514974898	0.0807894281262623	0.0709360032315771	0.0559033989266547	0.0405822609498529	0.0308153961567315	0.0193029026487391	0.0145276703791332	0.0087425702579491	0.00526573951180103	0.00321715044145652	0.0016446419297132	0.00125512147267586	0.00115413468751803	0.000519360609383115	0.000115413468751803	1.44266835939754e-05	2.88533671879508e-05	
2.88963056073281e-05	0	0.000101137069625648	0.000231170444858625	0.000404548278502593	0.000924681779434499	0.00163264126681404	0.00471009781399448	0.00800427665322988	0.0132923005793709	0.0216288847470851	0.0341698813806655	0.0501350902287143	0.0628061202375276	0.0778321991533382	0.088292661783191	0.0955311863378267	0.0924681779434499	0.0890873101873925	0.084550590207042	0.0718940083510323	0.0598442489127765	0.045930677762848	0.0329706846979614	0.0230448037218442	0.0141591897475908	0.00970915868406224	0.0064727724560415	0.00377096788175632	0.00251397858783755	0.00141591897475908	0.00122809298831144	0.000852441015416179	0.000346755667287937	0	0	1.44481528036641e-05	
1.45456661187799e-05	2.90913322375598e-05	7.27283305938995e-05	0.000116365328950239	0.000305458988494378	0.000800011636532895	0.00173093426813481	0.00395642118430814	0.00727283305938996	0.0132656475003273	0.0186184526320383	0.0297022502145486	0.0453970239567121	0.0600154184060859	0.0741683515396588	0.0838412195086474	0.0936304528065863	0.0937613638016553	0.0923649798542524	0.0844375918195174	0.0746629041876973	0.0627936406347729	0.0499352717857714	0.0364659849597812	0.0274622176322565	0.0165529680431715	0.0104728796055215	0.00705464806760826	0.00437824550175275	0.00285095055928086	0.00176002560037237	0.00110547062502727	0.000480006981919737	0.000509098314157297	1.45456661187799e-05	
5.81327752586908e-05	0.000188931519590745	0.000203464713405418	0.000276130682478782	0.000770259272177654	0.00145331938146727	0.00358969887222416	0.00699046622485757	0.0124113475177305	0.0171927682827578	0.0262324148354842	0.0377281711428904	0.0565922567143355	0.0699191954423904	0.0808772235786537	0.0912829903499593	0.0928671084757586	0.0967910708057203	0.084990117428206	0.0789588419951169	0.0667218928031624	0.0546738751307987	0.0386437623532147	0.0296331821881177	0.0189948843157772	0.012077084059993	0.0072956632949657	0.00491221950935938	0.00284850598767585	0.00204918032786885	0.00132252063713522	0.000813858853621672	0.000465062202069527	0.000174398325776073	
1.44858256196312e-05	0.00024625903553373	0.000347659814871149	0.000376631466110411	0.000535975547926354	0.0011588660495705	0.00286819347268698	0.00612750423710399	0.0108643692147234	0.0162675821708458	0.0245824460765141	0.0340851476829922	0.0503817015050773	0.0673446033056654	0.0780351426129532	0.0892906291194067	0.0949690727623021	0.0945924412961917	0.0904784668202164	0.079614097605493	0.0709660597105732	0.0560601451479727	0.0425883273217157	0.0309996668260107	0.0212362203583793	0.0130517288832877	0.00863355206930019	0.00528732635116538	0.00333173989251517	0.0019990439355091	0.00150652586444164	0.00152101169006128	0.00036214564049078	0.00024625903553373	2.89716512392624e-05	
0.000117476027548128	0.000176214041322193	0.000279005565426805	0.00055801113085361	0.00129223630302941	0.00185024743388302	0.00531579024655281	0.0107931100309843	0.0138474867472356	0.0219680171515	0.0307346657072791	0.0431871246273807	0.0656837839028473	0.0766971614854844	0.0878280150956695	0.0927766927561345	0.095977914506821	0.0924830026872641	0.0793403721053173	0.0725414470109693	0.0611756413456879	0.0470050955226949	0.0329667102306936	0.0257125655295966	0.0148166639745077	0.0093246596866327	0.00541858177065743	0.00389139341253176	0.0020998839924228	0.00096917722727206	0.00217330650964038	0.000734225172175803	0.000146845034435161	0.000117476027548128	
