# <P(N_1)> as a function of N_tot.
# number_of_species: 2
# species_total_upper_bound: 100
# species_total_lower_bound: 0
# volume: 512
# Bin widths for each species index 
1	1	1	1	1	1	1	1	1	1	1	1	1	1	1	1	1	1	1	1	1	1	1	1	1	1	1	1	1	1	1	1	1	1	1	1	1	1	1	1	1	1	1	1	1	1	1	1	1	1	1	1	1	1	1	1	1	1	1	1	1	1	1	1	1	1	1	1	1	1	1	1	1	1	1	1	1	1	1	1	1	1	1	1	1	1	1	1	1	1	1	1	1	1	1	1	1	1	1	1	1	
# Bin lower bound for each species index 
0	0	0	0	0	0	0	0	0	0	0	0	0	0	0	0	0	0	0	0	0	0	0	0	0	0	0	0	0	0	0	0	0	0	1	1	1	1	2	1	2	1	1	1	2	2	2	2	2	2	2	3	3	4	4	4	4	4	4	4	4	4	4	4	4	5	4	4	6	6	6	6	7	7	7	7	6	6	7	7	8	8	8	8	8	9	8	8	9	7	7	8	8	8	8	9	9	9	10	10	10	
# Bin upper bound for each species index 
0	1	2	3	4	5	6	6	7	8	8	10	11	11	11	10	12	13	13	13	13	13	13	13	14	14	15	15	16	17	17	18	18	18	20	20	20	20	20	20	21	22	22	23	23	24	25	25	25	24	25	25	26	25	25	25	25	26	26	27	27	28	29	29	29	29	29	30	30	31	31	32	33	34	35	36	36	37	38	37	37	35	35	36	37	38	38	39	39	39	39	39	39	40	39	40	40	40	41	41	40	
# Normalized histogram for each species index 
1	
0.749168871700929	0.250831128299071	
0.566517738063484	0.372032542011203	0.0614497199253134	
0.432164659572339	0.410347933415619	0.141908796744171	0.015578610267872	
0.322974248348389	0.420958608601861	0.201732506404207	0.050289874612377	0.00404476203316705	
0.236908655629362	0.390531746299356	0.263310516910004	0.0932663452136089	0.0147688572680986	0.00121387867956975	
0.172533315385651	0.362599273118859	0.295934849912505	0.132420244985866	0.0318347018441244	0.00461031094359941	6.73038093956118e-05	
0.125264378795115	0.31118237019854	0.322064542539401	0.172852561915808	0.056048304564372	0.0115985535921403	0.000989288394623729	
0.100936310319992	0.260109064718592	0.315773227698323	0.208011798195974	0.0857084062146311	0.0247967897931886	0.00449291765270775	0.000171485406591899	
0.0784200907060177	0.222297434508901	0.298145265010492	0.240235564881879	0.112197928653625	0.0384823664793881	0.00849522778041021	0.00148920327624721	0.000236918703039328	
0.0556662772318054	0.19277025633977	0.283038966394062	0.248642704968731	0.141055597553433	0.058037248299086	0.0167686069685932	0.003539275651158	0.000481066593361281	
0.0414424845058912	0.155860518967513	0.258836749982974	0.255771981202751	0.168051488115508	0.0817271674725873	0.0296942041817067	0.00643601443846625	0.00177075529523939	0.000272423891575291	0.000136211945787646	
0.0299364779024192	0.128834977699689	0.237802405730504	0.248851196107582	0.19137721313691	0.106196783349101	0.0411879983781592	0.0115556156237329	0.00344641167725368	0.000405460197323963	0.000337883497769969	6.75766995539938e-05	
0.0228997335671647	0.101784088226367	0.211628612862973	0.247006846312097	0.205220734545209	0.126134025833867	0.0583791440423595	0.0198306971097096	0.00536238238170719	0.00118039863748272	0.000370982428923139	0.000202354052139894	
0.020882897171557	0.0816151202749141	0.179784562516521	0.241805445413693	0.212860163891092	0.144660322495374	0.0740483743061063	0.0313573883161512	0.00951625693893735	0.00274253238170764	0.000693893735130849	3.30425588157547e-05	
0.0128373067854336	0.0636953104532355	0.153752947340844	0.222753471312549	0.227862195441446	0.166721247052659	0.0911383285302594	0.0416230023578727	0.0144092219020173	0.00406078071784124	0.00114618810584228	
0.00986895853076697	0.0521878369987909	0.128917355641972	0.205777588967681	0.223946929838894	0.183719486291298	0.114309989869612	0.0510767621973138	0.0209470278749061	0.00666644880886246	0.00251625763863926	3.26786706316787e-05	3.26786706316787e-05	
0.00731731113206934	0.0439363881752252	0.109694624215422	0.189079319652672	0.221698266610296	0.187095515301311	0.131191258252301	0.0657907574230056	0.0291716803798498	0.0107970990926534	0.0033171810465381	0.000585384890565547	0.000260171062473576	6.50427656183941e-05	
0.00585684701009578	0.0338791095003883	0.0945185089308827	0.169298472689619	0.214276469065493	0.199229873155579	0.141405643282423	0.0836461299508154	0.0370825783070153	0.0151436707222366	0.00443308309603935	0.000906031581672275	0.000161791353870049	0.000161791353870049	
0.00331039003605375	0.0256637168141593	0.0777777777777778	0.149065880039331	0.201147164863979	0.206391347099312	0.15850540806293	0.100294985250737	0.0490003277613897	0.0192723697148476	0.00652245165519502	0.00232710586692888	0.000622746640445756	9.83284169124877e-05	
0.00274834437086093	0.0176158940397351	0.0599668874172185	0.135364238410596	0.190993377483444	0.205264900662252	0.17135761589404	0.112649006622517	0.061953642384106	0.0277483443708609	0.00980132450331126	0.00367549668874172	0.000794701986754967	6.62251655629139e-05	
0.00159961881424001	0.0145327070995848	0.0503029065414199	0.114525900211014	0.176808930637805	0.203832278265605	0.181369545980532	0.129875433939146	0.0696004356408686	0.0352596827989926	0.0150772581852835	0.00558164862841195	0.00156558437138384	6.80688857123409e-05	
0.0013959822948587	0.0130064691862445	0.0425944841675179	0.0986721144024515	0.164044943820225	0.190772897514471	0.187572352740892	0.140823970037453	0.0866530473272046	0.0444330949948928	0.0183861082737487	0.00868232890704801	0.00265577119509704	0.000306435137895812	
0.00151104090112985	0.00985610769600604	0.0364366908204265	0.0849273670112298	0.146708334764243	0.180157285621072	0.187197362546791	0.148734503245304	0.104193138500635	0.0577629726295546	0.0283320168961846	0.0100278168893163	0.00322813283423194	0.000927229643875133	
0.00111335328091295	0.00824577273676153	0.0286688469835085	0.0777955605037924	0.134680954700438	0.171352028390509	0.181824507689096	0.152807737805302	0.11523206457449	0.0721592095191706	0.0355229281191288	0.0147171386820681	0.00396632106325238	0.00177440679145501	0.000139169160114119	
0.0014521498902033	0.00609194588085287	0.0243323652334065	0.0664092937592973	0.11935963731671	0.159276050152299	0.177481051214847	0.162959552312814	0.127045406247786	0.079478642771127	0.0455479209463767	0.0200821704328115	0.00669405681093717	0.00279804491039173	0.00099171212013884	
0.00090293453724605	0.00454940093766279	0.018961625282167	0.0596284077096718	0.108664698732419	0.14613648202813	0.168432019447821	0.169230769230769	0.13505816982115	0.0908491057475256	0.0532731376975169	0.0268102101059212	0.0113908664698732	0.00420211842333738	0.00170168432019448	0.000208369508595242	
0.000344340759615716	0.00316793498846458	0.0174580765125168	0.0491374263971626	0.0985158913260563	0.138321683137633	0.162046761475156	0.167762818084777	0.146516993216487	0.101614958162598	0.061327089287559	0.0295444371750284	0.0148410867394373	0.00561275438173617	0.0030301986846183	0.000757549671154575	
0.000414035814097919	0.00269123279163648	0.0151123072145741	0.0389538695097126	0.0818755822378636	0.129800227719698	0.159645309319256	0.167719007694166	0.152848221371149	0.113859848876928	0.070110064520581	0.038608839664631	0.0183900907428493	0.00627954318048511	0.00286374771417728	0.000690059690163199	0.00013801193803264	
0.000103220478943022	0.00223644371043215	0.0114574731626755	0.0318607211670795	0.0698458574181118	0.115194054500413	0.153385631709331	0.169694467382329	0.158821910266997	0.120217451142307	0.0818538398018167	0.0485824387558492	0.0231902009358657	0.00880814753647124	0.00402559867877787	0.00044728874208643	0.000240847784200385	3.44068263143408e-05	
0.000203141928494041	0.00253927410617551	0.00914138678223185	0.0256297399783315	0.0586064463705309	0.104821235102925	0.14771803900325	0.168878656554713	0.162581256771398	0.12760698808234	0.0861998916576381	0.0539341820151679	0.029557150595883	0.0133735102925244	0.00683911159263272	0.00145585048754063	0.000541711809317443	0.000372426868905742	
0.000101402737873923	0.00196045293222917	0.00699678891330066	0.0208213621767788	0.0528646273449383	0.088659793814433	0.139225959100896	0.161264154132162	0.165320263647118	0.137637316207538	0.0971100219705932	0.0596924116951158	0.0371134020618557	0.0187933074193003	0.00848402906878486	0.00294067939834376	0.00040561095149569	0.000473212776744972	0.000135203650498563	
9.93673611341128e-05	0.00149051041701169	0.00576330694577854	0.0187141863469246	0.0436553939915869	0.0811831340465702	0.122387466463516	0.159319002351694	0.164419860223245	0.144645755357557	0.107118015302574	0.070716438673777	0.0422311284819979	0.0237156768573416	0.0093405319466066	0.00341161273227121	0.0010267960650525	0.000529959259381935	0.000231857175979597	
3.29554442393883e-05	0.00131821776957553	0.00632744529396256	0.0147969944634854	0.0375032955444239	0.072469021882415	0.113004218296863	0.149815449512259	0.161877142103876	0.150606380174005	0.116036119166886	0.0813669918270498	0.0483785921434221	0.0261007118375956	0.0122923807012919	0.00573424729765357	0.00151595043501186	0.000626153440548379	0.00019773266543633	
0.00185317640938943	0.00507185122569738	0.0144027570063073	0.0327394498992132	0.0633981403212172	0.105728590935692	0.139085766304701	0.161063788282723	0.149749658625398	0.119253527537551	0.0900253592561285	0.0566356720202874	0.0346901619090968	0.0156707198127316	0.00676246830092984	0.00253592561284869	0.00094284413811041	0.000325118668313935	3.25118668313935e-05	3.25118668313935e-05	
0.000944440825897219	0.003712629453527	0.0124731322868495	0.0309385787793916	0.05516837100241	0.0940207125643197	0.131374975574806	0.149286784341822	0.153813586921123	0.130072298573569	0.0960072949912069	0.0679020386895069	0.0391454438871882	0.0218524066957598	0.00801146355761089	0.00315899172800104	0.00146551162639224	0.000390803100371263	9.77007750928157e-05	0.000162834625154693	
0.000454324192763265	0.00249878306019796	0.010254746065228	0.0253772513386338	0.0467953918546163	0.0839526204770404	0.121564173292228	0.145935421061171	0.152166152847639	0.139542430634431	0.103358753853643	0.0768456920331008	0.0461788090215804	0.0273243550219049	0.0110335875385364	0.00490021093623235	0.00133052085023527	0.000389420736654227	6.49034561090378e-05	3.24517280545189e-05	
0.00012677083003201	0.00148955725287611	0.00690901023674453	0.0214559629829176	0.0428802332583273	0.0747947897188857	0.114695908471461	0.138116819319874	0.151174214813171	0.141159319240643	0.114378981396381	0.0820207270307102	0.0563179412417203	0.0297911450575223	0.0149272652362691	0.00611669254904447	0.00291572909073622	0.000570468735144043	0.00012677083003201	3.16927075080024e-05	
0.00110288325193005	0.00570348195998109	0.0189380809831416	0.0376870962659524	0.0670868126674019	0.102851740979991	0.130014179927525	0.150212698912872	0.145454545454545	0.119899164959824	0.0908460690089806	0.0609421774066488	0.035197731211596	0.0210808255868914	0.00857097841499921	0.00280447455490783	0.00126043800220577	0.000283598550496297	6.30219001102883e-05	
6.33773806128593e-05	0.00101403808980575	0.00430966188167443	0.0138479576639098	0.033114681370219	0.0605253984852806	0.0917387584371138	0.124124599930285	0.142472351617708	0.146274994454479	0.125075260639478	0.102354469689768	0.0662293627404379	0.0456000253509522	0.0233862534461451	0.0125804100516526	0.00472161485565802	0.00152105713470862	0.000918972018886459	0.000126754761225719	
0.000860585197934596	0.00363358194683496	0.0127175368139224	0.0263912794033276	0.0548224644610187	0.0839548670873972	0.116912092815707	0.138203608083126	0.142793395805444	0.132466373430229	0.102473385605916	0.0783451265378976	0.0504557914196468	0.0297379996175177	0.0150124306750813	0.00704404921272391	0.00299611142984637	0.000828711672085166	0.000223114680946006	0.000127494103397718	
6.4855048965562e-05	0.000680978014138401	0.00334003502172644	0.00946883714897205	0.0228614047603606	0.0431934626110643	0.0805175432907452	0.111193981451456	0.132758285232505	0.139859913094234	0.12954796030871	0.110804851157663	0.0844412737531617	0.0586613917893508	0.0344704585251962	0.0194889422141514	0.0101498151631104	0.00535054153965886	0.00223749918931189	0.00064855048965562	0.000226992671379467	3.2427524482781e-05	
9.67804374475773e-05	0.000935544228659914	0.00261307181108459	0.00890380024517711	0.0188399251564617	0.0389057358539261	0.0714884831279437	0.105103555068069	0.131202013033099	0.136686237821795	0.136105555197109	0.112555648751532	0.0888121814310601	0.0623588618620556	0.0394218981869798	0.0220659397380476	0.0125169365765533	0.00635524872572424	0.00335505516484935	0.00106458481192335	0.000419381895606168	0.000193560874895155	
0.000225682690137666	0.000419124995969952	0.0028693942031789	0.00767321146468066	0.0170551632975465	0.032756230454267	0.0604184801882838	0.0922074991133894	0.126865912241674	0.14008446980688	0.139181739046329	0.124480123803076	0.0928200664151917	0.0664474320533901	0.0430731534319889	0.0274688074281845	0.0147016152432537	0.00628687493954928	0.00257923074443047	0.00148305767804752	0.000419124995969952	0.000419124995969952	6.44807686107618e-05	
0.000449380496886435	0.00157283173910252	0.00600243949412595	0.015086345252616	0.0298838030429479	0.0535404763433267	0.0860242665468319	0.117962380432689	0.136290684984272	0.13754253065417	0.130801823200873	0.103068626821596	0.0730564293509662	0.0463503883931437	0.0313924375682095	0.016691275598639	0.00844193362008089	0.00369133979585286	0.00125184566989793	0.000481479103806895	0.000128394427681839	0.000288887462284137	
0.000220625315179022	0.00110312657589511	0.00393973777105396	0.0121343923348462	0.0265695915279879	0.0492624810892587	0.0742876954109934	0.107822743318205	0.131303580433686	0.135716086737267	0.134108673726677	0.110312657589511	0.0813477054967221	0.0549357034795764	0.035268532526475	0.0216212808875441	0.0115670700958144	0.00529500756429652	0.0018910741301059	0.000724911749873928	0.000252143217347453	0.000126071608673727	0.00018910741301059	
0.000317874058298102	0.000603960710766394	0.00413236275787533	0.00759718999332464	0.0233001684732509	0.0404971550271782	0.0687879462157093	0.100861438697988	0.123780158301281	0.134969325153374	0.130900537207159	0.11732731491783	0.0915159413840236	0.0632569376013224	0.0444070059442449	0.0233637432849105	0.0133507104485203	0.00670714263008996	0.00244763024889539	0.000731110334085635	0.000286086652468292	0.000317874058298102	0.000127149623319241	0.000413236275787533	
0.000194105658179936	0.00093817734786969	0.00307333958784899	0.00724661123871761	0.018116528096794	0.0358448448772282	0.0626637766490893	0.09084144802821	0.1206043156158	0.133221183397496	0.133156481511436	0.118404451489761	0.0976998479505678	0.069586878457507	0.051470350360713	0.027207143088221	0.0156578564265148	0.00850829801688719	0.00375270939147876	0.00126168677816958	0.000129403772119957	0.000129403772119957	0.000258807544239915	3.23509430299893e-05	
0.000128708411094665	0.000418302336057661	0.00289593924962996	0.00682154578801725	0.0166033850312118	0.0311152583821353	0.0532852821931913	0.0877469592637879	0.112652036810606	0.126262951283866	0.138458073235086	0.123495720445331	0.104221635883905	0.0742325760988481	0.0541218868653066	0.0353304588454856	0.0176008752171954	0.00891305746830555	0.00363601261342429	0.00131926121372032	0.000450479438831328	0.000160885513868331	9.65313083209988e-05	3.21771027736663e-05	
0.000126075582311596	0.000346707851356888	0.00277366281085511	0.00554732562171022	0.0138367951586976	0.0259085321650329	0.0517225076433322	0.0777571153906767	0.103129826330885	0.127178743656822	0.131591389037728	0.127872159359536	0.108141330727771	0.0841869700885681	0.0578371733854446	0.0403126674441328	0.0224414536514641	0.0107479433920635	0.00482239102341854	0.00230087937718662	0.00100860465849277	0.000252151164623192	0.000157594477889495	
3.12568374331885e-05	0.000312568374331885	0.00137530084706029	0.00609508329947176	0.0124089644609758	0.0216609883411996	0.0462288625636858	0.0707654799487388	0.0988966336386084	0.120495108304942	0.128996968086769	0.122839371112431	0.112649642109211	0.0877379426749601	0.0662332385209265	0.0461976057262526	0.0300690776107273	0.0145031725689995	0.00743912730909887	0.00296939955615291	0.00156284187165943	0.000437595724064639	6.2513674866377e-05	3.12568374331885e-05	
0.000125297581756672	0.00109635384037088	0.00360230547550432	0.00917804786367623	0.0191392056133317	0.0357724595915299	0.0638077935095853	0.0943177546673349	0.114208745771207	0.129839619095351	0.125109635384037	0.110606440295702	0.096573111138955	0.0698847262247839	0.0520924696153364	0.035051998496429	0.0198909911038717	0.0108382408219521	0.00566971557448941	0.00231800526249843	0.000689136699661697	6.2648790878336e-05	0.000125297581756672	
6.28476259309305e-05	0.000785595324136631	0.0028909907928228	0.00813876755805549	0.0151148540363888	0.0297583508782956	0.0568771014674921	0.0831788329195865	0.11108317883292	0.126480847185998	0.129277566539924	0.117902146246426	0.103195801778588	0.0739088080947742	0.0537347201709455	0.0409766521069667	0.0227508405869968	0.0120353203657732	0.00776168180246991	0.00257675266316815	0.00131980014454954	0.000157119064827326	0	3.14238129654652e-05	
0.00108159694607921	0.00248131064100525	0.00617146492762844	0.0155559090186098	0.0278352155240973	0.0477811356767934	0.0771751232702402	0.102210911404485	0.124001908700493	0.128773659933195	0.123874662000954	0.105423890567838	0.0829330364243677	0.0600922538571656	0.0412597423254334	0.0256720216319389	0.0143152536981072	0.00804835374582472	0.00337203753777636	0.0014633370446954	0.000286305073962144	0.000190870049308096	
0.000614946434928958	0.00223322652684727	0.00614946434928958	0.0126225847169628	0.0283199016085704	0.0425931320192899	0.0712043240444056	0.0946046541735444	0.117034016247532	0.121144447681005	0.121597566106742	0.112664659999353	0.0871605657507201	0.068582710295498	0.0491309835906399	0.0301647409133573	0.0176068874000712	0.00987150856070169	0.00423989384082597	0.00181247370294851	0.000582580833090591	6.47312036767324e-05	
3.24917958215551e-05	0.0015920979952562	0.00500373655651948	0.0113396367417227	0.0231666504207688	0.0420443837930922	0.0662832634759723	0.0890275205510609	0.110244663222536	0.121909217922475	0.122494070247263	0.112454105338402	0.0921467329499301	0.0736589011274653	0.0524417584559899	0.034831205120707	0.0215095688338694	0.0109822269876856	0.00604347402280924	0.00207947493257952	0.000617344120609546	9.74753874646652e-05	
0.000161686715819428	0.00109946966757211	0.00316905963006079	0.00882809468374078	0.0230241883326866	0.0376406674427629	0.057689820204372	0.0828806105290389	0.108944509119131	0.118128314577674	0.123011253395421	0.114053809339025	0.102477040486354	0.0759280817488035	0.057689820204372	0.0379640408744018	0.0245763808045531	0.0133553227266848	0.00569137239684388	0.00223127667830811	0.001131807010736	0.000323373431638857	
0.000163243984459173	0.00133860067256522	0.00355871886120996	0.00724803290998727	0.0183159750563192	0.034934212674263	0.0520095334486924	0.0782265173528355	0.0994808841294198	0.117241829638578	0.122955369094649	0.114009598746286	0.10535766756995	0.0831564856835026	0.0646772666427242	0.0433249534754644	0.0264128766854941	0.0159326128832153	0.00701949133174443	0.00261190375134676	0.00127330307878155	0.000652975937836691	9.79463906755036e-05	
0.000162596338330461	0.00100809729764886	0.00318688823127703	0.00666644987154889	0.0133003804754317	0.0298526877174726	0.0503073070794446	0.0735260641930344	0.0986634580989236	0.110630548600046	0.120483886702871	0.117394556274593	0.105817696985464	0.0865662905271373	0.0712497154564079	0.0468277454391727	0.0310884198887841	0.0168774999187018	0.00881272153751098	0.00478033234691555	0.00191863679229944	0.00074794315632012	0.000130077070664369	
0.000548404787251202	0.0012258459950321	0.00332268782863963	0.00680667118294139	0.0121616826349237	0.0247427336365689	0.0424852414594019	0.0679376754088842	0.0914223039452886	0.109100293557857	0.118616729571922	0.118616729571922	0.1087454434014	0.0920997451530695	0.0715506951837156	0.0525178231555857	0.0355172747507984	0.0198070905513081	0.0116455369528049	0.00722603954966289	0.00258072841059389	0.0010968095745024	0.000193554630794542	3.22591051324236e-05	
0.000159866990663768	0.00105512213838087	0.00284563243381507	0.00796137613505563	0.0117022637165878	0.0248753037472823	0.0393272797032869	0.0614208978130196	0.085752653792045	0.0997570021741911	0.114880419490984	0.117981839109861	0.114113057935797	0.092115360020463	0.0772477298887326	0.0567847550837703	0.0392633329070214	0.0238841284051669	0.0135886942064203	0.00876071108837447	0.00380483437779767	0.00156669650850492	0.00054354776825681	0.000607494564522317	
6.43645608727834e-05	0.00093328613265536	0.00222057735011103	0.00608245100247804	0.0113281627136099	0.021690857014128	0.0367521642583593	0.057509735139832	0.0795224149583239	0.0971261223570302	0.10880829015544	0.119299713577704	0.115083834840537	0.101020178289834	0.0765616451581759	0.0612106973900171	0.0443150001609114	0.0270652978470054	0.0160911402181959	0.0097190486917903	0.00373314453062144	0.00222057735011103	0.000836739291346185	0.000514916486982268	0.000289640523927526	
3.2274722437387e-05	0.000484120836560806	0.0017428350116189	0.0042279886392977	0.0107152078492125	0.018848437903434	0.0318874257681384	0.0506067647818229	0.0789439710818487	0.0934030467337981	0.102827265685515	0.116189000774593	0.113445649367415	0.10782984766331	0.0858507616834495	0.0638394009811516	0.0470242705912729	0.0294668215853344	0.0195907565194939	0.0112638781306481	0.00580945003872967	0.00329202168861348	0.00183965917893106	0.000451846114123419	0.000355021946811257	3.2274722437387e-05	
3.2179173638821e-05	0.000514866778221135	0.00186639207105162	0.0039902175312138	0.00836658514609345	0.0158321534302999	0.0294117647058824	0.0432488093705754	0.0688634315870768	0.0946389496717724	0.102876818123311	0.118129746428112	0.115780666752478	0.10426052258978	0.0888466984167847	0.0698609859698803	0.0491375981464796	0.0344638949671772	0.0198867293087913	0.0153816449993564	0.00756210580512292	0.00389368001029734	0.00176985455013515	0.00067576264641524	0.000611404299137598	9.65375209164629e-05	
0.00019293845263361	0.000418033314039488	0.00147919480352434	0.00453405363688983	0.00739597401762171	0.0127660942825905	0.0257251270178146	0.0417390185864043	0.0647308508585761	0.0855360473342337	0.103157759341437	0.112804681973117	0.114894848543315	0.10929963341694	0.0893305035693614	0.0704546916200399	0.0566274358479645	0.0397131648337514	0.0255000321564088	0.0140523506334813	0.00964692263168049	0.00556305871760242	0.00237957424914786	0.00144703839475207	0.000450189722811756	0.000160782043861342	
0.000726836051068133	0.000948047023132347	0.00385539122740488	0.00764757931993427	0.0125458222727847	0.0232271520667425	0.0409240298318797	0.0576728605738845	0.0776450511945393	0.0953103273922387	0.10930982176716	0.113639236506131	0.113797244343319	0.0948047023132347	0.0747377069902667	0.0595373530527114	0.0452534445708507	0.0285362153962837	0.0174756667930729	0.00998609531032739	0.00641511818986222	0.00366578182277841	0.0015484768044495	0.000600429781317153	0.000189609404626469	
6.37856801148142e-05	0.000350821240631478	0.000829213841492585	0.00309360548556849	0.00599585393079254	0.0120873863817573	0.0220698453197257	0.0382076223887737	0.0541859352575347	0.0739276032530697	0.0881837027587307	0.107734013713921	0.114686652846436	0.110285440918514	0.100621910381119	0.0836868123106363	0.0593206825067772	0.0471057247647903	0.0317014830170627	0.0198692393557646	0.010971136979748	0.00755860309360549	0.003603890926487	0.00197735608355924	0.00114814224206666	0.000733535321320364	
0.000128336755646817	0.000192505133470226	0.000481262833675565	0.00214964065708419	0.00506930184804928	0.00933649897330596	0.0186729979466119	0.0352284394250513	0.0504042607802875	0.0709060574948665	0.0896111396303901	0.103439425051335	0.114315965092402	0.112326745379877	0.102508983572895	0.0844135010266941	0.0662217659137577	0.0485433778234086	0.0330467145790554	0.0225872689938398	0.0150474845995893	0.00757186858316222	0.00423511293634497	0.00234214579055441	0.000481262833675565	0.000673767967145791	6.41683778234086e-05	
0.000160508490899169	0.00141247471991268	0.00391640717793971	0.00853905171583577	0.0153767134281403	0.0274469519437578	0.0477031234952329	0.0639144810760489	0.0865461782928317	0.0973644505794357	0.112741164007576	0.118198452698148	0.105871400597092	0.0877660428236654	0.0720362107155468	0.0527751918076466	0.0385862412121601	0.0234984430676383	0.0166607813553337	0.0102083400211871	0.00497576321787423	0.00292125453436487	0.00102725434175468	0.000192610189079002	0.000160508490899169	
9.57854406130268e-05	0.000989782886334611	0.00220306513409962	0.00759897828863346	0.0115581098339719	0.0219667943805875	0.041507024265645	0.0585568326947637	0.0780651340996169	0.0986590038314176	0.105523627075351	0.117688378033206	0.112579821200511	0.095338441890166	0.0787037037037037	0.0560025542784163	0.0447637292464879	0.0288952745849298	0.0162515964240102	0.0117177522349936	0.00565134099616858	0.0033205619412516	0.00156449553001277	0.000478927203065134	0.000191570881226054	0.000127713920817369	
0.000221870047543582	0.000729001584786054	0.00167987321711569	0.00605388272583201	0.0119175911251981	0.0199683042789223	0.0340095087163233	0.0538827258320127	0.0697305863708399	0.0917591125198098	0.109381933438986	0.109096671949287	0.114770206022187	0.106656101426307	0.0829477020602219	0.0628526148969889	0.0467828843106181	0.0322662440570523	0.019080824088748	0.0117591125198098	0.00630744849445325	0.00450079239302694	0.00221870047543582	0.000792393026941363	0.000285261489698891	0.0003486529318542	
3.17168321228076e-05	0.000697770306701767	0.00158584160614038	0.0037743030226141	0.0114814932284563	0.020774525040439	0.0304164420057725	0.0485901868121412	0.0663198959687906	0.0844619239430366	0.101366995464493	0.110342858955248	0.11037457578737	0.107742078721177	0.0928351676234578	0.0703162168162644	0.0517935868565448	0.0349519489993339	0.0237559072599829	0.0116717942211932	0.00761203970947382	0.00466237432205271	0.0025056297377018	0.00107837229217546	0.000570902978210536	0.000253734656982461	3.17168321228076e-05	
0.000286706380809786	0.00117868178777357	0.00340862030518301	0.00879232901150011	0.0215985473543372	0.0288936319327196	0.0421139817145042	0.0629798349845497	0.0804689242139467	0.0993915453473926	0.10780159918448	0.11025453155363	0.106782198719378	0.0948679557835048	0.0755312032111115	0.0560988818451148	0.0380682361186327	0.0251027364531235	0.015068013124781	0.00860119142429359	0.00589340893886783	0.00340862030518301	0.00178395081392756	0.000860119142429359	0.000668981555222835	6.37125290688414e-05	3.18562645344207e-05	
0.000191289931773258	0.000892686348275202	0.00274182235541669	0.00746030733915705	0.0176305553784352	0.0270356436906204	0.0403302939488618	0.0549958553848116	0.0781738187846713	0.0945928712618759	0.10508193585411	0.109099024421348	0.105592042338838	0.0968245871325639	0.0818402091436587	0.0628706242428107	0.0435503411337117	0.028948543008353	0.0173117388254798	0.0105528279028247	0.00580246126378882	0.00401708856723841	0.00207230759421029	0.000988331314161831	0.00108397628004846	0.000223171587068801	3.18816552955429e-05	6.37633105910859e-05	
6.34578164165371e-05	0.000920138338039788	0.00307770409620205	0.00590157692673795	0.0136751594377637	0.0233207475330774	0.0374718405939652	0.0531776501570581	0.0705016340387727	0.0895072500555256	0.104197734555954	0.104832312720119	0.10372180093283	0.0944252308278072	0.0853824919884507	0.0690421042611924	0.0508297109496462	0.0343306786813466	0.0227178982771203	0.0126915632833074	0.00774185360281753	0.005552558936447	0.00266522828949456	0.00136434305295555	0.00158644541041343	0.000951867246248057	0.000285560173874417	3.17289082082686e-05	3.17289082082686e-05	
3.20266461696131e-05	0.00051242633871381	0.00204970535485524	0.00522034332564694	0.0100563668972585	0.0196003074558032	0.0326671790930054	0.0523315398411478	0.0671278503715091	0.0854470919805278	0.0997950294645145	0.104983346143992	0.106328465283116	0.0975531642326416	0.0812195746861389	0.0714834742505765	0.0542851652574942	0.0385921086343838	0.0285037150909557	0.0166858826543684	0.0103766333589547	0.00643735588009224	0.00403535741737125	0.00179349218549833	0.000992826031258007	0.000896746092749167	0.000480399692544197	0.000448373046374584	3.20266461696131e-05	3.20266461696131e-05	
0.000161404867970818	9.68429207824908e-05	0.000290528762347472	0.000774743366259926	0.00345406417457551	0.00958744915746659	0.0173994447672542	0.0288591903931823	0.0442249338240041	0.0673381109174253	0.082671573374653	0.0943572858157402	0.105332816837756	0.103621925237265	0.0989411840661114	0.0880302149912841	0.0746658919233004	0.059396991413261	0.0409322745173994	0.033152559881206	0.0194654270772807	0.0114920265995222	0.00729550003228097	0.0041642455936471	0.00216282523080896	0.000774743366259926	0.00045193363031829	0.000484214603912454	0.000193685841564982	0.000193685841564982	3.22809735941636e-05	
3.21522731657128e-05	6.43045463314256e-05	0.000192913638994277	0.00080380682914282	0.00257218185325703	0.00861680920841103	0.0150794161147193	0.0251109253424217	0.0437913960517009	0.06202173493666	0.0770046942318822	0.0880650762008874	0.10169764002315	0.110089383319401	0.0977750626969327	0.0945919876535271	0.0792875056266478	0.0611857758343515	0.0430197414957237	0.0349816732042955	0.022281525303839	0.015561700212205	0.00755578419394251	0.00414764323837695	0.00215420230210276	0.00115748183396566	0.000257218185325703	0.00022506591215999	0.000417979551154267	3.21522731657128e-05	0.000160761365828564	6.43045463314256e-05	
9.72132209980557e-05	0.000388852883992223	0.0016202203499676	0.00243033052495139	0.00596241088788075	0.0135126377187297	0.0243357096565133	0.0348671419313027	0.0551198963058976	0.0745949449125081	0.083149708360337	0.100129617627997	0.107420609202852	0.102138690861957	0.0951717433570966	0.0836033700583279	0.0667854828256643	0.0512313674659754	0.034348671419313	0.0259235255994815	0.0158133506156837	0.00988334413480233	0.00534672715489307	0.00340246273493195	0.00100453661697991	0.000615683732987686	0.000129617627997408	0.000583279325988334	0.000194426441996111	0	0.000129617627997408	6.48088139987038e-05	
6.56060357552895e-05	0.000360833196654092	0.00203378710841397	0.00177136296539282	0.004986058717402	0.0131540101689355	0.0210595374774479	0.0344759717894046	0.0498933901918977	0.0672789896670494	0.0852550434639987	0.102148597670986	0.102804658028539	0.100869279973758	0.0915204198786288	0.0832540593734624	0.0740692143677218	0.0544858126947679	0.038412333934722	0.0293258979826144	0.0172871904215188	0.0113170411677874	0.00705264884369362	0.00337871084139741	0.00232901426931278	0.000721666393308184	0.000360833196654092	6.56060357552895e-05	3.28030178776447e-05	0.000196818107265868	3.28030178776447e-05	
0.000230270732589888	0.00151320767130498	0.00167768676601204	0.00503306029803612	0.0108885160696076	0.0214151781308596	0.031020757261752	0.0460541465179776	0.0646402842198757	0.0810224020526991	0.101450705615316	0.102766538372973	0.101944142899437	0.0980953320832922	0.0824369222671798	0.0740155926181782	0.0573374124148821	0.0403960656600546	0.0303957367018652	0.0206256784762657	0.0117438073620843	0.007335767623935	0.00401328991085233	0.00246718642060594	0.000625020559886838	0.000394749827296951	0.000164479094707063	0	6.57916378828251e-05	0.000230270732589888	
0.000295741324921136	0.0010515247108307	0.00147870662460568	0.00384463722397476	0.00959516298633018	0.018303101997897	0.0295741324921136	0.0425538906414301	0.0571766561514196	0.0778456887486856	0.0943414826498423	0.102195057833859	0.101209253417455	0.103115141955836	0.0895110410094637	0.0766298633017876	0.0640772870662461	0.0440325972660357	0.0313157202944269	0.021884858044164	0.012585436382755	0.00814931650893796	0.00456756046267087	0.00315457413249211	0.000854363827549947	0.000361461619348055	0.000262881177707676	3.28601472134595e-05	
0.000296296296296296	0.000888888888888889	0.0022716049382716	0.00381893004115226	0.00688065843621399	0.0135637860082305	0.0247901234567901	0.0384526748971193	0.0544855967078189	0.0711440329218107	0.0898765432098765	0.0990617283950617	0.103374485596708	0.101168724279835	0.0966913580246914	0.0849711934156379	0.0665679012345679	0.0483292181069959	0.0339094650205761	0.0228477366255144	0.0148148148148148	0.00948148148148148	0.0054320987654321	0.00289711934156379	0.00237037037037037	0.000790123456790123	0.000493827160493827	0.000329218106995885	
0.000298240381747689	0.000596480763495377	0.00165689100970938	0.00344633330019551	0.00477184610796302	0.0112668588660238	0.0213407562050568	0.0355237432481691	0.0473870828776883	0.067468601915366	0.0831427908672168	0.0952712330582894	0.103920204128972	0.106736918845478	0.0984856016171256	0.0866885376279948	0.0746263710773105	0.054577989859827	0.0370149451569076	0.0248533651456407	0.0169997017596183	0.010073897339033	0.00596480763495377	0.00338005765980714	0.0021539583126222	0.00135865062796169	0.000497067302912814	0.000331378201941876	0.000165689100970938	
9.81033355134075e-05	0.000359712230215827	0.00117724002616089	0.00271419228253761	0.00457815565729235	0.00961412688031393	0.0195552648790059	0.031785480706344	0.0443100065402224	0.0601700457815566	0.0789077828646174	0.0924460431654676	0.0983649444081099	0.109581425768476	0.103172007848267	0.0883584041857423	0.0740353172007848	0.0593525179856115	0.0438848920863309	0.0292674950948332	0.018705035971223	0.0117069980379333	0.00699803793328973	0.00493786788750817	0.00294310006540222	0.00170045781556573	0.000588620013080445	0.000457815565729235	3.27011118378025e-05	0.000196206671026815	
0.000360927912852315	0.00072185582570463	0.00216556747711389	0.00410145355513994	0.0095809955048069	0.0163073793352364	0.0304163795649178	0.041736391377104	0.0561406962627555	0.0711684220887883	0.089772615414903	0.0994192341765922	0.101387931883059	0.103717557502379	0.0948256061948354	0.0789775896577747	0.0633920661482429	0.0467237589001542	0.0330413098402074	0.0202119631197296	0.0136824490599468	0.00859664665157332	0.00528267217902024	0.00423270006890442	0.00259211864684844	0.000951537224792466	0.000229681399087837	0.000164058142205598	3.28116284411195e-05	6.56232568822391e-05	
3.31532009415509e-05	0.000265225607532407	0.000861983224480324	0.0018897324536684	0.0053376653515897	0.00891821105327719	0.0168418260783079	0.0279149951927859	0.0370321254517124	0.0526141298942413	0.0648476610416736	0.0842754367934224	0.0987633856048802	0.0996253688293605	0.0975698703709843	0.0967410403474455	0.0861651692470908	0.0674667639160561	0.0518516062725856	0.0372641978583032	0.0241686834863906	0.0139906507973345	0.010111726287173	0.00576865696382986	0.0036468521035706	0.00361369890262905	0.00149189404236979	0.000464144813181713	0.000198919205649305	0.000198919205649305	6.63064018831018e-05	
6.71298627194307e-05	0.000268519450877723	0.000570603833115161	0.0017453764307052	0.00379283724364784	0.00718289531097909	0.0136273621320444	0.0272547242640889	0.0356459571040177	0.0444735340516229	0.0613566945255597	0.0732051152955392	0.0942503272580808	0.0993857617561172	0.101198268049542	0.100829053804585	0.0869667371530225	0.0736078944718558	0.0555835263316886	0.0431309367972343	0.027355419058168	0.0189977511495989	0.0116805961131809	0.00694794079146108	0.00456483066492129	0.00359144765548954	0.00144329204846776	0.000671298627194307	0.000234954519518008	6.71298627194307e-05	0.000234954519518008	6.71298627194307e-05	
0.000338661609319968	0.000270929287455974	0.000880520184231916	0.00403007315090761	0.00792468165808724	0.0138851259821187	0.021098618260634	0.0344080195069087	0.0435518829585478	0.0546938499051748	0.0711189379571932	0.0854443240314278	0.0979070712544026	0.0945204551612029	0.101903278244378	0.0888309401246275	0.0767407206719046	0.0591641831481983	0.0496477919263072	0.0330872392305608	0.0239772419398537	0.0150365754538066	0.00853427255486318	0.00606204280682742	0.0031156868057437	0.00230289894337578	0.000643457057707938	0.000474126253047955	6.77323218639935e-05	0.000169330804659984	0.000169330804659984	
3.42888492662186e-05	0	0.000205733095597312	0.000445755040460842	0.00140584281991496	0.0024002194486353	0.00723494719517213	0.0123439857358387	0.0206075984089974	0.0313400082293238	0.0435468385680977	0.0556508023590728	0.0678576326978467	0.0801330407351529	0.0915169386915375	0.0950829790152243	0.0973117542175285	0.093162803456316	0.0783500205733096	0.0661431902345357	0.0486901659580304	0.0353518035934714	0.0262652585379235	0.0179673570154986	0.0104580990261967	0.007372102592237	0.00394321766561514	0.00219448635303799	0.00133726512138253	0.00113153202578521	0.000308599643395968	0.000137155397064874	6.85776985324372e-05	
6.86718857299821e-05	0.000240351600054938	3.43359428649911e-05	0.000446367257244884	0.00109875017167971	0.00209449251476446	0.0050130476582887	0.0110905095453921	0.0167216041752507	0.030765004807032	0.0399327015519846	0.0526026644691663	0.065547314929268	0.0782516137893147	0.0830586457904134	0.0988188435654443	0.0940461475072105	0.0950762257931603	0.0835393489905233	0.069255596758687	0.0541821178409559	0.0364991072654855	0.0280524653206977	0.0211852767476995	0.0130476582886966	0.00738222771597308	0.00449800851531383	0.00291855514352424	0.00171679714324955	0.00188847685757451	0.000515039142974866	0.00030902348578492	0.000103007828594973	
6.81175709274207e-05	0.000238411498245973	0.000408705425564524	0.00108988113483873	0.0019754095568952	0.0042573481829638	0.00878716664963727	0.0153945710295971	0.0260209120942747	0.0385886039303838	0.0474779469364122	0.0640645754572392	0.0744865638091346	0.0826606723204251	0.0941384830216954	0.0933891897414938	0.0913116038282075	0.0853853751575219	0.07407785838357	0.0599094036306665	0.0426756581860291	0.0308572596301216	0.0226831511188311	0.0165866285208269	0.00926398964612922	0.00602840502707673	0.00326964340451619	0.00235005619699602	0.00105582234937502	0.000749293280201628	0.000442764211028235	0.000306529069173393	
3.40309681810448e-05	0.000204185809086269	0.000510464522715671	0.000884805172707163	0.00163348647269015	0.00374340649991492	0.00912029947251999	0.0145992853496682	0.0225625319040327	0.035766547558278	0.0484260677216267	0.0624808575803982	0.0700697634847711	0.0827973455844819	0.0922579547388123	0.0921898928024502	0.0927003573251659	0.0861664114344053	0.0759911519482729	0.0628211672622086	0.0455334354262379	0.0315467075038285	0.0238216777267313	0.0175940105496001	0.0126595201633486	0.00622766717713119	0.00272247745448358	0.00241619874085418	0.00125914582269866	0.000442402586353582	0.000374340649991492	0.000442402586353582	
0.000137688891948642	0	0.000344222229871605	0.000791711128704692	0.00237513338611408	0.00302915562287012	0.00750404461120099	0.0123231558294035	0.0214794671439882	0.0327699562837768	0.0440260232005783	0.0563836012529689	0.0692230904271798	0.0814085573646346	0.0922515576055902	0.0915975353688341	0.0914598464768855	0.0839902240886716	0.0791022684244949	0.0682936904065265	0.0522185122715225	0.0359023785756084	0.0249561116656914	0.0190699115348869	0.012219889160442	0.00874324463873877	0.00440604454235655	0.00151457781143506	0.0013080444735121	0.000550755567794568	0.000344222229871605	0.000172111114935803	0.000103266668961482	
0.000104533258998571	6.96888393323809e-05	0.000348444196661905	0.000557510714659047	0.00174222098330952	0.00365866406495	0.0062023067005819	0.0126833687584933	0.0194780305934005	0.0271438029199624	0.0403498379734486	0.0560995156625666	0.0662740862050943	0.0804906094289	0.0887487368897871	0.0902122025157671	0.0909439353287571	0.0852642949231681	0.0798285654552423	0.0699675946897104	0.0542527614202585	0.0434858357434057	0.0267953587233005	0.0201052301473919	0.0147740339384648	0.00860657165754904	0.00627199553991428	0.00275270915362905	0.000836266071988571	0.000940799330987142	0.00073173281299	0.000278755357329524	
0.000175703693291633	0.000386548125241593	0.000632533295849879	0.00133534806901641	0.00309238500193274	0.0060793477878905	0.0107882067681063	0.0175703693291633	0.0242822504129037	0.0354570053062515	0.0523245598622483	0.0649752257792459	0.0779421583441684	0.0912956390343325	0.0912604982956742	0.0938609129563903	0.0885898021576414	0.0768879361844186	0.0722844994201778	0.0562954633306392	0.0417823382647503	0.0327160276909021	0.0203464876831711	0.0160944583055136	0.00899602909653161	0.00614962926520716	0.00365463682046597	0.00196788136486629	0.00101908142109147	0.00101908142109147	0.000562251818533226	0.000175703693291633	
7.03878369817696e-05	0.000527908777363272	0.000703878369817695	0.00151333849510805	0.00228760470190751	0.00468079115928768	0.0100302667699022	0.0159428450763708	0.0218554233828394	0.0346660097135215	0.0510663757302738	0.0624340114028296	0.0741887801787851	0.083374392904906	0.0961849792355881	0.0895333286408109	0.0917505455057366	0.0821074118392342	0.0690856619976068	0.0603223762933765	0.0451537974238052	0.0330118955444499	0.0247061307806011	0.0163651720982614	0.0104173998733019	0.00707397761666784	0.0041528823819244	0.0025339621313437	0.00186527768001689	0.000985429717744774	0.000774266206799465	0.000633490532835926	
3.51827745135981e-05	0.000175913872567991	0.000527741617703972	0.00144249375505752	0.0018998698237343	0.00471449178482215	0.00869014530485874	0.014706399746684	0.0192449776589382	0.0312071209935616	0.0470041867501671	0.059705168349576	0.0698026246349787	0.0808148330577349	0.0923899658727087	0.0960489744221229	0.0918974070295183	0.0831368961756324	0.0741301059001513	0.060936565457552	0.0510502058192309	0.0358864300038701	0.0278999401892833	0.0176617528058263	0.0114344017169194	0.00679027548112444	0.00439784681419977	0.00299053583365584	0.00140731098054393	0.00102030046089435	0.000351827745135981	0.000598107166731168	
0.000207842593875572	0.000554246917001524	0.00110849383400305	0.00207842593875572	0.00453789663294998	0.00907579326589996	0.0142372176804767	0.0185672717195511	0.0272620202300125	0.0402521823472357	0.0567063876957184	0.0652972149092421	0.0788762643757794	0.0870514064015519	0.0910350561175003	0.0985520299293335	0.0839684079257309	0.0797769156159069	0.065816821393931	0.0568103089926562	0.0393168906747956	0.0285783566578911	0.0196064846889289	0.0126091173617847	0.00620063738395455	0.00529998614382707	0.002909796314258	0.00166274075100457	0.00100457253706526	0.000588887349314119	0.000381044755438548	6.92808646251905e-05	
0.000242945892479089	0.000590011453163503	0.000728837677437268	0.00163120813521674	0.00468538506923958	0.00832957345642592	0.0147155797730191	0.0188109533890952	0.0260646236073994	0.035782459306563	0.0503939194113768	0.0632006386006317	0.0765279561309131	0.0840592787977649	0.0916600145767535	0.0927706243709437	0.0906188178947003	0.0804845035227154	0.0713913858327838	0.0556346093777114	0.0459861867906848	0.029882344774928	0.0207892270849964	0.0129455454135286	0.00767014889112553	0.00527539652240308	0.00399125394787075	0.00225592614444869	0.00138826224273765	0.00111060979419012	0.000347065560684413	3.47065560684413e-05	
0.000176354401805869	0.000387979683972912	0.000811230248306998	0.00144610609480813	0.00303329571106095	0.0067367381489842	0.0153781038374718	0.0158013544018059	0.0217268623024831	0.0318143340857788	0.0445471218961625	0.0638755643340858	0.0705417607223476	0.0855318848758465	0.0895174943566591	0.091527934537246	0.0916337471783296	0.0786187923250564	0.0763967268623025	0.0605601015801354	0.0471218961625282	0.0357294018058691	0.0250423250564334	0.015836625282167	0.00895880361173815	0.00522009029345373	0.0045852144469526	0.00275112866817156	0.00112866817155756	0.00264531602708804	0.000917042889390519	
