# lnPI (bias) matrix in single row (vectorized) notation.
# species_total_upper_bound: 100
# species_total_lower_bound: 0
# volume: 512
0
7.62532174478579
14.559421461742
21.0855217567186
27.3277049801427
33.3460136346569
39.1782514530618
44.8579211088455
50.4027241918827
55.8325408181718
61.1569732357814
66.3876440380673
71.5289490143454
76.5868533743872
81.5747441464966
86.4955953073197
91.349038179527
96.1429812766313
100.876356231481
105.557012169319
110.186894312975
114.765580088204
119.298716803362
123.789015285145
128.237458551063
132.644923607987
137.010381057742
141.340260915482
145.633263825238
149.890665543654
154.114029448641
158.304010688883
162.46314845953
166.592790894229
170.693420760451
174.764101252778
178.805235094181
182.818196397787
186.807157838967
190.772265824242
194.710729942724
198.620006766038
202.506042778197
206.370104462667
210.211287037936
214.029714883882
217.825126640375
221.599293993728
225.353039236642
229.084973356631
232.794614603038
236.48457529018
240.159566583372
243.814477672499
247.451037537948
251.070092129587
254.669539198019
258.252632446905
261.818432855616
265.365636225747
268.896749129914
272.411290024083
275.912827758805
279.395145735614
282.860542090171
286.310374436383
289.744622904991
293.165506274433
296.568105006029
299.95841375722
303.33771587096
306.703212234024
310.054272850245
313.39208641781
316.71210775943
320.017633833487
323.310655506266
326.594254621443
329.86409522586
333.124720317463
336.370487315809
339.60396559569
342.825860136527
346.029659217446
349.22120071174
352.403214094534
355.57354055321
358.735056751307
361.884015665461
365.021986536654
368.147255406048
371.260521971868
374.361750851329
377.451123062048
380.532775987306
383.602445127963
386.662969459986
389.712731357985
392.753919094846
395.784875127133
398.803831594129
