# <N_i^j*N_k^m*U^p> as a function of N_tot.
# number_of_species: 1
# max_order: 2
# species_total_upper_bound: 496
# species_total_lower_bound: 473
# volume: 729
#	N_tot	N_1^0*N_1^0*U^0	N_1^0*N_1^0*U^1	N_1^0*N_1^0*U^2	N_1^0*N_1^1*U^0	N_1^0*N_1^1*U^1	N_1^0*N_1^1*U^2	N_1^0*N_1^2*U^0	N_1^0*N_1^2*U^1	N_1^0*N_1^2*U^2	N_1^1*N_1^0*U^0	N_1^1*N_1^0*U^1	N_1^1*N_1^0*U^2	N_1^1*N_1^1*U^0	N_1^1*N_1^1*U^1	N_1^1*N_1^1*U^2	N_1^1*N_1^2*U^0	N_1^1*N_1^2*U^1	N_1^1*N_1^2*U^2	N_1^2*N_1^0*U^0	N_1^2*N_1^0*U^1	N_1^2*N_1^0*U^2	N_1^2*N_1^1*U^0	N_1^2*N_1^1*U^1	N_1^2*N_1^1*U^2	N_1^2*N_1^2*U^0	N_1^2*N_1^2*U^1	N_1^2*N_1^2*U^2	
473	222635708	-532040578063	1.27150226948133e+15	105306689884	-251655193423799	6.01420573639352e+17	49810064315132	-1.19032906489943e+17	2.84471931246049e+20	105306689884	-251655193423799	6.01420573639352e+17	49810064315132	-1.19032906489943e+17	2.84471931246049e+20	2.35601602835368e+16	-5.63025647654553e+19	1.3455522346214e+23	49810064315132	-1.19032906489943e+17	2.84471931246049e+20	2.35601602835368e+16	-5.63025647654553e+19	1.3455522346214e+23	1.11439558799667e+19	-2.66311131350663e+22	6.36446207226835e+25	
474	221564921	-531668417538	1.27585950280569e+15	105021772554	-252010829913012	6.04757404217363e+17	49780320190596	-1.19453133378806e+17	2.86655009733836e+20	105021772554	-252010829913012	6.04757404217363e+17	49780320190596	-1.19453133378806e+17	2.86655009733836e+20	2.35958717703425e+16	-5.66207852211193e+19	1.35874474751127e+23	49780320190596	-1.19453133378806e+17	2.86655009733836e+20	2.35958717703425e+16	-5.66207852211193e+19	1.35874474751127e+23	1.11844431940038e+19	-2.68382521951796e+22	6.44045008866459e+25	
475	220998017	-532470726005	1.28299533640302e+15	104974058075	-252923594852375	6.09422785147423e+17	49862677585625	-1.20138707555148e+17	2.89475822845615e+20	104974058075	-252923594852375	6.09422785147423e+17	49862677585625	-1.20138707555148e+17	2.89475822845615e+20	2.36847719901255e+16	-5.70658860959418e+19	1.37501015913799e+23	49862677585625	-1.20138707555148e+17	2.89475822845615e+20	2.36847719901255e+16	-5.70658860959418e+19	1.37501015913799e+23	1.12502665885467e+19	-2.7106295894051e+22	6.5312982484711e+25	
476	220194226	-532696131906	1.28876857975883e+15	104812451576	-253563358787256	6.13453844221231e+17	49890726950176	-1.20696158782734e+17	2.92004029637482e+20	104812451576	-253563358787256	6.13453844221231e+17	49890726950176	-1.20696158782734e+17	2.92004029637482e+20	2.37479860282838e+16	-5.74513715814021e+19	1.38993918190726e+23	49890726950176	-1.20696158782734e+17	2.92004029637482e+20	2.37479860282838e+16	-5.74513715814021e+19	1.38993918190726e+23	1.13040413045919e+19	-2.73468528762261e+22	6.6161105053649e+25	
477	221054731	-536948693638	1.30432954757253e+15	105443106687	-256124526865326	6.22165193880046e+17	50296361889699	-1.22171399314682e+17	2.96772797408572e+20	105443106687	-256124526865326	6.22165193880046e+17	50296361889699	-1.22171399314682e+17	2.96772797408572e+20	2.39913644833234e+16	-5.82757574660341e+19	1.41560624556491e+23	50296361889699	-1.22171399314682e+17	2.96772797408572e+20	2.39913644833234e+16	-5.82757574660341e+19	1.41560624556491e+23	1.14438809105633e+19	-2.77975363079831e+22	6.75244178943004e+25	
478	220282043	-537259981444	1.31042260820773e+15	105294816554	-256810271130232	6.26382006978113e+17	50330922312812	-1.22755309599094e+17	2.99410599138111e+20	105294816554	-256810271130232	6.26382006978113e+17	50330922312812	-1.22755309599094e+17	2.99410599138111e+20	2.40581808655241e+16	-5.8677037983999e+19	1.43118266446988e+23	50330922312812	-1.22755309599094e+17	2.99410599138111e+20	2.40581808655241e+16	-5.8677037983999e+19	1.43118266446988e+23	1.14998104948925e+19	-2.80476241597166e+22	6.84105313339554e+25	
479	220437687	-539833840329	1.32207395809573e+15	105589652073	-258580409517591	6.33273425781043e+17	50577443342967	-1.23860016158353e+17	3.03337970934393e+20	105589652073	-258580409517591	6.33273425781043e+17	50577443342967	-1.23860016158353e+17	3.03337970934393e+20	2.42265954997624e+16	-5.93289477203916e+19	1.45298888110312e+23	50577443342967	-1.23860016158353e+17	3.03337970934393e+20	2.42265954997624e+16	-5.93289477203916e+19	1.45298888110312e+23	1.16045391580273e+19	-2.84185659710403e+22	6.95981673763714e+25	
480	220730456	-542749703573	1.33462188719164e+15	105950618880	-260519857715040	6.40618507794814e+17	50856297062400	-1.25049531703219e+17	3.07496882649891e+20	105950618880	-260519857715040	6.40618507794814e+17	50856297062400	-1.25049531703219e+17	3.07496882649891e+20	2.4411022589952e+16	-6.00237752175452e+19	1.47598503746893e+23	50856297062400	-1.25049531703219e+17	3.07496882649891e+20	2.4411022589952e+16	-6.00237752175452e+19	1.47598503746893e+23	1.1717290843177e+19	-2.88114121044632e+22	7.08472817916926e+25	
481	220182231	-543602003675	1.34214974903213e+15	105907653111	-261472563767675	6.45574029380014e+17	50941581146391	-1.25768303171726e+17	3.10521107947681e+20	105907653111	-261472563767675	6.45574029380014e+17	50941581146391	-1.25768303171726e+17	3.10521107947681e+20	2.45029003921702e+16	-6.04945538245319e+19	1.49360652960844e+23	50941581146391	-1.25768303171726e+17	3.10521107947681e+20	2.45029003921702e+16	-6.04945538245319e+19	1.49360652960844e+23	1.17858951808165e+19	-2.90978803908922e+22	7.18424741260703e+25	
482	219632612	-544426270629	1.34959101802226e+15	105862918984	-262413462443178	6.50502870478264e+17	51025926950288	-1.26483288898176e+17	3.13542383713127e+20	105862918984	-262413462443178	6.50502870478264e+17	51025926950288	-1.26483288898176e+17	3.13542383713127e+20	2.45944967900388e+16	-6.09649452593157e+19	1.51127428875303e+23	51025926950288	-1.26483288898176e+17	3.13542383713127e+20	2.45944967900388e+16	-6.09649452593157e+19	1.51127428875303e+23	1.18545474992458e+19	-2.93851036106811e+22	7.28434207170769e+25	
483	220264236	-548193574546	1.36440882546858e+15	106387625988	-264777496505718	6.59009463103095e+17	51385223352204	-1.27887530812054e+17	3.18301570707072e+20	106387625988	-264777496505718	6.59009463103095e+17	51385223352204	-1.27887530812054e+17	3.18301570707072e+20	2.48190630194417e+16	-6.17696773856136e+19	1.53739658510654e+23	51385223352204	-1.27887530812054e+17	3.18301570707072e+20	2.48190630194417e+16	-6.17696773856136e+19	1.53739658510654e+23	1.19876073522529e+19	-2.98347541766377e+22	7.42562551067107e+25	
484	218537007	-546076711203	1.36459188673791e+15	105771911388	-264301128222252	6.60462472853019e+17	51193605111792	-1.2792174605957e+17	3.19663836941735e+20	105771911388	-264301128222252	6.60462472853019e+17	51193605111792	-1.2792174605957e+17	3.19663836941735e+20	2.47777048741073e+16	-6.19141251022811e+19	1.54717297105013e+23	51193605111792	-1.2792174605957e+17	3.19663836941735e+20	2.47777048741073e+16	-6.19141251022811e+19	1.54717297105013e+23	1.19924091138794e+19	-2.9966436535132e+22	7.48831718031966e+25	
485	217847093	-546501375962	1.37104297808129e+15	105655840105	-265053167341570	6.64955844069519e+17	51243082450925	-1.28550786159867e+17	3.22503584579665e+20	105655840105	-265053167341570	6.64955844069519e+17	51243082450925	-1.28550786159867e+17	3.22503584579665e+20	2.48528948498038e+16	-6.23471313121064e+19	1.56414238505495e+23	51243082450925	-1.28550786159867e+17	3.22503584579665e+20	2.48528948498038e+16	-6.23471313121064e+19	1.56414238505495e+23	1.20536540203654e+19	-3.02383586756618e+22	7.58609056567291e+25	
486	217643784	-548181457899	1.38077402213059e+15	105774879024	-266416188538914	6.71056175009893e+17	51406591205664	-1.29478267629714e+17	3.26133300933797e+20	105774879024	-266416188538914	6.71056175009893e+17	51406591205664	-1.29478267629714e+17	3.26133300933797e+20	2.49836033259527e+16	-6.29264380742977e+19	1.58500784262053e+23	51406591205664	-1.29478267629714e+17	3.26133300933797e+20	2.49836033259527e+16	-6.29264380742977e+19	1.58500784262053e+23	1.21420311889981e+19	-3.05822489009992e+22	7.70313811647098e+25	
487	218299144	-552021334261	1.39598219855734e+15	106311683128	-268834389785107	6.79843330666745e+17	51773789683336	-1.30922347825687e+17	3.31083702009984e+20	106311683128	-268834389785107	6.79843330666745e+17	51773789683336	-1.30922347825687e+17	3.31083702009984e+20	2.52138357161002e+16	-6.37591833955127e+19	1.61237762829543e+23	51773789683336	-1.30922347825687e+17	3.31083702009984e+20	2.52138357161002e+16	-6.37591833955127e+19	1.61237762829543e+23	1.2279137917848e+19	-3.10507223075645e+22	7.85227905183038e+25	
488	218953455	-555885095277	1.41136128309528e+15	106849286040	-271271926495176	6.88744305822128e+17	52142451587520	-1.32380700129646e+17	3.3610722132703e+20	106849286040	-271271926495176	6.88744305822128e+17	52142451587520	-1.32380700129646e+17	3.3610722132703e+20	2.54455163747098e+16	-6.46017816631745e+19	1.64020324075852e+23	52142451587520	-1.32380700129646e+17	3.3610722132703e+20	2.54455163747098e+16	-6.46017816631745e+19	1.64020324075852e+23	1.24174119908584e+19	-3.15256694644232e+22	8.00419181013722e+25	
489	220280657	-561460131955	1.43113705372886e+15	107717241273	-274554004525995	6.99826019363303e+17	52673730982497	-1.34256908212889e+17	3.42214923605551e+20	107717241273	-274554004525995	6.99826019363303e+17	52673730982497	-1.34256908212889e+17	3.42214923605551e+20	2.5757454307191e+16	-6.56516281130828e+19	1.67343097624808e+23	52673730982497	-1.34256908212889e+17	3.42214923605551e+20	2.5757454307191e+16	-6.56516281130828e+19	1.67343097624808e+23	1.25953952544483e+19	-3.21036462081572e+22	8.18307747249641e+25	
490	219861601	-562600244961	1.4396940309959e+15	107732184490	-275674120030890	7.05450074876237e+17	52788770400100	-1.35080318815278e+17	3.45670536907248e+20	107732184490	-275674120030890	7.05450074876237e+17	52788770400100	-1.35080318815278e+17	3.45670536907248e+20	2.5866497496049e+16	-6.61893562091132e+19	1.69378563071561e+23	52788770400100	-1.35080318815278e+17	3.45670536907248e+20	2.5866497496049e+16	-6.61893562091132e+19	1.69378563071561e+23	1.26745837543274e+19	-3.24327845471157e+22	8.2995495909037e+25	
491	221241633	-568385060775	1.46028663864808e+15	108629641803	-279077064840525	7.17000739953899e+17	53337154125273	-1.37026838836983e+17	3.52047363053063e+20	108629641803	-279077064840525	7.17000739953899e+17	53337154125273	-1.37026838836983e+17	3.52047363053063e+20	2.61885428206576e+16	-6.72801778705038e+19	1.7285525524803e+23	53337154125273	-1.37026838836983e+17	3.52047363053063e+20	2.61885428206576e+16	-6.72801778705038e+19	1.7285525524803e+23	1.28585744692092e+19	-3.30345673339784e+22	8.48719303280805e+25	
492	220945872	-569850393559	1.46978973453718e+15	108705369024	-280366393631028	7.23136549803046e+17	53483041559808	-1.37940265666466e+17	3.55783182263412e+20	108705369024	-280366393631028	7.23136549803046e+17	53483041559808	-1.37940265666466e+17	3.55783182263412e+20	2.63136564474255e+16	-6.78666107020056e+19	1.75045325790823e+23	53483041559808	-1.37940265666466e+17	3.55783182263412e+20	2.63136564474255e+16	-6.78666107020056e+19	1.75045325790823e+23	1.29463189256454e+19	-3.33903724713812e+22	8.61223002579216e+25	
493	219650329	-568752926779	1.47276920926001e+15	108287612197	-280395192902047	7.26075219780067e+17	53385792813121	-1.38234830100827e+17	3.57955083603471e+20	108287612197	-280395192902047	7.26075219780067e+17	53385792813121	-1.38234830100827e+17	3.57955083603471e+20	2.63191957123891e+16	-6.81497712444439e+19	1.76471856257535e+23	53385792813121	-1.38234830100827e+17	3.57955083603471e+20	2.63191957123891e+16	-6.81497712444439e+19	1.76471856257535e+23	1.2975363592606e+19	-3.35978372252384e+22	8.70006251288898e+25	
494	219795655	-571349889894	1.48526630276205e+15	108579053570	-282246845607636	7.33721553613847e+17	53638052463580	-1.39429941730057e+17	3.62458447274316e+20	108579053570	-282246845607636	7.33721553613847e+17	53638052463580	-1.39429941730057e+17	3.62458447274316e+20	2.64971979170085e+16	-6.88783912158192e+19	1.79054473069135e+23	53638052463580	-1.39429941730057e+17	3.62458447274316e+20	2.64971979170085e+16	-6.88783912158192e+19	1.79054473069135e+23	1.3089615773933e+19	-3.40259252563292e+22	8.84529096581181e+25	
495	219360514	-572419991370	1.49379163752351e+15	108583454430	-283347895728150	7.39426860526574e+17	53748809942850	-1.40257208384433e+17	3.66016295913758e+20	108583454430	-283347895728150	7.39426860526574e+17	53748809942850	-1.40257208384433e+17	3.66016295913758e+20	2.6605661066808e+16	-6.9427318141254e+19	1.81178066489629e+23	53748809942850	-1.40257208384433e+17	3.66016295913758e+20	2.6605661066808e+16	-6.9427318141254e+19	1.81178066489629e+23	1.3169802216816e+19	-3.43665225279351e+22	8.96831429463447e+25	
496	220287989	-577085015014	1.51184516931364e+15	109262842544	-286234167446944	7.4987520620898e+17	54194369901824	-1.41972147053684e+17	3.71938101143651e+20	109262842544	-286234167446944	7.4987520620898e+17	54194369901824	-1.41972147053684e+17	3.71938101143651e+20	2.68804074713047e+16	-7.04181849387368e+19	1.8448129820615e+23	54194369901824	-1.41972147053684e+17	3.71938101143651e+20	2.68804074713047e+16	-7.04181849387368e+19	1.8448129820615e+23	1.33326821057671e+19	-3.49274197419729e+22	9.15027238870389e+25	
