# <P(U)> as a function of N_tot.
# number_of_species: 1
# species_total_upper_bound: 189
# species_total_lower_bound: 145
# volume: 729
# Bin widths for each
10	10	10	10	10	10	10	10	10	10	10	10	10	10	10	10	10	10	10	10	10	10	10	10	10	10	10	10	10	10	10	10	10	10	10	10	10	10	10	10	10	10	10	10	10	
# Bin lower bound for each
-590	-590	-590	-590	-600	-600	-610	-610	-620	-620	-630	-640	-640	-640	-650	-650	-660	-670	-670	-680	-690	-700	-700	-700	-710	-720	-720	-720	-720	-730	-730	-740	-750	-750	-760	-760	-770	-770	-770	-780	-780	-790	-790	-800	-800	
# Bin upper bound for each
-380	-390	-390	-390	-390	-390	-390	-400	-400	-420	-430	-430	-430	-440	-440	-450	-450	-450	-460	-460	-470	-470	-470	-480	-480	-480	-490	-500	-500	-510	-510	-520	-520	-530	-540	-540	-550	-560	-560	-570	-570	-570	-570	-590	-590	
# Normalized histogram for each
1.44591797815335e-05	5.78367191261341e-05	0.000308723027767878	0.00141113778894912	0.00528776112497108	0.014863255238131	0.0359752208737409	0.0661421501503755	0.103249876510789	0.143014965641863	0.159818095702575	0.155354117036509	0.124885498927676	0.0854631314362889	0.0529581137101161	0.0297261196876192	0.0134716568813191	0.00527212957926132	0.00213839545309598	0.000441200377658144	0.000141465488673382	4.68946371292979e-06	
2.33296278107827e-05	0.00017574986284123	0.000606181495950171	0.00272373404690888	0.00912966101661964	0.0242340397155807	0.0485987253469018	0.0840916434439663	0.121795043776102	0.152900825363349	0.160725582531086	0.142962403915956	0.10748853834827	0.0695992786479081	0.0404197466635716	0.0206891027697323	0.0086972852478598	0.00364253255552354	0.00124541329796562	0.000182748751184465	6.84335749116293e-05	
2.37110793322183e-05	0.000282200714675253	0.00134375739756522	0.00500031679556813	0.0145628784783862	0.0337319256467197	0.0651735942536782	0.101945591235763	0.137694124744377	0.158750729310043	0.156177494143169	0.127201000374324	0.0905852632921007	0.0550987177747968	0.0294511040617079	0.0140808827673706	0.00594720514398261	0.00227976197186	0.000550796711700873	8.74588991762149e-05	3.14852037034374e-05	
0.000137108331074015	0.000563538479414385	0.00266586622254929	0.00837987528564236	0.0231225066811263	0.0472597699368682	0.084130678957357	0.121171230489175	0.149257523529184	0.158613811534142	0.145190750997328	0.109247066114102	0.072266547891088	0.0417603315387893	0.0213222820403579	0.00935241488826058	0.00402959061156513	0.00125372787482087	0.000238583988535575	2.6724505209342e-05	1.00701034122158e-05	
8.9220772923435e-06	0.000286670222567037	0.00124521165688794	0.00451263152790574	0.0137229307084323	0.0333045628667022	0.0642897735537992	0.101500266692528	0.137557872278524	0.156353197885856	0.151629151917762	0.131194491587063	0.0927969742520487	0.0566113562527275	0.0315535082189788	0.0144793676962615	0.0059064151675314	0.00234301508025021	0.000610192503515492	6.32303738544344e-05	1.31891577365078e-05	1.70683217766571e-05	
8.04407687805879e-05	0.00054870707979802	0.00243731643377704	0.00784355786022892	0.022196211744974	0.0450518823528497	0.0828403907478349	0.118197800353007	0.149580192451625	0.158678937187029	0.142943246123105	0.113625111820441	0.0750485170530544	0.0431974700406712	0.0221212114146617	0.00998087297275662	0.00375934298156235	0.00154897055246098	0.000294172280033358	1.32124934228985e-05	2.33161648639385e-06	1.010367144104e-05	
4.5689239603278e-05	0.000194372866786827	0.00115733167096778	0.00444347214989168	0.0134500603059243	0.0320177026443615	0.0617447481574265	0.102503421853008	0.134200912623201	0.155601287817042	0.152388714757818	0.130160512493877	0.0958598966571352	0.0584864858585996	0.0316239233504926	0.0158824315193802	0.00657305535173939	0.00250284105758974	0.00096876675836781	0.000175013019497302	5.80795418685737e-06	1.23903022652957e-05	1.16159083737147e-06	
0.000101628499734486	0.0003556997490707	0.00233474022863309	0.0075848995565196	0.0210347720748156	0.0443585127638801	0.0805219670777966	0.11840069324601	0.144892372703516	0.157751868975263	0.14582836342817	0.113000806433782	0.0781069325764725	0.0446808535397556	0.0237705957718665	0.0107055151304278	0.00437157706873151	0.00165243285827828	0.000486032481554621	5.46932002387882e-05	0	5.04263548300884e-06	
1.38929946118336e-05	0.000192958258497689	0.00101380269014686	0.0041578645541082	0.0120294037512629	0.031392764991506	0.0589695874629617	0.100450596125244	0.133797256442297	0.151129153137077	0.153215031911437	0.130694101729138	0.0985557460267965	0.0625937294740652	0.0331822598808135	0.0174360941543681	0.00712710623587063	0.00290749503904317	0.000905746065388151	0.000214183666932434	1.65944102308012e-05	0	4.63099820394453e-06	
0.000122816588632574	0.000454690881426551	0.00203590633444844	0.007237708619761	0.0182238257251858	0.0438455221418289	0.0767030021533329	0.119535191187698	0.144778812713942	0.156330887140025	0.143406654965082	0.114651018010918	0.0814947741349034	0.0478480339143187	0.0244790016358862	0.0115074138483981	0.0049219036648239	0.001846098879289	0.000483566254929508	9.0476170309263e-05	2.69503486027592e-06	
3.46031005147019e-06	0.000282591987536732	0.000912752895798915	0.00394936720541131	0.0112087132145012	0.0277439970348988	0.0588967839493903	0.0968121701411384	0.132968180911161	0.153945349400963	0.152162136287772	0.131421037839259	0.0986657428920426	0.0644971035282475	0.0364839712671233	0.0179370938701376	0.00801446255809957	0.00291819481007319	0.000888146246544015	0.000253371591546539	3.53720583039175e-05	
3.06378298305996e-06	2.87229654661871e-05	0.000494035006018419	0.00184401438292921	0.0067100677057742	0.0174532227358739	0.0398659441755762	0.0756769715730726	0.115587340601903	0.149977921613878	0.156257527810533	0.14222693363961	0.116217713950668	0.0818884085983538	0.0499086418211739	0.0259927518554078	0.0127124015424615	0.00502000841774375	0.0015533379724114	0.000406334218128327	0.000159699687992	1.49359420424173e-05	
2.48983190953253e-05	0.000140196689059832	0.00100129547869508	0.00347389009039239	0.0109747960061564	0.0258233874124824	0.0544537730146655	0.0948476567617323	0.133274956351331	0.154905083777098	0.154533524245983	0.131266236576933	0.100918633059299	0.0657786776924085	0.0382587571218769	0.0181294237609639	0.00796401465093706	0.00298741524037603	0.000905149661880827	0.000255495059024338	8.0440723231051e-05	2.29830637803003e-06	
3.52017153948963e-05	0.000416681174620022	0.00198966217449414	0.00604972089248593	0.0171114773279908	0.0376359905399216	0.0711147350171742	0.113902420079671	0.14640584746408	0.157289299558563	0.145402215947984	0.117862995688938	0.0846176538898469	0.0518111856511686	0.0286859544007692	0.0121074769591381	0.00508205634646753	0.00180485316867093	0.000477518921878593	0.000156877209912038	4.01758708311316e-05	
2.34112403121601e-05	0.000126267181355749	0.000893465040109979	0.00396033752100295	0.0107273373436916	0.025515565404481	0.0532467552404718	0.0899567314224132	0.129381260108091	0.156640771020415	0.154878403552982	0.134389730371594	0.100709782751366	0.0686241022173131	0.0385291446914437	0.0195978946770515	0.00808378614254145	0.00332055821607884	0.00106655470209005	0.000222214887553126	9.21097979494824e-05	1.38164696924224e-05	
5.77266106205418e-05	0.000435643488149689	0.00192729910658449	0.00661469988897249	0.0163154643817191	0.0364324184948364	0.0701897858535168	0.109817564668236	0.144433519148879	0.1588297661495	0.146723726214231	0.121347877873583	0.0854961890815889	0.0524561710708864	0.0279935577102547	0.0131231828144032	0.00521810075602618	0.00194808068640788	0.000468355234167996	0.000128153075577603	4.27176918592009e-05	
8.04706228579487e-06	0.000125304255593091	0.000964881087411022	0.00364915114988688	0.0104194128863356	0.0244201516832922	0.0500465963225692	0.0894607242049502	0.129942429017247	0.15562788544662	0.155160006253717	0.136536804963735	0.103654592496766	0.0695116736050226	0.0385163056473517	0.0192692654334991	0.00814592619387749	0.00321652575366486	0.000995536562785479	0.000232215225961509	7.01243999190695e-05	2.64403475104688e-05	
1.94555869006678e-05	6.75223310082e-05	0.000423445126661593	0.00191008085513027	0.0063558732029809	0.0167707159083756	0.03594553198632	0.066247036360966	0.108799456769495	0.144143391490279	0.159427471670186	0.148055490385697	0.121870559309975	0.0870462032040681	0.053384604527048	0.0280763193081441	0.0132648954452945	0.00545023470685962	0.00202948475120691	0.00048028595897923	0.000199515136255868	2.9755603495139e-05	2.67037467264068e-06	
7.5664227882495e-06	9.11753945984064e-05	0.000996497881212459	0.00394399787837505	0.0106958952534695	0.0255502964713609	0.0500586965247798	0.0880610549787629	0.12554587011403	0.151262627886732	0.157077423799502	0.136558798482327	0.105001897280514	0.0699315276569777	0.0398092202158171	0.0206760069111706	0.00942700615188005	0.00358005294226025	0.00128969676425713	0.000294333846462905	0.000129385829679066	1.09713130429618e-05	
1.70397488113829e-05	6.05857735515835e-05	0.000352154808768579	0.00219017571388974	0.00721197901914662	0.0164903115774869	0.0368418302356332	0.0668916165950492	0.107295132993346	0.141692327266173	0.155772839700646	0.149450714230538	0.121041666351116	0.0865384469745737	0.055120558116146	0.0298222110475129	0.0141494287518876	0.00607864639264731	0.00204590584062003	0.000725135977195515	0.000141240584592129	6.7780334160834e-05	2.27196650818438e-06	
2.94085931909304e-05	5.05224549690343e-05	0.000142141533756164	0.0010206289970237	0.00399730647449031	0.0106851221927047	0.0258531696807961	0.0524219484625715	0.0859439743677718	0.124263371295554	0.150765038159535	0.153347715894892	0.13676390856793	0.104907238510477	0.0709105277485158	0.042069746626118	0.021436225203466	0.0095298923268456	0.00405197629516576	0.0012936010671549	0.00038457391095832	9.12420455410917e-05	4.07195905720575e-05	
2.25317669749638e-06	4.91943578953377e-05	9.98908335890063e-05	0.00056254311547493	0.002074424679495	0.00622515168573292	0.0177775641432465	0.0370294569055547	0.069733190081366	0.104889130562952	0.138637962196952	0.155017805728852	0.148172654921858	0.122106404767421	0.0883402987787407	0.0552005759119639	0.0304021131793187	0.0144248372173718	0.00588191776881431	0.00235832494337955	0.000735662191732569	0.000182131783047624	8.33675378073662e-05	1.31435307353956e-05	
6.35152397345362e-06	4.14717153560795e-05	0.000221556100956353	0.00115896631562665	0.00382698000353444	0.0111103099057994	0.0267130153561169	0.0516524610474111	0.0880765829398813	0.122049016578598	0.149818626628652	0.152064824400911	0.137483219834091	0.106234842741871	0.0719261519516178	0.0419312667965117	0.0214042621714814	0.00909986575867273	0.00358823742594403	0.00116195526808475	0.000340366961165662	6.01526682191784e-05	2.83950483519103e-05	1.12085717178593e-06	
4.64030404757017e-05	0.00015739911329358	0.000631823799117154	0.0024203825912126	0.00752471704353979	0.018134679442228	0.0369438734808109	0.067781849283667	0.107606052292886	0.137576105626684	0.153847981412056	0.143329711421347	0.123825956672924	0.0883621545711264	0.0567887833828113	0.0308364909055609	0.0151615438328689	0.00598079508083224	0.00219876166990065	0.000612148909955457	0.000167793394360137	4.04634512948119e-05	2.41295810473649e-05	
5.67287531353759e-05	0.000222836474734385	0.000507592568904115	0.00124098782185688	0.0043084190289743	0.0123242289246194	0.027448930218072	0.0509961828593887	0.0869918744403597	0.125363128905895	0.146669410410282	0.153214351262215	0.134656262687497	0.105403506430186	0.0709609962013982	0.041886212502943	0.021898411038748	0.0100743591597471	0.00393690131236223	0.00135778231360619	0.0004000674812619	6.22903955996285e-05	1.52018227356236e-05	3.33698547855153e-06	
3.32080651320851e-06	0.000119180055974039	0.000265664521056681	0.000864516628938615	0.0024573968197743	0.00855181472851484	0.018985050836013	0.03799371629612	0.0691805171971655	0.106254739067628	0.139105633010293	0.153317208972819	0.145537297269375	0.121096899289163	0.0857052193853925	0.055367438016224	0.0302687823893941	0.0151568988832866	0.00651099463689748	0.00236662810841326	0.000700690174286995	0.000158660755631073	1.77109680704454e-05	1.3283226052834e-05	7.37957002935224e-07	
2.31883204478658e-05	0.000217896598494231	0.000393465310456644	0.00173065845628357	0.00461999679780337	0.0127406938460774	0.0285091198192047	0.0521534772358786	0.0870931231907129	0.124138121414782	0.148869385343877	0.152853359637968	0.132993851414396	0.104547303253542	0.0679726966728441	0.0430835313235562	0.0220936844952952	0.0101005379322275	0.00393502117314498	0.00148478864582049	0.000315802840385221	9.42255561056136e-05	3.38623092254549e-05	2.20841147122532e-06	
5.60699812386892e-05	0.000312811474279003	0.00087904450849866	0.00273710039994127	0.00770999130177528	0.0192781137468101	0.0402689440915888	0.0684806289281264	0.103942678772864	0.138579540801609	0.153165482434234	0.147802314952462	0.118471443779884	0.0859121221086149	0.0537958270654226	0.0324837009728879	0.0156254495742739	0.00676344148691688	0.0025980320912111	0.000793464010818555	0.00028293207638207	4.79545892173e-05	1.29108509431192e-05	
8.29799616300657e-05	0.00045841818802743	0.00178425357496115	0.00477632659142658	0.0133833770115265	0.0284093884634988	0.0540520406063364	0.0879137657486747	0.121105381600872	0.147623933338693	0.153249974737212	0.136615996028763	0.103155525100885	0.0667394923396587	0.0412720201158179	0.0228862422174016	0.00993841780447561	0.00442817955240978	0.00153420729058255	0.00041231820934406	0.000142356734174246	3.20855851636254e-05	3.31919846520263e-06	
2.27510495756379e-05	0.000138341059516379	0.000733904825020577	0.00331541504703046	0.00863769283807968	0.0215694628073548	0.0395016933019075	0.0711568431671076	0.105403777921868	0.135686158811867	0.154061667820732	0.146147972092535	0.120951184687516	0.0850518632192221	0.0507564907460106	0.031174075252399	0.015514748000935	0.00634901064125301	0.00274590490281449	0.000821606451610536	0.000189347444855309	5.39420046390124e-05	1.61459061504527e-05	
0.000110758001443144	0.000251124577529504	0.00146800044156985	0.00564975468747601	0.0147041299209634	0.0303974055577853	0.0542125690958126	0.0881531340859029	0.122903731192158	0.145613507943505	0.152241076670125	0.13397258611526	0.105672637363682	0.0668832113533166	0.0385467088058825	0.0227938504818156	0.0104171007429925	0.00380780891430109	0.00165625249022734	0.00034506783287897	0.000131228127122405	4.89820864468029e-05	1.93735118035862e-05	
3.76947225192664e-05	0.000185911835337741	0.000712540046068074	0.00312902793727891	0.00886923883742156	0.0219632143424394	0.0423447142117887	0.0715738607959515	0.106040378001214	0.137323338010407	0.148804125778872	0.14589907036763	0.120406458899212	0.0857913586129513	0.0517054483146799	0.0299574232619622	0.0157282144632089	0.00624597892462446	0.00214676934269919	0.000898451881405816	0.000148949049178072	6.91679859819548e-05	1.86643771697338e-05	
2.11008379943144e-05	0.000122603144897999	0.000297958384781785	0.00142939987033899	0.00557207646070551	0.0145148298872269	0.0322093377756661	0.0559645156666446	0.0918785057405194	0.122908743241365	0.147380258201496	0.14896755054924	0.133242332937753	0.102343793770596	0.0678581121444054	0.0390485559386853	0.0206704536607407	0.00971511685862366	0.00410265775968765	0.00125549986066171	0.000403098767201731	5.85730158118038e-05	2.69217588203322e-05	8.00376613577443e-06	
7.35301273476926e-05	0.000180581342162716	0.000691687815589324	0.00282910769388255	0.00916279101620438	0.0223084639304088	0.0441851185835502	0.0728413230665091	0.109909878736565	0.137072412397324	0.151432413738167	0.14241740386026	0.118117859422652	0.085065706738063	0.0514346845215117	0.0282802636848037	0.0142406951048039	0.00640144638085794	0.00250182653882517	0.000631494034868419	0.000175174715151856	3.74859472752943e-05	8.6506032173756e-06	
2.35048561032709e-05	5.8219720501948e-05	0.000263616001527454	0.00149273916914311	0.00494252881876165	0.0145697562654906	0.0324095804347024	0.0590105685065304	0.0915166996578416	0.125019075094761	0.14534643626604	0.149717977888078	0.130614315686852	0.102384260280482	0.068169506897048	0.0387960306445466	0.0198051917526161	0.0101692855897875	0.00406778655854915	0.00124720382615664	0.000297969252755312	6.11126258685044e-05	1.66342058576994e-05	
6.50491120796201e-05	0.00012646419555144	0.000771504273435941	0.00309510216526327	0.00925659766978818	0.0223754409439462	0.046287712586131	0.0763981834217795	0.108642555855928	0.138918738396092	0.148535468300914	0.143124036301039	0.115590455151181	0.0835557661677024	0.0523946976615389	0.0276324267279897	0.0134037511170095	0.00666371825812287	0.0023657526236778	0.000665390638088181	0.00011120127539868	1.09020858234e-05	9.08507151950002e-06	
1.56136245213789e-05	0.000103485650897511	0.000319171533820745	0.00135693290317193	0.00586636552947435	0.0157102111288832	0.0343263719564779	0.0628452018060969	0.0944845779147097	0.12424632489774	0.147843595055201	0.146389349329431	0.129086548499367	0.0977776002585326	0.0666603728025185	0.0388463347016436	0.0189070099727488	0.00908095664314335	0.00437435661881514	0.00136274262392407	0.00031445113570963	7.22584018547534e-05	1.01670113162467e-05	
7.92892225763807e-06	0.000108842478263941	0.000840826164866801	0.00287964040175128	0.0103050760960293	0.0236335944111189	0.0494231348652011	0.0814711178194599	0.111223317374575	0.136583254404516	0.150286594499058	0.139691752335068	0.113478735351316	0.0799534500182365	0.0500560070235835	0.0274996648228318	0.0130387522471286	0.00582054974822068	0.00280828010143254	0.000639359458411361	0.000228497123242843	2.1624333429922e-05	
3.47663895749576e-05	0.00030859650952617	0.00178419677633133	0.00549129747090645	0.0168950316678799	0.035499709503518	0.0660819461723101	0.100176305020948	0.125174414374504	0.144836420552886	0.144923874151404	0.127149288668917	0.0957950231017282	0.0656848208151034	0.0367735213442335	0.0189068228501916	0.00836902264510577	0.00395763374934723	0.00156484594726046	0.00044730365143863	0.00013870714191246	6.45149497267254e-06	
7.19747570132203e-06	0.000222401999170851	0.000848582385185868	0.00348789672486066	0.010306065456723	0.025898316942282	0.050653314869409	0.0860328665530425	0.118181471394353	0.136168682919526	0.145219508613939	0.138646054055922	0.108634019876549	0.0784981891151136	0.049395915864388	0.0261343941452854	0.0123796582062739	0.00563562347413515	0.00259361036897139	0.00076617128840573	0.000230679096227371	5.93791745359068e-05	
7.210374575354e-05	0.000488502877480234	0.00193598557348255	0.00627591003038812	0.0170972401930794	0.0376788938996986	0.0702221985081014	0.103904021261953	0.129774124200865	0.144181534158609	0.141078188941376	0.123721375263584	0.0924892772717096	0.0629894717715638	0.0368597953479384	0.0176859672771571	0.00842532269130115	0.00324142389035039	0.00140818615456664	0.000361239766225236	7.60694517699847e-05	3.31677230466284e-05	
3.45189833056232e-05	0.000315652971052452	0.00110674266062359	0.00424192042271164	0.0101439548363587	0.0267020349830323	0.0520809608946182	0.0895312108547612	0.12331568713417	0.139672703099734	0.145107841574236	0.131811627417041	0.106833050538638	0.0759962107408841	0.0474757014826793	0.0259376352290068	0.0112489181679459	0.00554225408249254	0.00201740326143895	0.000617783041428474	0.000225618921812012	2.88251303892318e-05	1.17435716400574e-05	
7.94942462490427e-05	0.000549007138157451	0.00264034460755749	0.00753633845243157	0.0171735962700164	0.0386224924711141	0.0698559237763742	0.107648695052264	0.137268109250646	0.145526638734849	0.139635192386722	0.11916435932251	0.0894168316290571	0.0596817249115804	0.0355623188755539	0.0175199640572444	0.00705830831985362	0.00337815058055642	0.00117254013217338	0.000337140776502636	0.000142308896186902	2.16479867017482e-05	8.8721256974378e-06	
1.7628867905835e-06	0.000246098995965457	0.000897309376407004	0.00480386650434005	0.0124847642509124	0.0285256237357898	0.0531750119964446	0.0874726796619629	0.125851430247682	0.144654028178688	0.145335560211927	0.130226562684552	0.104537776372169	0.0719134408482729	0.0457920421174809	0.0246102521739038	0.0120172466740496	0.00472735721762873	0.00178263112263804	0.000746406267133056	0.000155839192287582	4.23092829740041e-05	
2.91513888503759e-05	0.000434071290076938	0.00172455350381919	0.00860570329147621	0.0195851117458056	0.0414447428314246	0.0692896517546648	0.106467982176414	0.139850588467	0.146747380463308	0.140646563584512	0.118195372608075	0.0869497053221193	0.0577467682841421	0.032786780342863	0.0170734707430262	0.00774538181564804	0.00299441644252093	0.001216181722648	0.000428027709461617	3.30619410132312e-05	5.33257113116632e-06	
