# <P(U)> as a function of N_tot.
# number_of_species: 1
# species_total_upper_bound: 189
# species_total_lower_bound: 145
# volume: 729
# Bin widths for each
10	10	10	10	10	10	10	10	10	10	10	10	10	10	10	10	10	10	10	10	10	10	10	10	10	10	10	10	10	10	10	10	10	10	10	10	10	10	10	10	10	10	10	10	10	
# Bin lower bound for each
-590	-590	-590	-590	-600	-600	-610	-610	-620	-620	-630	-640	-640	-640	-650	-660	-660	-670	-670	-680	-700	-700	-710	-700	-710	-720	-720	-720	-720	-730	-730	-740	-750	-750	-760	-760	-770	-770	-770	-780	-780	-790	-790	-800	-800	
# Bin upper bound for each
-380	-390	-390	-390	-390	-390	-390	-400	-400	-410	-420	-420	-430	-430	-440	-440	-450	-450	-460	-460	-470	-470	-470	-480	-480	-480	-490	-500	-500	-510	-510	-520	-520	-530	-530	-530	-530	-540	-540	-560	-570	-570	-570	-570	-580	
# Normalized histogram for each
1.22843229794198e-05	8.56582521267649e-05	0.000269923096818062	0.00137186006894493	0.00536924516819396	0.0151160254305406	0.0363373593818529	0.0658960965401702	0.102993423903101	0.142956982624987	0.160005298859318	0.152114115384322	0.123375107778334	0.0853584482443212	0.0546204160799796	0.0314760875692944	0.0141661484563752	0.00540576612840305	0.00235825800331942	0.000587323441907935	0.00012018715996081	3.98410475008209e-06	
1.98347631993738e-05	0.000207934434206768	0.000556365107742434	0.00261851932170399	0.00905787519438068	0.0242860146406999	0.0487647570638203	0.0840233627064138	0.121993380478362	0.153075115570554	0.159159429181961	0.140662190180999	0.106819125472067	0.070111259798373	0.0417835815764141	0.0222754308110567	0.00918184246437677	0.00367438988268399	0.00144562365784769	0.000225785721086205	5.81819720514963e-05	
2.01637694745652e-05	0.000305100970902028	0.00139394452252855	0.00483071028034912	0.0146921157678033	0.0339554572415699	0.06511542270533	0.102199569751437	0.138490057608881	0.158674651960117	0.153710728579796	0.124976365417747	0.089971069949108	0.0558562858733292	0.0311520321774094	0.0153175231751128	0.00612813315227811	0.00239585247789588	0.000674659893403076	0.000113379884094686	2.67748414334391e-05	
0.00014629300445963	0.000592091281562963	0.00267544864011756	0.0083139895980402	0.0231627295506927	0.0475742214592727	0.0842585102825201	0.121287114848246	0.149418205241836	0.158264319169161	0.143203717951041	0.10758170085387	0.0721672616684322	0.0428490233129764	0.0226068820314958	0.0101139866326415	0.00409027332739155	0.00132223834886598	0.000315650221334067	4.77758685735279e-05	8.56670746835672e-06	
7.59483722777874e-06	0.000319973794509461	0.00130168905877843	0.00454072203126894	0.0137687794733344	0.0335592742373545	0.0643160535376587	0.102136691880426	0.136716976409445	0.156405105976047	0.152018261951219	0.129275026557165	0.0910241241749283	0.056746312293763	0.0325323201600331	0.015667488780279	0.00638791852919043	0.00240558213932035	0.0006868374536426	0.000130102863814992	3.86346067673962e-05	1.4529253827055e-05	
0.000118454088121901	0.000641902041777897	0.00246702145541031	0.00798043059053664	0.02228194190588	0.0459009591472364	0.0824645597279924	0.118207253625423	0.149028808828337	0.159482216666424	0.1426398982486	0.11151889905197	0.0738614179814629	0.04312853790597	0.0232487654966403	0.0109867821119768	0.0041237243024113	0.00148927891239294	0.000336502255921712	6.84916096123838e-05	1.55512350327635e-05	8.6028108691883e-06	
4.0586692184587e-05	0.00024879972282259	0.00114500668195542	0.00446948573691244	0.0136942139215654	0.0325564666479682	0.0621448251967465	0.101450561779215	0.134064113774727	0.156347527676494	0.153715002227318	0.12894656085529	0.0940043886423256	0.0575515995446371	0.0316457408721189	0.0168896734916104	0.00733596211908729	0.00253914305984062	0.000949332629390705	0.00022075200871129	2.87076603256835e-05	1.05591394301364e-05	9.89919321575292e-07	
9.2609895698105e-05	0.000439897004565999	0.00231326289468767	0.00770514332208233	0.0211368856945825	0.0448810707026941	0.0803761284763853	0.117878505739333	0.145085639347299	0.159135883523211	0.146072265486111	0.11217373616433	0.0761259957630973	0.0442020417174505	0.0238331566579073	0.0114316993750486	0.00482266031847882	0.00161901942657937	0.00051166967373203	0.000155452324921819	2.97674664743909e-06	4.29974515741202e-06	
1.18656218327442e-05	0.000201056369943721	0.00115656852808609	0.00432765596288697	0.0122954210235747	0.0315704644896547	0.0592829538806351	0.0996142024901326	0.133048558409347	0.151645943028535	0.15384042386638	0.131361003304246	0.0972789821933272	0.0617846224837054	0.0328137179772411	0.0175334338615183	0.00769979976763157	0.00329336925979944	0.000903435262320883	0.000241267643932465	9.06401667779069e-05	6.59201212930232e-07	3.95520727758139e-06	
0.000116044542642743	0.000437474738883295	0.00233803379665436	0.00751619184009062	0.0185539399429931	0.0436030775540184	0.0769151140764008	0.118388180863332	0.144231168641072	0.157488598294013	0.144337323023831	0.114458490669293	0.0801353501347369	0.0471740846162519	0.0243110020116585	0.0118648951412282	0.00542739007252125	0.00206803243181229	0.000474727674447585	0.000125605030530924	3.42858875989923e-05	9.89015988432469e-07	
1.77957991368378e-05	0.000268584746231904	0.000948450183626283	0.0043253678457592	0.0116295547359235	0.0282481947150431	0.0586272716008046	0.0965362783842996	0.131680015713032	0.153129226502295	0.153525018257172	0.132668671220634	0.0979909201878182	0.0636493120275874	0.036127449558796	0.0177951400331661	0.00814619183080545	0.00338054273232745	0.000964268671747917	0.00026792564256017	5.33873974105135e-05	2.04322138237768e-05	
1.57564421690975e-05	5.35062515325602e-05	0.000514053925766805	0.00195773793951036	0.00703886227983244	0.0184836197011988	0.0403584853200839	0.0755373685362889	0.114885472002279	0.148750333593424	0.156483464106332	0.143330774005678	0.116819575278536	0.0805502149605449	0.0492067123756677	0.0257200940265686	0.0125083172677804	0.00530565364123172	0.00186418406413135	0.000421156568811501	0.000162488309868818	2.06803303469404e-05	1.14890724149669e-05	
5.05454643322977e-05	0.000182160601976787	0.00105521862226193	0.0038874057113749	0.0115112371757295	0.0270605318039282	0.05481393032997	0.0947950643995166	0.132197723353514	0.154207647331823	0.154221104241158	0.132318835537531	0.100266775022138	0.0651137174482287	0.0378664300001116	0.017805460354304	0.00793334037906472	0.00326510570894609	0.00108278887553409	0.00025929166767867	8.40236290199234e-05	2.1662341856699e-05	
7.90156421463534e-05	0.000485569153604769	0.0020301446314117	0.00639502116209387	0.0178772070691787	0.0385501252611041	0.0721111176319963	0.11267696143217	0.145103210494064	0.15697260583424	0.145677959127602	0.118594610084035	0.0840395288044802	0.051257873285795	0.0280872739242807	0.0119552961627578	0.00521601597886446	0.00209571777842112	0.000590158323084797	0.000157047687087565	4.39340084963127e-05	3.6065230855182e-06	
2.82324052203687e-05	0.00020649049864665	0.000981896790861893	0.00393152656882716	0.0113825835605331	0.026705885635779	0.0542380615499262	0.090910314512277	0.12757501694765	0.1546692622971	0.154374135177413	0.134886881615944	0.101585774807174	0.067944237716852	0.0379039737110348	0.0193457632515852	0.00811156396034989	0.00357566694953786	0.0012195742487636	0.000322046389781182	8.17426616264163e-05	1.93687431162995e-05	
1.05449498258106e-05	8.6666306380881e-05	0.000574370235824622	0.00205461756762279	0.00662980767329636	0.017262412394534	0.0372045601635522	0.0713418580465217	0.109576857525865	0.142618469215996	0.157484541762615	0.147638524392446	0.121723980665834	0.0857001253530911	0.051373018373257	0.0272900006195158	0.013063215656087	0.00529554199064927	0.00217390731252727	0.000690035154226482	0.000153890361520424	5.07475710367136e-05	2.30670777439607e-06	
3.15775139154867e-05	0.000213148218929535	0.00117955171771808	0.00363174303271759	0.0105620205398571	0.0253574015390091	0.050893084458666	0.0900195977945738	0.128862242437679	0.153237122788505	0.154942308539941	0.137323371504846	0.104191980758768	0.0688215469166202	0.03803840483557	0.0192576784343342	0.00842099930989975	0.00340149032708384	0.00118251210964765	0.000337484679971764	6.94047441267469e-05	2.53277976197133e-05	
1.67138477833833e-05	0.000133710782267066	0.000552867866873875	0.00216755665175092	0.00648267888241382	0.0172627829801905	0.0371109688067165	0.0669363385924056	0.108846148047986	0.142421318742253	0.158366984972612	0.148259039733732	0.121831496885653	0.0873727863164056	0.0524591969094457	0.0277620288907052	0.0133140545107398	0.00556177864179996	0.00216427942669536	0.000674125193929793	0.000271026512095254	2.98227480056447e-05	2.29405753889575e-06	
2.18055730488324e-05	0.000156869943425929	0.00122566847913288	0.00422116839467697	0.0107446147557336	0.0265318496430883	0.0513085133839027	0.0886370507929906	0.125321835612667	0.149947813080024	0.155863632502541	0.136297198895141	0.104918002908929	0.0700284351181683	0.0392308295653629	0.0205659099481906	0.00933050707070115	0.00358197219366343	0.00139132574304117	0.000511617325862158	0.000153940836598474	9.43823311068867e-06	
1.4676299537403e-05	9.00146371627386e-05	0.000458552825546415	0.00259574817818202	0.00745882156489794	0.0169468861458341	0.0382196931153153	0.0677536260244057	0.108237382948358	0.140969118456653	0.153891437129342	0.14924459455581	0.120919988728602	0.0864414474353656	0.0542625192096454	0.029391083593593	0.0139522687602245	0.00599901897091092	0.00205337737527755	0.000780126855410401	0.000255041471961093	6.2618878026253e-05	1.95683993832041e-06	
2.60353358086429e-06	3.51477033416679e-05	4.36091874794768e-05	0.000204702827795455	0.00111593958109796	0.00460011839568959	0.0112534484615883	0.0262615177884805	0.0535667271011899	0.0868454187734949	0.125324994215274	0.149993149452265	0.151277342391027	0.136806577306885	0.104722256664802	0.0701753186969184	0.0412796758079985	0.0212376743025052	0.00929591665047594	0.00405044736842962	0.00131966608380059	0.000428281274052175	0.000123667845091054	3.5798586736884e-05	
1.13602651680638e-05	6.45912219555625e-05	9.38033323877265e-05	0.000633253638368354	0.00225322745133425	0.00692878801550449	0.0181335798402682	0.0377095887778757	0.0706150837056796	0.106218803900401	0.139349232078533	0.153670306928399	0.146796372764706	0.122151088930103	0.0877765494265663	0.0543591934081899	0.0296616523538145	0.0142126654622622	0.00578432244457327	0.00247134454256107	0.000765681872327498	0.000224608671322861	0.000103540702531781	1.13602651680638e-05	
6.15160268676104e-06	1.03605939987554e-05	3.59383104331829e-05	0.000211097102724642	0.00129248410134474	0.00420024956080794	0.0115847629334209	0.0272749112388486	0.0523740977379586	0.0889580026846889	0.124039945270162	0.149749759278074	0.150355530258439	0.136208786690263	0.106022872306326	0.0712692310431888	0.0412328977351094	0.0208992607068645	0.00890460677336783	0.00361843745406534	0.00125427941097433	0.00037427645820504	9.55117259260266e-05	2.55777164344275e-05	9.71305687383322e-07	
5.08888150249548e-05	0.000136562389687221	0.000623871105717326	0.00246295423098626	0.00799340893221094	0.0187103357115802	0.0379215075457162	0.0688152053202646	0.108761314709315	0.139343237971559	0.152832638926465	0.142171110097629	0.122191774821503	0.0876421343928513	0.0561860830041664	0.0302897956975117	0.0148276479576193	0.00590857792172656	0.00219981396595216	0.000667674136371718	0.000186162880281164	5.63641938567538e-05	2.09352720039371e-05	
7.08750784860954e-05	0.000206504205952669	0.000462298807397941	0.00130667871972547	0.00426152517370032	0.0129414671721134	0.0278587382367505	0.0523718506095096	0.0876044964438429	0.126702733490697	0.148274530106284	0.151837935756896	0.133301525457201	0.104519800402893	0.0702297931124243	0.0411162438270223	0.0212902292583277	0.00977786139605219	0.00399381067269148	0.00137819811710689	0.000408176020190377	6.79756434571188e-05	1.3852856249555e-05	2.89943502897663e-06	
2.89186822720445e-06	0.000106677805714653	0.000290793416180003	0.000851173214873842	0.00240282117811498	0.00848024291693109	0.0195339272373822	0.0388483938081888	0.0702219508864379	0.106517146368697	0.140528087270157	0.153605115393575	0.144890631150241	0.119859583731635	0.0855318225999502	0.0545602352052825	0.0296124093278816	0.0145563793809795	0.00621462482026236	0.00241760183794292	0.00074867255215404	0.000191184621687405	1.54232972117571e-05	1.15674729088178e-05	6.4263738382321e-07	
2.0203549154273e-05	0.000193697518875887	0.000439347021291334	0.0017868916807557	0.00455477791489111	0.0128613228386051	0.0289247478725342	0.0529948715054274	0.0878931354112416	0.124681874273634	0.150180036071353	0.152392485049374	0.132036928239559	0.104006908972428	0.0680211810161038	0.04218340717784	0.0213958792456315	0.00968070695746095	0.00370558746789881	0.00152584899803224	0.000378094991315681	0.000110638483463876	2.95035955903669e-05	1.92414753850219e-06	
4.87803938760067e-05	0.000288189432241145	0.00096886848099779	0.00274485992645714	0.00758214201127982	0.0191350722687954	0.0404703970403138	0.069497940632977	0.104746909986695	0.139371041005698	0.15438737922841	0.146509024693791	0.117835780804016	0.08608006531438	0.0536709492857202	0.0315557800594736	0.0150375191832108	0.00641365902376311	0.00245346125777678	0.000844991954444247	0.000293645134187803	5.23105539591387e-05	1.12323275372384e-05	
7.20955121344758e-05	0.000451478118211006	0.00173798247918843	0.00468076107226854	0.0131482988663381	0.0283120678274578	0.0541520606499491	0.0890594259274687	0.122232012970784	0.148738809174394	0.153699300833745	0.135449843953269	0.102398056945842	0.0671270098626661	0.040882641323225	0.0221903577859949	0.00942496619521542	0.00416487762988407	0.00146658292906442	0.000440904109764616	0.000135219138314439	3.23628743359202e-05	2.88382048537903e-06	
1.97533822091482e-05	0.000121387719704604	0.000770381906156779	0.00314397380064313	0.00879312250952065	0.0213467155063732	0.0396988819904273	0.0712507682313363	0.106689928929242	0.135973043642549	0.154631068947906	0.145953599305191	0.120372332138466	0.0846008685753319	0.0512791430090709	0.0303822948523642	0.0150976374636275	0.00612291127895822	0.00259788836344184	0.000846209405604799	0.00024022661589835	5.28880878503e-05	1.49743381262897e-05	
9.62475219439585e-05	0.0002363305489317	0.00154059564827788	0.00552041479823121	0.014759859256264	0.0301604157130591	0.0547575340686051	0.0887970743294518	0.12292619149191	0.146136138466831	0.152710511277637	0.1336293606401	0.105162329545797	0.0663501192611621	0.0388890812427556	0.022251283538529	0.0101174251532575	0.00373586503492705	0.00163398433293638	0.000377048873093989	0.000149612484605955	4.57413965674258e-05	1.68353751255109e-05	
3.43178314181018e-05	0.000177626553358508	0.00069271178232835	0.00324239955361399	0.00892263616870646	0.0219891504811487	0.0427072701690344	0.0717703425300885	0.106408473708093	0.13719538158251	0.149375034158953	0.145510465032036	0.119996110645773	0.085483176000905	0.051752878566989	0.0299655042242708	0.0155323140513725	0.00603930281418928	0.00212071487855936	0.000846188750614861	0.000142355448845459	7.75328783890447e-05	1.81121888039982e-05	
1.83276870364162e-05	0.00012197391717339	0.000295454954811192	0.00149749842871683	0.00582125259629067	0.0146400300068476	0.032267473000631	0.0561414973277916	0.0919111385253985	0.123446136033781	0.147430442477764	0.149295442631022	0.133235964862664	0.10165198819065	0.0672976868246998	0.0390228056465708	0.020638555576025	0.00964004738655083	0.0038791497596387	0.00126524239472087	0.000387093389993272	5.08751312562587e-05	3.69713686769085e-05	6.9518812896751e-06	
6.5396301587621e-05	0.000178267802885486	0.000696722136145039	0.00296138348391251	0.00904921323218705	0.0222922787089764	0.0445370822182425	0.072918762701974	0.110342739501378	0.137960100710304	0.151379547558203	0.142092958327464	0.117686932812846	0.0846105524478339	0.0511776364770509	0.0281273265991911	0.0143249341006499	0.00631262953498199	0.00235332364126607	0.00070112381029036	0.000171036481075316	4.11870937883574e-05	1.88643177656599e-05	
2.04647513548452e-05	6.54872043355048e-05	0.000274227668154926	0.00153359698229925	0.00524212477012575	0.014337289956876	0.0324621331260411	0.059009953110532	0.0916074684378437	0.126659494558423	0.145711863227455	0.149288786921953	0.130658306973159	0.102115645995064	0.0675711457080851	0.0381831330778703	0.0196480503546227	0.0101766485852717	0.00381840776048559	0.00121434686116366	0.000323343071406555	5.41528805082059e-05	1.88905397121648e-05	5.03747725657729e-06	
5.65107307247896e-05	0.000143960297265386	0.000812302291368065	0.00309988192730005	0.00923808381267482	0.0220808577002974	0.0463053347392614	0.07615152452692	0.10929112181693	0.140510301369517	0.147990554184004	0.142862599998737	0.115557814581663	0.0835784236347449	0.0519065268315475	0.0275229357798165	0.0131758399262519	0.00664995548596071	0.00227242592043037	0.000646242825662817	0.000109864437386742	2.58875973152667e-05	8.20826256337726e-06	2.84132165655367e-06	
1.3572148436378e-05	8.99549373108776e-05	0.000360766643320467	0.0015210275189513	0.00588904989595212	0.0152838172961566	0.0338249502170439	0.0624684960449813	0.0943674637094954	0.12544484294657	0.149101097671177	0.146673892520578	0.12886123677623	0.097257700063726	0.0664826956685593	0.0387005078192935	0.0187936380080757	0.00888060391641703	0.00425881392679183	0.00127388816486562	0.000336463028678581	8.33266787721814e-05	2.08316696930453e-05	3.78757630782643e-06	7.57515261565285e-06	
6.90107528163445e-06	9.47329425024366e-05	0.000842558554839552	0.0030518437006828	0.0102079450824976	0.0231107600624736	0.0483815566880987	0.081096731431167	0.111800870100119	0.13836342254437	0.151086809567023	0.139689683739404	0.113017968831607	0.0797510217512482	0.0500287178837288	0.0273894267370869	0.0126772752923625	0.00574514517196068	0.0027503921849714	0.000620155719626878	0.000234950244815646	3.54464321283951e-05	8.78318672208021e-06	6.90107528163445e-06	
3.02833428189921e-05	0.000269740290676383	0.00176267787171164	0.00555152991760121	0.0164120108108412	0.0347924389049169	0.0648253977966839	0.0999178603350961	0.126201304306697	0.147212324633689	0.14582241285812	0.127135717142339	0.0950762718769834	0.0654672797846823	0.0366575181832742	0.0185718063327153	0.0082770307713105	0.00392684418533281	0.00151947453092819	0.000420220406539828	0.00012862615712809	1.74831669882841e-05	2.80979469454566e-06	9.36598231515219e-07	
6.26856474628141e-06	0.000194952363609352	0.000766645468470216	0.00351008282968027	0.0103211918547523	0.0252485250850723	0.0495160197873515	0.0852910322226168	0.118583379590117	0.137463669749442	0.148348092146648	0.139006990389977	0.108013639143175	0.0777941422143015	0.04898757977924	0.0256186838333402	0.0120234206116051	0.00564860369287418	0.00266821458425468	0.000718377519923849	0.000200907500118319	5.7670795665789e-05	1.19102730179347e-05	
6.62389909070504e-05	0.000445778990938443	0.00184747138145968	0.00639159172923007	0.016695992854979	0.0369324754703832	0.0692461155226837	0.10351050955364	0.13090833747981	0.145856060475257	0.142692285355061	0.123687973542075	0.0919968544327541	0.0623597718992853	0.0367340724265289	0.0173549295465141	0.00812981586502314	0.00321306195229223	0.00148613925570605	0.000339984962807278	6.62389909070504e-05	3.82993217566832e-05	
3.01191258001363e-05	0.000295912648325051	0.00106503712880894	0.00408284933140198	0.010115058165621	0.0262530099719147	0.0510205570796247	0.0888476950329836	0.12295900228067	0.141352162444555	0.147005242901434	0.133156965668854	0.106319582555127	0.0751931738261692	0.0471960491159105	0.0257993600462034	0.0110621028428418	0.00532673817630246	0.00199966154796781	0.000679077609535032	0.000199345141893686	2.51510225753716e-05	1.61463354804854e-05	
6.94285810812696e-05	0.000549229668196472	0.00253383326044366	0.00746140282307769	0.0173298697563212	0.0377375333078969	0.0687699394080656	0.10765955323328	0.137343681084772	0.146683684934339	0.142119995524336	0.119304647964549	0.0884253566815866	0.0592885988041547	0.0352393441850619	0.0175180088130905	0.00698625097130275	0.00331273515444915	0.00114836112904511	0.000353961783905401	0.00013017858952738	1.89068903837386e-05	1.5497451134212e-05	
1.5412329123507e-06	0.000226561238115553	0.000926897473487711	0.00461075238058836	0.0126014285379618	0.0282961115310115	0.0519842449006768	0.0871536387276074	0.125903008363346	0.145132354917581	0.146255913710685	0.132285562099973	0.104162068655145	0.0714675866388669	0.0452071355384883	0.0244584415792582	0.0120324053467219	0.00463048016186645	0.0017363529990543	0.000720988756397658	0.000166144907951406	3.69895898964168e-05	1.5412329123507e-06	1.84947949482084e-06	
2.54759814311164e-05	0.000399848635388375	0.0016372978309998	0.00800380772717585	0.019464581861474	0.0404710819649314	0.0679515881788961	0.106966811009849	0.13902864432361	0.148171725513077	0.142000324352739	0.120141621602141	0.0871092155323952	0.0569875956825047	0.0324924395364863	0.0170219944710907	0.00751230769517553	0.00293377673968331	0.00119923522346475	0.000417557549310005	5.53015206675453e-05	4.66024050569202e-06	3.10682700379468e-06	
