# <P(U)> as a function of N_tot.
# number_of_species: 1
# species_total_upper_bound: 189
# species_total_lower_bound: 145
# volume: 729
# Bin widths for each
10	10	10	10	10	10	10	10	10	10	10	10	10	10	10	10	10	10	10	10	10	10	10	10	10	10	10	10	10	10	10	10	10	10	10	10	10	10	10	10	10	10	10	10	10	
# Bin lower bound for each
-580	-580	-590	-590	-590	-600	-610	-610	-610	-610	-620	-620	-630	-640	-650	-650	-650	-660	-660	-680	-690	-690	-690	-700	-700	-700	-710	-710	-710	-720	-720	-730	-730	-740	-750	-750	-750	-760	-760	-760	-760	-770	-770	-780	-780	
# Bin upper bound for each
-380	-390	-390	-390	-390	-390	-390	-400	-400	-430	-430	-430	-440	-440	-450	-450	-460	-460	-480	-480	-480	-490	-500	-500	-510	-510	-510	-510	-520	-530	-530	-540	-540	-550	-550	-550	-560	-560	-570	-570	-580	-580	-590	-590	-590	
# Normalized histogram for each
1.25674913559224e-05	0.000131958659237185	0.00119391167881262	0.00639528216374499	0.0141525662031881	0.0387754236422789	0.0670475663838457	0.0915431779729579	0.131393122126168	0.159596143665277	0.170265943826456	0.127541186025578	0.086436063673195	0.0568773240040656	0.029291680477816	0.0106996479531484	0.00533804195342802	0.00236740118417187	0.000353460694385316	0.000568678983855486	1.88512370338835e-05	
5.92160419374242e-05	0.000472170018606304	0.00265225535203937	0.010981459145606	0.0251309765348642	0.0503383105974899	0.0829258334657903	0.111441474292446	0.14646152983086	0.162085215000982	0.152355084320527	0.107165452737807	0.0735011328963813	0.0433399094306222	0.0184411221128284	0.00750952910780125	0.00353114607974219	0.00104095568458419	0.000292963575900941	0.00027426377318386	
7.88619899403646e-06	0.000121447464508161	0.00108829546117703	0.00577269766363469	0.0159048861311727	0.0320211223953856	0.064028049632582	0.0966548321107096	0.127764309902385	0.155569470315558	0.162726984522546	0.132511801696795	0.0922606420312325	0.0591480696950722	0.0315905359303112	0.0135027499175892	0.00568594947470029	0.0027901372040901	0.000473171939642187	0.000249203888211552	0.000127756423703391	
7.11728012349272e-05	0.000330558121291106	0.00221742816291929	0.0106142370908355	0.0224083610643655	0.0492737211038427	0.0819151493679855	0.113889134918325	0.138280844710437	0.156211645768223	0.154011615401162	0.113161590727924	0.0763083142484785	0.0446538154947933	0.0219196411625524	0.00841578834157883	0.00397144230890894	0.00180304429795149	0.000409639011552136	9.1733832702795e-05	4.11220629357357e-05	
3.0255114308599e-05	0.00117994945803536	0.00472298258101603	0.0164014567041352	0.0338092940526407	0.0663924597885645	0.095104563267425	0.129116088873602	0.150127469573705	0.152643421184631	0.14007162500219	0.0939469070515117	0.059835061855785	0.0326962243209717	0.0146148125854906	0.00570706998326414	0.00255735334629526	0.000793002469772752	0.000138536576044637	4.14017353696618e-05	7.00644752409661e-05	
2.07602731413168e-05	0.000317791873470926	0.00255830442864534	0.00792563350771963	0.0246919494854646	0.048642916914193	0.0834562980280934	0.10978990603581	0.140981417958594	0.153214009671093	0.144282301388064	0.121881966668583	0.0782103366996915	0.0446936741850794	0.0228219279586583	0.0107809695366946	0.00355479753942855	0.00170074545350018	0.00038166963698267	4.15205462826336e-05	9.58166452676159e-06	4.15205462826336e-05	
4.02310873658293e-05	0.00016253359295795	0.000975201557747703	0.00421299946894965	0.0133679857099178	0.0369063903059172	0.0671215461611496	0.0986949035258525	0.123934278495679	0.150129544101318	0.147804187251573	0.134434592298161	0.101485331745546	0.0620282905006357	0.0314043867977664	0.0163740525578925	0.00709998229832156	0.00215799552630309	0.00131153344812604	0.000291273072528604	6.43697397853269e-06	5.14957918282615e-05	4.82773048389952e-06	
8.58100877043859e-05	0.000607146846964994	0.00230230084369126	0.0076095738152946	0.0227348160668865	0.0503413784338202	0.0825671140124635	0.11477827806678	0.13568193924322	0.151930807926262	0.141837598742316	0.121667370957009	0.0825525424881364	0.0448090563642752	0.0225502434254092	0.0104931165738137	0.00452364877445385	0.00199144165804518	0.000817624420579526	9.71434955143991e-05	0	2.10477573614531e-05	
0.00024692952018205	0.00114265425025419	0.00460128145123545	0.0134939720146544	0.033588870418489	0.0648585400493859	0.10007585416633	0.128342021594229	0.142778521973499	0.147558948370749	0.129268410774519	0.108350413970078	0.0657962266587047	0.0321928309743226	0.0166588660609093	0.00652991397814754	0.00268233243491874	0.00135569148335243	0.00044059973208954	1.77531027581866e-05	0	1.9367021190749e-05	
0.00064515817637434	0.00232321298425074	0.00822938671360286	0.020289500654007	0.0482565444941944	0.0821764193882099	0.118527301774748	0.138443543832947	0.150000080443663	0.137278719594307	0.115547668501318	0.087627281985607	0.0483659478757242	0.0233721018159352	0.0118123474587042	0.00445175230430872	0.00165231283575174	0.000835005220793722	0.000165713945552511	
3.68324125230203e-05	0.00102490191368404	0.00498038273680839	0.0124253342941789	0.0287597085435183	0.0640163343742493	0.10048842981824	0.135299863880215	0.148621987348867	0.143681639843062	0.127963808151173	0.100134518376171	0.0682232364480743	0.035061253903435	0.0162639122427736	0.00905596925294259	0.00257506605813116	0.0009256145407959	0.000397149491552566	6.40563696052526e-05	
0.000111321025637716	0.00217802006682488	0.00718746622052211	0.0195360333253204	0.0423584569292498	0.0763065297041603	0.120228321036931	0.146980860850331	0.1496090050643	0.140767856941189	0.114479961408711	0.0835520764597978	0.051911091607524	0.0251230581337756	0.012171098803057	0.00559670489764112	0.00119871771085251	0.00048239111109677	0.000206508569298952	1.45201337788325e-05	
7.29034191703591e-05	0.00066909138038574	0.00423163846384395	0.0111121011575443	0.0278329053632615	0.0582044697896331	0.0958258742335016	0.135942195688978	0.149801945711254	0.153173323828888	0.127336352074912	0.100967995398984	0.0672590744505917	0.0391556163984091	0.0163222655142526	0.00801613595677637	0.003136467100307	0.000588087581307563	0.00026569246097642	8.58640270228674e-05	
3.84990503567579e-05	0.000325637800934244	0.00205649093989015	0.00654965094194343	0.0187618705405267	0.039495213284739	0.0745614316513526	0.118431099532878	0.142595670140137	0.152043978748524	0.143522855602895	0.115620668856835	0.0875981725784097	0.0525848904060367	0.0286368769570351	0.0104188055027976	0.00510914480776141	0.00131057183922797	0.000205328268569375	9.14352445972999e-05	4.17073045531544e-05	
6.62095516159975e-05	0.000198628654847993	0.00071538613087529	0.0041211408713177	0.0119338679620054	0.0291741892559661	0.0563685514319027	0.0913368838878249	0.130883364607926	0.149885505921718	0.150652567800196	0.135017424416145	0.102569899522968	0.0693004072694858	0.0382303640233445	0.0178975722087829	0.00732503722268694	0.00369643082070776	0.000429554651947691	8.07433556292653e-05	0.000116270432106142	
9.74465801042838e-05	0.000747622942439423	0.00162304467845824	0.00804972651058174	0.0175148246600552	0.0395377517636233	0.0738421429301707	0.111467705244862	0.142228874859421	0.152703583478172	0.14682643645844	0.119319343625396	0.0880725385952357	0.0519597944995399	0.0276061368980677	0.0113229731111338	0.00463909620693181	0.00215021470197321	0.000191698190369083	9.26541253450567e-05	6.38993967896943e-06	
5.92602083717057e-05	0.00137579781057554	0.00382148262634837	0.0112450249453445	0.0275800213016425	0.0529690165207851	0.0918997701664891	0.132907834359709	0.152606247947915	0.145815348393968	0.136692479559232	0.103519575889103	0.070570900034435	0.0375421428171022	0.0191074131317419	0.00764616850720332	0.0035460027387826	0.000985000760772945	2.40244087993401e-05	8.64878716776245e-05	
9.4648420554482e-06	0.00054580589186418	0.00152857199195488	0.006638009228221	0.0183554836928659	0.040017352210435	0.0678013960642032	0.110232282998777	0.145881610600623	0.151454825097606	0.145053436920771	0.124049374926056	0.0855416650234649	0.0528311708798359	0.0278755373269709	0.0139243601372402	0.00546752376069724	0.00247663367117561	0.00030445241945025	0	1.10423157313562e-05	
4.97418089230587e-05	0.000788096785124712	0.00392338517880626	0.0119224898262456	0.0273875291067304	0.0545045871274416	0.0896596105838134	0.128159770690261	0.15097105337607	0.150318192133955	0.133068665458355	0.103930846450145	0.0682675238838404	0.0397359331718797	0.0214666994133575	0.010912109332496	0.00347881776155642	0.00130572248423029	0.000149225426769176	
2.0288945801983e-05	0	0.000265316983564393	0.00214750687873297	0.00783153307956544	0.0184723048086362	0.0387081872139064	0.0715778401012575	0.108847072851362	0.145724572878674	0.154294311447804	0.142376896821346	0.11908518704067	0.082462079179952	0.0543634499323442	0.030282031953529	0.0143021461022594	0.00652835848382269	0.00217715995336664	0.000496298828079277	3.74565153267379e-05	
7.27217588144187e-05	6.18908585654627e-06	0	0.000917531978232985	0.00403683124993231	0.0122280863810713	0.0285920293857796	0.0541266503584254	0.0895993959452204	0.129124445496589	0.153608469145086	0.146724658401143	0.130985813067945	0.101564446177388	0.0691135217600522	0.0404998305737747	0.0224911380026892	0.0103156588513985	0.00464645620680211	0.00112950816881969	0.000208881647658437	7.73635732068284e-06	
1.5331967766071e-05	8.73922162666045e-05	0.000170184842203388	0.00186896687068405	0.00677826294937997	0.0191143642139607	0.0378285640692269	0.0716508849611795	0.107659544456574	0.144040770768684	0.158301033987906	0.141682714126262	0.116133523040881	0.0853653301279299	0.0541586429368691	0.0304431551963105	0.0153856296532522	0.00620484735492892	0.00258803615891278	0.000467625016865165	5.51950839578555e-05	
9.38600395423263e-05	2.87635605049065e-05	0.000537424419960094	0.00362269475201269	0.0127937289382613	0.0295901344015211	0.052791730627742	0.0908701431214216	0.125348568937171	0.154165114948271	0.149682541124322	0.131720454524811	0.0997187226556941	0.0712276590397815	0.041572428159223	0.0215075738996424	0.0100415103594234	0.00341983595687283	0.00104911302262633	0.000217997511195081	
1.49686257604062e-05	0.000139208219571778	0.000471511711452795	0.00154476217847392	0.00747982229247497	0.0208348301959094	0.0404347487665852	0.0661897662499401	0.114963536427648	0.139405805431815	0.157522333189635	0.138974709009915	0.11917421085405	0.0858151314844087	0.0543690424869474	0.0286858744072424	0.0152994323897112	0.00621497341572065	0.00194891507400489	0.00043558700962782	8.08305791061934e-05	
0.000243943573743239	0.000689667634409897	0.000650516196648637	0.0035130886268085	0.01249382611943	0.0317623567960873	0.0547081109732445	0.0879717748250232	0.129547590078423	0.14624718410813	0.156760850971558	0.130062582067437	0.0999491031309104	0.0685496500463794	0.0398004481333799	0.0204159689679681	0.0111702063581935	0.004028080615822	0.00113840334413511	0.000296647432268013	
7.96123330018656e-05	0.000289909061686039	0.00164782508118956	0.00779750227571103	0.0212189399242331	0.0420938944851185	0.0721377864166339	0.107368496949195	0.143733307697161	0.151666000727026	0.146737546678363	0.117518318347188	0.0792638412800461	0.0532351147469079	0.030282728930521	0.0146847201401177	0.00696983443638975	0.0024289272163022	0.000704494041091981	0.000141199232116516	
3.44796570023686e-05	0.000170899169490001	0.00111234371720685	0.00285431595358738	0.0133151440650016	0.0306389230354091	0.0560489311306329	0.0880325607891344	0.126520852696909	0.151004407399634	0.149290918358169	0.135502053788265	0.100833508230144	0.0655173447665877	0.0401702995232813	0.0217866458789314	0.0110604743201511	0.00417953407489581	0.00156657572032501	0.000266842562887896	9.2945162354211e-05	
8.82877205480536e-05	0.000289218394898796	0.00166985568002095	0.00637193790024401	0.0199241030043702	0.0415500279324081	0.0724659521450111	0.102573587053976	0.143016974075376	0.157362206462357	0.145918291236835	0.11783670729424	0.0828610701385052	0.051012036051834	0.030156345375474	0.0159131005277475	0.00702496259188392	0.00307637040047615	0.000777845262069921	7.91545080775653e-05	3.19662436467091e-05	
0.000240262850619251	0.00129466478741329	0.00377534046164135	0.012678838964207	0.0291391397365679	0.0580089402265816	0.0924813031122456	0.119724355766538	0.15078559830806	0.158792319546531	0.132345041938875	0.102586115867907	0.0629917162878318	0.0378406338042179	0.0212364813888111	0.00969774321257447	0.00428800323207096	0.0017246893799229	0.000342795404705173	2.60157226785176e-05	
7.11084752224788e-05	0.000694442343130165	0.00269909616589153	0.00774174612156221	0.0215882304882883	0.0406543795256006	0.0759256961822314	0.109408710334331	0.137800660249757	0.158157352465043	0.145592333598603	0.11575854587707	0.0837930168451439	0.0470889400600942	0.0294585770437635	0.0142943164659996	0.00553435749710271	0.00274751044689407	0.00088809946714032	0.000102880347130395	
0.00024006631265693	0.0013664151758146	0.00512141467001451	0.0139706515158149	0.0304431261767401	0.0537778737371983	0.0955947076701942	0.126243173586062	0.147409775077493	0.152969046544177	0.133653522406944	0.10368146974938	0.0645023455535642	0.0360265552597925	0.020636643782358	0.00909987211561835	0.00318729550955207	0.00168046418859851	0.000360854394496895	3.47265735289899e-05	
3.30699263592867e-05	0.000551666498811737	0.00229234716808692	0.00802396667753966	0.0226168232728104	0.0427368671054946	0.0733145235600678	0.111221678238636	0.137113927399486	0.149358819223248	0.149286666656645	0.119200549562049	0.0847356735817887	0.0493162792725217	0.0277291332522619	0.0142035333713136	0.00565495740743803	0.00145958629522125	0.00102065818172526	0.000129273348495394	
0.000244573983630048	0.00137591621465493	0.00532361039214362	0.0142753182837808	0.0338307337969736	0.0563225375676142	0.0947146511819826	0.12536892409954	0.145491511182133	0.151116712805624	0.134400156047204	0.100284336011644	0.0674634076808234	0.0362179559316693	0.0190932757159041	0.00900272332380545	0.00373162881771736	0.00129939306640259	0.000435131627317263	7.50226943650454e-06	
8.88192808894955e-06	0.000491466687588542	0.0028762643794715	0.00995220042366797	0.0221840957234997	0.0440632452492787	0.0764734008458556	0.109034549219945	0.140239723239121	0.152271775156951	0.140911789131185	0.118631472520055	0.0855448100673694	0.0493924021026484	0.0266842726219008	0.0126893145964126	0.00538392874325158	0.00240848283345349	0.000635057858359893	0.000122866671897135	
1.33870401551707e-05	0.000169569175298828	0.00136547809582741	0.00463042844478292	0.015174953740339	0.0317243102699422	0.0601851576398351	0.0936021847649533	0.123987791019378	0.148444425933969	0.150956727136423	0.128210658463882	0.100904071445146	0.0716742129907838	0.0367920486931274	0.0192208147650128	0.00816014469902959	0.00341518268847465	0.00114533565772016	0.00019634325560917	2.67740803103413e-05	
9.87017042985329e-05	0.000290212473833	0.00197256092620501	0.00855021927983112	0.0238445639668068	0.0459095509367086	0.0778314498985729	0.111687607632735	0.14070738185627	0.148899623313048	0.138845307912488	0.113928283636289	0.0869458893686479	0.0534594947356636	0.0264535299117725	0.0120592858416088	0.00565840665986067	0.00231728031136705	0.000524444876571309	7.36579882824872e-06	8.83895859389847e-06	
0.000304294778651028	0.00077748043923277	0.00459062888558225	0.0162470116505589	0.0366318499084204	0.0635655777087331	0.0942323763820661	0.123007888368951	0.148564281908001	0.142674940378607	0.125020019393332	0.098195488283923	0.0733787203312591	0.0411176499707353	0.018758535541339	0.00830914019981538	0.00333850682988903	0.00115166110006202	0.000120844337933183	1.31036029084175e-05	
1.42355238957504e-05	0.000640598575308769	0.00215098766064789	0.00963744967742303	0.0235056970566631	0.0506542646782487	0.084711332046442	0.108490351161903	0.134720727492213	0.148546268299766	0.138241172551632	0.111820040201119	0.0845718239122636	0.0549662048662715	0.028701663278612	0.0115378921175057	0.00476890050507639	0.00173673391528155	0.000459807421832738	0.000112460638776428	1.13884191166003e-05	
5.66067107255565e-06	0.000996278108769795	0.00480874007613603	0.0158357273254744	0.0358504450702631	0.066900641070999	0.103368099288171	0.123009212742171	0.142838543509333	0.144163140540311	0.122843638113298	0.0982253796187538	0.0716853232950766	0.0392185443584337	0.0190693856756718	0.00709989669275293	0.00265768506856488	0.000922689384826571	0.000394831807310757	0.000106137582610418	
0.000145425794017776	0.00230422228967971	0.0090178111300149	0.0250400626884005	0.0514567287667752	0.0878032939648296	0.120501507204224	0.134754646918879	0.145322725251142	0.139268494137081	0.103786012297657	0.0802990406133298	0.0536084657578731	0.0275546582140865	0.0131080880743789	0.0043797166314868	0.00108998750467692	0.000264025470692467	0.000255554065215703	3.95332255582303e-05	
0.000741675225363315	0.00495439050542694	0.0159594381351036	0.0367291698747063	0.0743158575814042	0.103051887598766	0.132923740246971	0.144212743534358	0.144719908117035	0.121444020473062	0.0864341244064832	0.0651939586667929	0.039101117881154	0.0191973802618325	0.00790978968916038	0.00232109027670843	0.000409687267343545	0.000241574216261194	0.000138446042067819	
0.000106238841472332	0.00169982146355732	0.00848531006564733	0.0254048803640267	0.0522032831941191	0.0910729019208534	0.121575866950338	0.142132392912628	0.148640556746718	0.134193454031695	0.103385569729933	0.0749673694986906	0.0494383138654106	0.0289507741638175	0.0111592175302367	0.00474073583505109	0.00132729565579719	0.000191781804735769	0.000295261195780248	2.89742294924543e-05	
0.000697586188609356	0.00388635736266187	0.0158377901339828	0.0368714415285432	0.0724537764161476	0.112031254036957	0.139185442341714	0.14373539046469	0.143254015200036	0.119488491187705	0.0886002450390471	0.0593464990828033	0.0373664149645156	0.0179006327229114	0.00595463922011768	0.00254013840218767	0.000598319537988531	0.000106065736279785	0.000145500433101756	
4.43575216242918e-05	0.00188855508733727	0.00777063128818275	0.0272247649387396	0.0511993332930083	0.0910552385560955	0.125178270191073	0.146973943316464	0.145666068512208	0.136052583825635	0.107940668454409	0.0711991988762761	0.0463643634359605	0.0252327089676123	0.0110342695458731	0.00363059593658219	0.00108877553077807	0.000380399352111351	2.55391791170165e-05	4.97341909120847e-05	
0.000249739242849378	0.00352038847139551	0.0171492065103148	0.035835578092927	0.0667912246704978	0.108373476356905	0.138927136238767	0.149393480870909	0.143363680435267	0.126831476760228	0.0919935201347256	0.0570380391596475	0.0347137547560635	0.0166831156239274	0.00611927920179599	0.00207937968511487	0.000761237264300243	0.000160260476694788	6.67751986228283e-06	9.34852780719596e-06	
