# <N_i^j*N_k^m*U^p> as a function of N_tot.
# number_of_species: 1
# max_order: 2
# species_total_upper_bound: 189
# species_total_lower_bound: 145
# volume: 729
#	N_tot	N_1^0*N_1^0*U^0	N_1^0*N_1^0*U^1	N_1^0*N_1^0*U^2	N_1^0*N_1^1*U^0	N_1^0*N_1^1*U^1	N_1^0*N_1^1*U^2	N_1^0*N_1^2*U^0	N_1^0*N_1^2*U^1	N_1^0*N_1^2*U^2	N_1^1*N_1^0*U^0	N_1^1*N_1^0*U^1	N_1^1*N_1^0*U^2	N_1^1*N_1^1*U^0	N_1^1*N_1^1*U^1	N_1^1*N_1^1*U^2	N_1^1*N_1^2*U^0	N_1^1*N_1^2*U^1	N_1^1*N_1^2*U^2	N_1^2*N_1^0*U^0	N_1^2*N_1^0*U^1	N_1^2*N_1^0*U^2	N_1^2*N_1^1*U^0	N_1^2*N_1^1*U^1	N_1^2*N_1^1*U^2	N_1^2*N_1^2*U^0	N_1^2*N_1^2*U^1	N_1^2*N_1^2*U^2	
145	1	-486.610448184352	237411.184291207	145	-70558.514986731	34424621.722225	21025	-10230984.673076	4991570149.53743	145	-70558.514986731	34424621.722225	21025	-10230984.673076	4991570149.53743	3048625	-1483492777.59602	723777671713.174	21025	-10230984.673076	4991570149.53743	3048625	-1483492777.59602	723777671713.174	442050625	-215106452751.912	104947762397115	
146	1	-491.371217922974	242068.477242103	146	-71740.1978167541	35341997.677347	21316	-10474068.8812461	5159931660.89266	146	-71740.1978167541	35341997.677347	21316	-10474068.8812461	5159931660.89266	3112136	-1529214056.66193	753350022484.325	21316	-10474068.8812461	5159931660.89266	3112136	-1529214056.66193	753350022484.325	454371856	-223265252272.65	109989103282765	
147	1	-496.057536227167	246696.978799308	147	-72920.4578253936	36264455.8834983	21609	-10719307.3003329	5330875014.66675	147	-72920.4578253936	36264455.8834983	21609	-10719307.3003329	5330875014.66675	3176523	-1575738173.14893	783638627190.75	21609	-10719307.3003329	5330875014.66675	3176523	-1575738173.14893	783638627190.75	466948881	-231633511452.939	115194878197718	
148	1	-500.948055949035	251574.807759023	148	-74140.3122804572	37233071.5483355	21904	-10972766.2175077	5510494589.15365	148	-74140.3122804572	37233071.5483355	21904	-10972766.2175077	5510494589.15365	3241792	-1623969400.19114	815553199172.306	21904	-10972766.2175077	5510494589.15365	3241792	-1623969400.19114	815553199172.306	479785216	-240347471228.288	120701873481005	
149	1	-505.657376057686	256314.412963996	149	-75342.9490325952	38190847.5316354	22201	-11226099.4058567	5690436281.98729	149	-75342.9490325952	38190847.5316354	22201	-11226099.4058567	5690436281.98729	3307949	-1672688811.47265	847875006045.627	22201	-11226099.4058567	5690436281.98729	3307949	-1672688811.47265	847875006045.627	492884401	-249230632909.514	126333375901091	
150	1	-510.388711425386	261123.05210965	150	-76558.3067138079	39168457.8164475	22500	-11483746.0070712	5875268672.46713	150	-76558.3067138079	39168457.8164475	22500	-11483746.0070712	5875268672.46713	3375000	-1722561901.06068	881290300872.587	22500	-11483746.0070712	5875268672.46713	3375000	-1722561901.06068	881290300872.587	506250000	-258384285159.041	132193545131165	
151	1	-515.167119225633	266027.67176309	151	-77790.2350030705	40170178.4362266	22801	-11746325.4854636	6065696943.62551	151	-77790.2350030705	40170178.4362266	22801	-11746325.4854636	6065696943.62551	3442951	-1773695148.30501	915920238519.522	22801	-11746325.4854636	6065696943.62551	3442951	-1773695148.30501	915920238519.522	519885601	-267827967394.058	138303956017125	
152	1	-519.837174035726	270861.917157442	152	-79015.2504534303	41171011.4079312	23104	-12010318.0689214	6257993734.00554	152	-79015.2504534303	41171011.4079312	23104	-12010318.0689214	6257993734.00554	3511808	-1825568346.47605	951215047568.842	23104	-12010318.0689214	6257993734.00554	3511808	-1825568346.47605	951215047568.842	533794816	-277486388664.36	144584687228450	
153	1	-524.427336420885	275659.490896585	153	-80237.3824723955	42175902.1071776	23409	-12276319.5182765	6452913022.13966	153	-80237.3824723955	42175902.1071776	23409	-12276319.5182765	6452913022.13966	3581577	-1878276886.29631	987295692425.227	23409	-12276319.5182765	6452913022.13966	3581577	-1878276886.29631	987295692425.227	547981281	-287376363603.105	151056240940440	
154	1	-529.151751784008	280635.476242669	154	-81489.3697747373	43217863.341371	23716	-12549362.9453095	6655550954.57113	154	-81489.3697747373	43217863.341371	23716	-12549362.9453095	6655550954.57113	3652264	-1932601893.57767	1024954846997.16	23716	-12549362.9453095	6655550954.57113	3652264	-1932601893.57767	1024954846997.16	562448656	-297620691610.813	157843046438461	
155	1	-533.831426441928	285610.112792791	155	-82743.8710984988	44269567.4828826	24025	-12825300.0202673	6861782959.57247	155	-82743.8710984988	44269567.4828826	24025	-12825300.0202673	6861782959.57247	3723875	-1987921503.14143	1063576358784.6	24025	-12825300.0202673	6861782959.57247	3723875	-1987921503.14143	1063576358784.6	577200625	-308127832986.387	164854335610406	
156	1	-538.699372953318	290826.679016835	156	-84037.1021807175	45368961.9266262	24336	-13109787.9401919	7077558060.55369	156	-84037.1021807175	45368961.9266262	24336	-13109787.9401919	7077558060.55369	3796416	-2045126918.66994	1104099057489.3	24336	-13109787.9401919	7077558060.55369	3796416	-2045126918.66994	1104099057489.3	592240896	-319039799312.511	172239452962250	
157	1	-543.366317591585	295874.271467704	157	-85308.5118618789	46452260.6204295	24649	-13393436.362315	7293004917.11977	157	-85308.5118618789	46452260.6204295	24649	-13393436.362315	7293004917.11977	3869893	-2102769508.88345	1145001772032.26	24649	-13393436.362315	7293004917.11977	3869893	-2102769508.88345	1145001772032.26	607573201	-330134812894.242	179765278209750	
158	1	-548.005609981204	300939.988755913	158	-86584.8863770302	47548518.2234343	24964	-13680412.0475708	7512665879.30261	158	-86584.8863770302	47548518.2234343	24964	-13680412.0475708	7512665879.30261	3944312	-2161505103.51618	1187001208927.31	24964	-13680412.0475708	7512665879.30261	3944312	-2161505103.51618	1187001208927.31	623201296	-341517806355.51	187546191012319	
159	1	-552.878592633307	306308.614845595	159	-87907.6962286959	48703069.7604497	25281	-13977323.7003626	7743788091.61098	159	-87907.6962286959	48703069.7604497	25281	-13977323.7003626	7743788091.61098	4019679	-2222394468.35766	1231262306613.52	25281	-13977323.7003626	7743788091.61098	4019679	-2222394468.35766	1231262306613.52	639128961	-353360720461.031	195770706751350	
160	1	-557.653613928437	311608.332254628	160	-89224.5782285499	49857333.1607405	25600	-14275932.516568	7977173305.71848	160	-89224.5782285499	49857333.1607405	25600	-14275932.516568	7977173305.71848	4096000	-2284149202.65088	1276347728914.96	25600	-14275932.516568	7977173305.71848	4096000	-2284149202.65088	1276347728914.96	655360000	-365463872424.14	204215636626393	
161	1	-562.566324993454	317108.48717852	161	-90573.178323946	51054466.4357418	25921	-14582281.7101553	8219769095.8442	161	-90573.178323946	51054466.4357418	25921	-14582281.7101553	8219769095.8442	4173281	-2347747355.33501	1323382824478.95	25921	-14582281.7101553	8219769095.8442	4173281	-2347747355.33501	1323382824478.95	671898241	-377987324202.968	213064634742858	
162	1	-567.405948510942	322583.404514047	162	-91919.7636587726	52258511.5312756	26244	-14891001.7127212	8465878868.06665	162	-91919.7636587726	52258511.5312756	26244	-14891001.7127212	8465878868.06665	4251528	-2412342277.46083	1371472376631.58	26244	-14891001.7127212	8465878868.06665	4251528	-2412342277.46083	1371472376631.58	688747536	-390799448948.682	222178525012819	
163	1	-572.257701474455	328125.602376385	163	-93278.0053403362	53484473.1873507	26569	-15204314.8704748	8717969129.21527	163	-93278.0053403362	53484473.1873507	26569	-15204314.8704748	8717969129.21527	4330747	-2478303323.88739	1421028968117.53	26569	-15204314.8704748	8717969129.21527	4330747	-2478303323.88739	1421028968117.53	705911761	-403963441793.106	231627721802977	
164	1	-577.277751749067	333900.385353528	164	-94673.5512868469	54759663.1979786	26896	-15526462.4110429	8980584764.4685	164	-94673.5512868469	54759663.1979786	26896	-15526462.4110429	8980584764.4685	4410944	-2546339835.41104	1472815901317.46	26896	-15526462.4110429	8980584764.4685	4410944	-2546339835.41104	1472815901317.46	723394816	-417599733007.41	241541807826586	
165	1	-582.202334605125	339619.408648023	165	-96063.3852098456	56037202.4269237	27225	-15850458.5596245	9246138400.10952	165	-96063.3852098456	56037202.4269237	27225	-15850458.5596245	9246138400.10952	4492125	-2615325662.33805	1525612836066.08	27225	-15850458.5596245	9246138400.10952	4492125	-2615325662.33805	1525612836066.08	741200625	-431528734285.276	251726117950238	
166	1	-587.262791048317	345535.813941798	166	-97485.6233140206	57358945.1143384	27556	-16182613.4701274	9521584888.98018	166	-97485.6233140206	57358945.1143384	27556	-16182613.4701274	9521584888.98018	4574296	-2686313836.04115	1580583091584.46	27556	-16182613.4701274	9521584888.98018	4574296	-2686313836.04115	1580583091584.46	759333136	-445928096782.896	262376793200365	
167	1	-592.312614939574	351491.687712211	167	-98916.2066949088	58699111.8479392	27889	-16519006.5180498	9802751678.26342	167	-98916.2066949088	58699111.8479392	27889	-16519006.5180498	9802751678.26342	4657463	-2758674088.51431	1637059530322.53	27889	-16519006.5180498	9802751678.26342	4657463	-2758674088.51431	1637059530322.53	777796321	-460698572781.239	273388941564992	
168	1	-597.306016254902	357441.604450349	168	-100347.410730824	60050189.5476586	28224	-16858365.0027784	10088431844.0066	168	-100347.410730824	60050189.5476586	28224	-16858365.0027784	10088431844.0066	4741632	-2832205320.46676	1694856549772.04	28224	-16858365.0027784	10088431844.0066	4741632	-2832205320.46676	1694856549772.04	796594176	-475810493838.416	284735900363023	
169	1	-602.46012628822	363630.682083499	169	-101815.761342709	61453585.2721114	28561	-17206863.6669179	10385655910.6334	169	-101815.761342709	61453585.2721114	28561	-17206863.6669179	10385655910.6334	4826809	-2907959959.70912	1755175848961.89	28561	-17206863.6669179	10385655910.6334	4826809	-2907959959.70912	1755175848961.89	815730721	-491445233190.788	296624718475933	
170	1	-607.620247923878	369876.83822291	170	-103295.442147059	62879062.4978946	28900	-17560225.1650001	10689440624.6421	170	-103295.442147059	62879062.4978946	28900	-17560225.1650001	10689440624.6421	4913000	-2985238278.05001	1817204906177.52	28900	-17560225.1650001	10689440624.6421	4913000	-2985238278.05001	1817204906177.52	835210000	-507490507268.356	308924834051276	
171	1	-612.639156650542	376005.946751336	171	-104761.295787243	64297016.8944784	29241	-17914181.5796185	10994789888.5919	171	-104761.295787243	64297016.8944784	29241	-17914181.5796185	10994789888.5919	5000211	-3063325050.11467	1880109071018.54	29241	-17914181.5796185	10994789888.5919	5000211	-3063325050.11467	1880109071018.54	855036081	-523828583569.812	321498651142037	
172	1	-617.500453538203	381988.702365386	172	-106210.078008571	65702056.8068465	29584	-18268133.4174742	11300753770.7776	172	-106210.078008571	65702056.8068465	29584	-18268133.4174742	11300753770.7776	5088448	-3142118947.80556	1943729648588.37	29584	-18268133.4174742	11300753770.7776	5088448	-3142118947.80556	1943729648588.37	875213056	-540444459022.556	334321499555662	
173	1	-622.710182214552	388449.001129294	173	-107728.861523117	67201677.1953679	29929	-18637093.0434993	11625890154.4294	173	-107728.861523117	67201677.1953679	29929	-18637093.0434993	11625890154.4294	5177717	-3224217096.52519	2011278996783.76	29929	-18637093.0434993	11625890154.4294	5177717	-3224217096.52519	2011278996783.76	895745041	-557789557698.895	347951266444823	
174	1	-627.922956886739	394971.59272371	174	-109258.594498293	68725057.1339255	30276	-19010995.4427029	11958159941.303	174	-109258.594498293	68725057.1339255	30276	-19010995.4427029	11958159941.303	5268024	-3307913207.03031	2080719829784.14	30276	-19010995.4427029	11958159941.303	5268024	-3307913207.03031	2080719829784.14	916636176	-575576898023.416	362045250383949	
175	1	-633.030345089939	401416.067644651	175	-110780.310390739	70247811.8378139	30625	-19386554.3183794	12293367071.2141	175	-110780.310390739	70247811.8378139	30625	-19386554.3183794	12293367071.2141	5359375	-3392647005.7162	2151339237521.47	30625	-19386554.3183794	12293367071.2141	5359375	-3392647005.7162	2151339237521.47	937890625	-593713225999.405	376484366568500	
176	1	-638.153033824004	407928.393745693	176	-112314.933953025	71795397.2992419	30976	-19767428.3757323	12635989924.6666	176	-112314.933953025	71795397.2992419	30976	-19767428.3757323	12635989924.6666	5451776	-3479067394.12889	2223934226741.32	30976	-19767428.3757323	12635989924.6666	5451776	-3479067394.12889	2223934226741.32	959512576	-612315861366.685	391412423890140	
177	1	-643.500536651546	414779.881459268	177	-113899.594987324	73416039.0182905	31329	-20160228.3127563	12994638905.7774	177	-113899.594987324	73416039.0182905	31329	-20160228.3127563	12994638905.7774	5545233	-3568360411.35782	2300051086413.61	31329	-20160228.3127563	12994638905.7774	5545233	-3568360411.35782	2300051086413.61	981506241	-631599792809.995	407109042292661	
178	1	-648.6141957258	421387.208117851	178	-115453.326839192	75006923.0449775	31684	-20550692.1773763	13351232301.7767	178	-115453.326839192	75006923.0449775	31684	-20550692.1773763	13351232301.7767	5639752	-3658023207.57297	2376519349757.38	31684	-20550692.1773763	13351232301.7767	5639752	-3658023207.57297	2376519349757.38	1003875856	-651128130947.99	423020444257190	
179	1	-653.62447073618	427909.741020374	179	-116998.780261776	76595843.6426469	32041	-20942781.6668579	13710656011.5171	179	-116998.780261776	76595843.6426469	32041	-20942781.6668579	13710656011.5171	5735339	-3748757918.36753	2454207426162.44	32041	-20942781.6668579	13710656011.5171	5735339	-3748757918.36753	2454207426162.44	1026625681	-671027667387.024	439303129284141	
180	1	-658.90421719701	434842.097447034	180	-118602.759095462	78271577.5404661	32400	-21348496.6371831	14088883957.2839	180	-118602.759095462	78271577.5404661	32400	-21348496.6371831	14088883957.2839	5832000	-3842729394.69296	2535999112275.94	32400	-21348496.6371831	14088883957.2839	5832000	-3842729394.69296	2535999112275.94	1049760000	-691691291044.733	456479840216128	
181	1	-664.241879534624	441910.859599616	181	-120227.780195767	79985865.5875304	32761	-21761228.2154338	14477441670.7758	181	-120227.780195767	79985865.5875304	32761	-21761228.2154338	14477441670.7758	5929741	-3938782306.99268	2620416942524.76	32761	-21761228.2154338	14477441670.7758	5929741	-3938782306.99268	2620416942524.76	1073283121	-712919597564.758	474295466595146	
182	1	-669.623628970296	449090.569277734	182	-121871.500472594	81734483.6085476	33124	-22180613.0860121	14875676016.3414	182	-121871.500472594	81734483.6085476	33124	-22180613.0860121	14875676016.3414	6028568	-4036871581.6542	2707373035056.53	33124	-22180613.0860121	14875676016.3414	6028568	-4036871581.6542	2707373035056.53	1097199376	-734710627860.714	492741892380630	
183	1	-674.882822455623	456163.573343677	183	-123503.556509379	83477933.9218929	33489	-22601150.8412164	15276461907.0884	183	-123503.556509379	83477933.9218929	33489	-22601150.8412164	15276461907.0884	6128487	-4136010603.94221	2795592529093.5	33489	-22601150.8412164	15276461907.0884	6128487	-4136010603.94221	2795592529093.5	1121513121	-756889940521.343	511593432828574	
184	1	-680.410249308746	463657.740979403	184	-125195.485872809	85313024.3402101	33856	-23035969.4005969	15697596478.5986	184	-125195.485872809	85313024.3402101	33856	-23035969.4005969	15697596478.5986	6229504	-4238618369.70983	2888357752184.4	33856	-23035969.4005969	15697596478.5986	6229504	-4238618369.70983	2888357752184.4	1146228736	-779905780026.609	531457826380030	
185	1	-685.717805706313	470910.084108134	185	-126857.794055668	87118365.5600048	34225	-23468691.9002986	16116897627.9433	185	-126857.794055668	87118365.5600048	34225	-23468691.9002986	16116897627.9433	6331625	-4341708001.55513	2981626061303.24	34225	-23468691.9002986	16116897627.9433	6331625	-4341708001.55513	2981626061303.24	1171350625	-803215980287.822	551600821336189	
186	1	-691.156851265041	478396.620634202	186	-128555.174335298	88981771.4379616	34596	-23911262.4263653	16550609486.8704	186	-128555.174335298	88981771.4379616	34596	-23911262.4263653	16550609486.8704	6434856	-4447494811.30395	3078413364663.45	34596	-23911262.4263653	16550609486.8704	6434856	-4447494811.30395	3078413364663.45	1196883216	-827234034902.652	572584885826284	
187	1	-696.543930403684	485874.088949417	187	-130253.714985489	90858454.633541	34969	-24357444.7022864	16990531015.7589	187	-130253.714985489	90858454.633541	34969	-24357444.7022864	16990531015.7589	6539203	-4554842159.32847	3177229300093.64	34969	-24357444.7022864	16990531015.7589	6539203	-4554842159.32847	3177229300093.64	1222830961	-851755483794.248	594141879115118	
188	1	-701.880166000148	493336.532343855	188	-131953.471208028	92747268.0806448	35344	-24807252.5871092	17436486399.1612	188	-131953.471208028	92747268.0806448	35344	-24807252.5871092	17436486399.1612	6644672	-4663763486.37654	3278059443061.64	35344	-24807252.5871092	17436486399.1612	6644672	-4663763486.37654	3278059443061.64	1249198336	-876787535438.794	616275175296439	
189	1	-707.03098279114	500587.911706098	189	-133628.855747525	94611115.3124526	35721	-25255853.7362823	17881500793.299	189	-133628.855747525	94611115.3124526	35721	-25255853.7362823	17881500793.299	6751269	-4773356356.15732	3379603650064.19	35721	-25255853.7362823	17881500793.299	6751269	-4773356356.15732	3379603650064.19	1275989841	-902164351313.635	638745089862444	
