# <N_i^j*N_k^m*U^p> as a function of N_tot.
# number_of_species: 1
# max_order: 2
# species_total_upper_bound: 189
# species_total_lower_bound: 145
# volume: 729
#	N_tot	N_1^0*N_1^0*U^0	N_1^0*N_1^0*U^1	N_1^0*N_1^0*U^2	N_1^0*N_1^1*U^0	N_1^0*N_1^1*U^1	N_1^0*N_1^1*U^2	N_1^0*N_1^2*U^0	N_1^0*N_1^2*U^1	N_1^0*N_1^2*U^2	N_1^1*N_1^0*U^0	N_1^1*N_1^0*U^1	N_1^1*N_1^0*U^2	N_1^1*N_1^1*U^0	N_1^1*N_1^1*U^1	N_1^1*N_1^1*U^2	N_1^1*N_1^2*U^0	N_1^1*N_1^2*U^1	N_1^1*N_1^2*U^2	N_1^2*N_1^0*U^0	N_1^2*N_1^0*U^1	N_1^2*N_1^0*U^2	N_1^2*N_1^1*U^0	N_1^2*N_1^1*U^1	N_1^2*N_1^1*U^2	N_1^2*N_1^2*U^0	N_1^2*N_1^2*U^1	N_1^2*N_1^2*U^2	
145	1	-486.787514132654	237596.290841753	145	-70584.1895492348	34451462.1720542	21025	-10234707.484639	4995462014.70781	145	-70584.1895492348	34451462.1720542	21025	-10234707.484639	4995462014.70781	3048625	-1484032585.27266	724341992170.049	21025	-10234707.484639	4995462014.70781	3048625	-1484032585.27266	724341992170.049	442050625	-215184724864.847	105029588864286	
146	1	-491.51899217173	242226.425881897	146	-71761.7728570725	35365058.178757	21316	-10477218.8371326	5163298494.09852	146	-71761.7728570725	35365058.178757	21316	-10477218.8371326	5163298494.09852	3112136	-1529673950.22136	753841580135.31	21316	-10477218.8371326	5163298494.09852	3112136	-1529673950.22136	753841580135.31	454371856	-223332396732.405	110060870699934	
147	1	-496.269370590618	246917.897356694	147	-72951.5974768208	36296930.911434	21609	-10723884.8290927	5335648843.72316	147	-72951.5974768208	36296930.911434	21609	-10723884.8290927	5335648843.72316	3176523	-1576411069.87662	784340380071.144	21609	-10723884.8290927	5335648843.72316	3176523	-1576411069.87662	784340380071.144	466948881	-231732427271.824	115298035870652	
148	1	-501.178431190861	251815.793185922	148	-74174.4078162474	37268737.3915165	21904	-10977812.3568046	5515773133.94444	148	-74174.4078162474	37268737.3915165	21904	-10977812.3568046	5515773133.94444	3241792	-1624716228.80708	816334423811.407	21904	-10977812.3568046	5515773133.94444	3241792	-1624716228.80708	816334423811.407	479785216	-240458001863.448	120817494726264	
149	1	-505.929792163035	256599.921016506	149	-75383.5390322923	38233388.2314594	22201	-11232147.3158116	5696774846.21422	149	-75383.5390322923	38233388.2314594	22201	-11232147.3158116	5696774846.21422	3307949	-1673589950.05592	848819452123.569	22201	-11232147.3158116	5696774846.21422	3307949	-1673589950.05592	848819452123.569	492884401	-249364902558.475	126474098366589	
150	1	-510.684166280715	261435.094089707	150	-76602.6249421072	39215264.1134561	22500	-11490393.7413161	5882289617.01841	150	-76602.6249421072	39215264.1134561	22500	-11490393.7413161	5882289617.01841	3375000	-1723559061.19741	882343442559.748	22500	-11490393.7413161	5882289617.01841	3375000	-1723559061.19741	882343442559.748	506250000	-258533859179.597	132351516383770	
151	1	-515.544718453169	266425.044950615	151	-77847.2524864285	40230181.7875429	22801	-11754935.1254507	6074757449.63001	151	-77847.2524864285	40230181.7875429	22801	-11754935.1254507	6074757449.63001	3442951	-1774995203.94306	917288374934.448	22801	-11754935.1254507	6074757449.63001	3442951	-1774995203.94306	917288374934.448	519885601	-268024275795.483	138510544615215	
152	1	-520.262929854274	271312.962470171	152	-79079.9653378496	41239570.295466	23104	-12020154.7313531	6268414684.91084	152	-79079.9653378496	41239570.295466	23104	-12020154.7313531	6268414684.91084	3511808	-1827063519.16568	952799032106.448	23104	-12020154.7313531	6268414684.91084	3511808	-1827063519.16568	952799032106.448	533794816	-277713654913.183	144825452878869	
153	1	-524.903156902385	276167.243763822	153	-80310.1830060648	42253588.2958648	23409	-12287457.9999279	6464799008.96695	153	-80310.1830060648	42253588.2958648	23409	-12287457.9999279	6464799008.96695	3581577	-1879981073.98897	989114248414.465	23409	-12287457.9999279	6464799008.96695	3581577	-1879981073.98897	989114248414.465	547981281	-287637104320.015	151334480007066	
154	1	-529.690496801258	281213.377339736	154	-81572.3365073938	43306860.1103193	23716	-12562139.8221386	6669256456.98917	154	-81572.3365073938	43306860.1103193	23716	-12562139.8221386	6669256456.98917	3652264	-1934569532.60935	1027065494365.96	23716	-12562139.8221386	6669256456.98917	3652264	-1934569532.60935	1027065494365.96	562448656	-297923708021.791	158168086133730	
155	1	-534.422140226686	286247.825723785	155	-82835.4317351363	44368412.9871866	24025	-12839491.9189461	6877104012.70024	155	-82835.4317351363	44368412.9871866	24025	-12839491.9189461	6877104012.70024	3723875	-1990121247.43665	1065951122027.35	24025	-12839491.9189461	6877104012.70024	3723875	-1990121247.43665	1065951122027.35	577200625	-308468793351.983	165222423912709	
156	1	-539.341468574155	291526.486467965	156	-84137.2690975682	45478131.8890025	24336	-13125413.9792206	7094588574.68439	156	-84137.2690975682	45478131.8890025	24336	-13125413.9792206	7094588574.68439	3796416	-2047564580.75842	1106755817701.95	24336	-13125413.9792206	7094588574.68439	3796416	-2047564580.75842	1106755817701.95	592240896	-319420074598.314	172653907554281	
157	1	-544.03790861044	296614.389157809	157	-85413.9516518391	46568459.097776	24649	-13409990.4093387	7311248078.02634	157	-85413.9516518391	46568459.097776	24649	-13409990.4093387	7311248078.02634	3869893	-2105368494.26618	1147865948301.22	24649	-13409990.4093387	7311248078.02634	3869893	-2105368494.26618	1147865948301.22	607573201	-330542853599.277	180214953883883	
158	1	-548.75232826666	301768.399201226	158	-86702.8678661322	47679407.0737938	24964	-13699053.1228489	7533346317.65942	158	-86702.8678661322	47679407.0737938	24964	-13699053.1228489	7533346317.65942	3944312	-2164450393.41012	1190268718184.69	24964	-13699053.1228489	7533346317.65942	3944312	-2164450393.41012	1190268718184.69	623201296	-341983162158.796	188062457475241	
159	1	-553.671913623716	307195.987164617	159	-88033.8342661708	48844161.9591741	25281	-13997379.6483212	7766221751.17342	159	-88033.8342661708	48844161.9591741	25281	-13997379.6483212	7766221751.17342	4019679	-2225583364.08306	1234829258490.37	25281	-13997379.6483212	7766221751.17342	4019679	-2225583364.08306	1234829258490.37	639128961	-353867754882.13	196337852100253	
160	1	-558.497643644878	312561.096815849	160	-89359.6229831805	50009775.4905358	25600	-14297539.6773089	8001564078.48574	160	-89359.6229831805	50009775.4905358	25600	-14297539.6773089	8001564078.48574	4096000	-2287606348.36942	1280250252557.72	25600	-14297539.6773089	8001564078.48574	4096000	-2287606348.36942	1280250252557.72	655360000	-366017015739.107	204840040409235	
161	1	-563.375290875039	318028.839965855	161	-90703.4218308812	51202643.2345027	25921	-14603250.9147719	8243625560.40998	161	-90703.4218308812	51202643.2345027	25921	-14603250.9147719	8243625560.40998	4173281	-2351123397.27827	1327223715278.83	25921	-14603250.9147719	8243625560.40998	4173281	-2351123397.27827	1327223715278.83	671898241	-378530866957.397	213683018162694	
162	1	-568.247727349551	323548.508061881	162	-92056.1318306273	52414858.3060247	26244	-14913093.3565616	8491207045.576	162	-92056.1318306273	52414858.3060247	26244	-14913093.3565616	8491207045.576	4251528	-2415921123.76298	1375575541389.3	26244	-14913093.3565616	8491207045.576	4251528	-2415921123.76298	1375575541389.3	688747536	-391379222049.733	222843237702714	
163	1	-573.147947215139	329151.905085779	163	-93423.1153960677	53651760.5289819	26569	-15227967.809559	8745236965.86819	163	-93423.1153960677	53651760.5289819	26569	-15227967.809559	8745236965.86819	4330747	-2482158752.95812	1425473625498.05	26569	-15227967.809559	8745236965.86819	4330747	-2482158752.95812	1425473625498.05	705911761	-404591876731.442	232352200954679	
164	1	-578.195940529777	334964.84689322	164	-94824.1342468834	54934234.8904881	26896	-15551158.0164889	9009214522.04005	164	-94824.1342468834	54934234.8904881	26896	-15551158.0164889	9009214522.04005	4410944	-2550389914.70418	1477511181568.18	26896	-15551158.0164889	9009214522.04005	4410944	-2550389914.70418	1477511181568.18	723394816	-418263946011.485	242311833785989	
165	1	-583.12495713895	340695.707466499	165	-96215.6179279268	56214791.7319723	27225	-15875576.9581079	9275440635.41163	165	-96215.6179279268	56214791.7319723	27225	-15875576.9581079	9275440635.41163	4492125	-2619470198.08773	1530447704899.47	27225	-15875576.9581079	9275440635.41163	4492125	-2619470198.08773	1530447704899.47	741200625	-432212582683.224	252523871306465	
166	1	-588.119062867787	346541.829101848	166	-97627.7644360526	57525943.6309067	27556	-16206208.8963847	9549306642.73051	166	-97627.7644360526	57525943.6309067	27556	-16206208.8963847	9549306642.73051	4574296	-2690230676.79987	1585184902703.22	27556	-16206208.8963847	9549306642.73051	4574296	-2690230676.79987	1585184902703.22	759333136	-446578292348.898	263140693846190	
167	1	-593.077417525964	352396.371192037	167	-99043.9287268359	58850193.9890702	27889	-16540336.0973816	9827982395.80218	167	-99043.9287268359	58850193.9890702	27889	-16540336.0973816	9827982395.80218	4657463	-2762236128.26242	1641273060151.19	27889	-16540336.0973816	9827982395.80218	4657463	-2762236128.26242	1641273060151.19	777796321	-461293433418.852	274092601047605	
168	1	-598.048421931781	358324.793658353	168	-100472.134884539	60198565.3346033	28224	-16879318.6606026	10113358976.2134	168	-100472.134884539	60198565.3346033	28224	-16879318.6606026	10113358976.2134	4741632	-2835725534.98123	1699044307938.95	28224	-16879318.6606026	10113358976.2134	4741632	-2835725534.98123	1699044307938.95	796594176	-476401889876.847	285439443741889	
169	1	-603.107142788582	364407.817445097	169	-101925.10713127	61584921.1482214	28561	-17225343.1051847	10407851673.6214	169	-101925.10713127	61584921.1482214	28561	-17225343.1051847	10407851673.6214	4826809	-2911082984.77628	1758926932918.22	28561	-17225343.1051847	10407851673.6214	4826809	-2911082984.77628	1758926932918.22	815730721	-491973024427.463	297258651664691	
170	1	-608.2219488396	370603.671100127	170	-103397.731302732	63002624.0870216	28900	-17577614.3214645	10710446094.6326	170	-103397.731302732	63002624.0870216	28900	-17577614.3214645	10710446094.6326	4913000	-2988194434.64896	1820775836106.49	28900	-17577614.3214645	10710446094.6326	4913000	-2988194434.64896	1820775836106.49	835210000	-507993053890.169	309531892138161	
171	1	-613.226763424669	376720.258026091	171	-104861.776545618	64419164.1224616	29241	-17931363.7893007	11015677064.4513	171	-104861.776545618	64419164.1224616	29241	-17931363.7893007	11015677064.4513	5000211	-3066263207.9705	1883680778108.99	29241	-17931363.7893007	11015677064.4513	5000211	-3066263207.9705	1883680778108.99	855036081	-524331008563.027	322109413055180	
172	1	-618.103159811763	382727.747456955	172	-106313.743487623	65829172.5625963	29584	-18285963.8798712	11322617680.7666	172	-106313.743487623	65829172.5625963	29584	-18285963.8798712	11322617680.7666	5088448	-3145185787.33785	1947490241121.59	29584	-18285963.8798712	11322617680.7666	5088448	-3145185787.33785	1947490241121.59	875213056	-540971955422.109	334968321468654	
173	1	-623.220817483364	389078.507312276	173	-107817.201424622	67310581.7650238	29929	-18652375.8464596	11644730644.806	173	-107817.201424622	67310581.7650238	29929	-18652375.8464596	11644730644.806	5177717	-3226861021.43639	2014538401647.87	29929	-18652375.8464596	11644730644.806	5177717	-3226861021.43639	2014538401647.87	895745041	-558246956708.865	348515143487306	
174	1	-628.392203208909	395556.761955348	174	-109340.24335835	68826876.5802305	30276	-19025202.3443529	11975876524.5889	174	-109340.24335835	68826876.5802305	30276	-19025202.3443529	11975876524.5889	5268024	-3310385207.91741	2083802515343.67	30276	-19025202.3443529	11975876524.5889	5268024	-3310385207.91741	2083802515343.67	916636176	-576007026177.693	362581637668912	
175	1	-633.439680458347	401930.811061194	175	-110851.944080211	70337891.935709	30625	-19399090.2140369	12309131088.1536	175	-110851.944080211	70337891.935709	30625	-19399090.2140369	12309131088.1536	5359375	-3394840787.45592	2154097940517.95	30625	-19399090.2140369	12309131088.1536	5359375	-3394840787.45592	2154097940517.95	937890625	-594097137803.802	376967139592791	
176	1	-638.586452871585	408479.834881358	176	-112391.215705399	71892450.939119	30976	-19780853.9641502	12653071365.2849	176	-112391.215705399	71892450.939119	30976	-19780853.9641502	12653071365.2849	5451776	-3481430297.69044	2226940560290.15	30976	-19780853.9641502	12653071365.2849	5451776	-3481430297.69044	2226940560290.15	959512576	-612731732393.517	391941538591604	
177	1	-643.854366551256	415234.660765362	177	-113962.222879572	73496534.9554691	31329	-20171313.4496843	13008886686.4733	177	-113962.222879572	73496534.9554691	31329	-20171313.4496843	13008886686.4733	5545233	-3570322480.5932	2302572943630.87	31329	-20171313.4496843	13008886686.4733	5545233	-3570322480.5932	2302572943630.87	981506241	-631947079064.612	407555411021516	
178	1	-649.011546426417	421903.877288497	178	-115524.055263902	75098890.1573524	31684	-20563281.8369746	13367602447.4435	178	-115524.055263902	75098890.1573524	31684	-20563281.8369746	13367602447.4435	5639752	-3660264166.98148	2379433235743.85	31684	-20563281.8369746	13367602447.4435	5639752	-3660264166.98148	2379433235743.85	1003875856	-651527021722.647	423539115964803	
179	1	-654.029856737583	428440.350925974	179	-117071.344356027	76690822.8157494	32041	-20955770.6397289	13727657283.328	179	-117071.344356027	76690822.8157494	32041	-20955770.6397289	13727657283.328	5735339	-3751082944.51135	2457250653853.6	32041	-20955770.6397289	13727657283.328	5735339	-3751082944.51135	2457250653853.6	1026625681	-671443847066.445	439847867040350	
180	1	-659.300748723967	435368.004125518	180	-118674.134770314	78366240.7425932	32400	-21361344.2586565	14105923333.6668	180	-118674.134770314	78366240.7425932	32400	-21361344.2586565	14105923333.6668	5832000	-3845041966.55818	2539066200017.23	32400	-21361344.2586565	14105923333.6668	5832000	-3845041966.55818	2539066200017.23	1049760000	-692107553980.526	457031916012700	
181	1	-664.610670051602	442404.586496101	181	-120294.53127934	80075230.1557943	32761	-21773310.1615605	14493616657.4698	181	-120294.53127934	80075230.1557943	32761	-21773310.1615605	14493616657.4698	5929741	-3940969139.24088	2623344615145.01	32761	-21773310.1615605	14493616657.4698	5929741	-3940969139.24088	2623344615145.01	1073283121	-713315414202.006	474825375336064	
182	1	-669.943380932279	449521.933893937	182	-121929.695329675	81812991.9686966	33124	-22191204.5500008	14889964537.5961	182	-121929.695329675	81812991.9686966	33124	-22191204.5500008	14889964537.5961	6028568	-4038799228.10015	2709973545981.66	33124	-22191204.5500008	14889964537.5961	6028568	-4038799228.10015	2709973545981.66	1097199376	-735061459514.122	493215185369051	
183	1	-675.12221194154	456488.987382436	183	-123547.364785302	83537484.6909858	33489	-22609167.7557102	15287359697.6832	183	-123547.364785302	83537484.6909858	33489	-22609167.7557102	15287359697.6832	6128487	-4137477699.29421	2797586824798.23	33489	-22609167.7557102	15287359697.6832	6128487	-4137477699.29421	2797586824798.23	1121513121	-757158418970.721	511958388943343	
184	1	-680.626998851867	463955.055720599	184	-125235.367788744	85367730.2525903	33856	-23043307.6731288	15707662366.4766	184	-125235.367788744	85367730.2525903	33856	-23043307.6731288	15707662366.4766	6229504	-4239968611.8557	2890209875577.52	33856	-23043307.6731288	15707662366.4766	6229504	-4239968611.8557	2890209875577.52	1146228736	-780154224581.449	531798617081772	
185	1	-685.987005483944	471281.315538269	185	-126907.59601453	87187043.3745798	34225	-23477905.262688	16129603023.4978	185	-126907.59601453	87187043.3745798	34225	-23477905.262688	16129603023.4978	6331625	-4343412473.59676	2983976559489.15	34225	-23477905.262688	16129603023.4978	6331625	-4343412473.59676	2983976559489.15	1171350625	-803531307616.002	552035663502163	
186	1	-691.443224699647	478794.341661477	186	-128608.439794134	89055747.5490348	34596	-23921169.801709	16564369043.2771	186	-128608.439794134	89055747.5490348	34596	-23921169.801709	16564369043.2771	6434856	-4449337583.11787	3080972642199.9	34596	-23921169.801709	16564369043.2771	6434856	-4449337583.11787	3080972642199.9	1196883216	-827576790460.182	573060911448230	
187	1	-696.826390935817	486271.243171337	187	-130306.535104998	90932722.47304	34969	-24367322.0646346	17004419101.6177	187	-130306.535104998	90932722.47304	34969	-24367322.0646346	17004419101.6177	6539203	-4556689226.08756	3179826372161.44	34969	-24367322.0646346	17004419101.6177	6539203	-4556689226.08756	3179826372161.44	1222830961	-852100885278.239	594627531594169	
188	1	-702.174494058981	493754.566432762	188	-132008.804883088	92825858.4893592	35344	-24817655.3180206	17451261395.9995	188	-132008.804883088	92825858.4893592	35344	-24817655.3180206	17451261395.9995	6644672	-4665719199.78788	3280837142478.35	35344	-24817655.3180206	17451261395.9995	6644672	-4665719199.78788	3280837142478.35	1249198336	-877155209560.2	616797382786055	
189	1	-707.322752468353	501008.025692308	189	-133684.000216519	94690516.8558462	35721	-25266276.040922	17896507684.8748	189	-133684.000216519	94690516.8558462	35721	-25266276.040922	17896507684.8748	6751269	-4775326171.73478	3382439952578.72	35721	-25266276.040922	17896507684.8748	6751269	-4775326171.73478	3382439952578.72	1275989841	-902536646457.945	639281151040623	
