# <N_i^j*N_k^m*U^p> as a function of N_tot.
# number_of_species: 1
# max_order: 2
# species_total_upper_bound: 189
# species_total_lower_bound: 145
# volume: 729
#	N_tot	N_1^0*N_1^0*U^0	N_1^0*N_1^0*U^1	N_1^0*N_1^0*U^2	N_1^0*N_1^1*U^0	N_1^0*N_1^1*U^1	N_1^0*N_1^1*U^2	N_1^0*N_1^2*U^0	N_1^0*N_1^2*U^1	N_1^0*N_1^2*U^2	N_1^1*N_1^0*U^0	N_1^1*N_1^0*U^1	N_1^1*N_1^0*U^2	N_1^1*N_1^1*U^0	N_1^1*N_1^1*U^1	N_1^1*N_1^1*U^2	N_1^1*N_1^2*U^0	N_1^1*N_1^2*U^1	N_1^1*N_1^2*U^2	N_1^2*N_1^0*U^0	N_1^2*N_1^0*U^1	N_1^2*N_1^0*U^2	N_1^2*N_1^1*U^0	N_1^2*N_1^1*U^1	N_1^2*N_1^1*U^2	N_1^2*N_1^2*U^0	N_1^2*N_1^2*U^1	N_1^2*N_1^2*U^2	
145	1	-486.919041477756	237720.329953861	145	-70603.2610142746	34469447.8433099	21025	-10237472.8470698	4998069937.02797	145	-70603.2610142746	34469447.8433099	21025	-10237472.8470698	4998069937.02797	3048625	-1484433562.82512	724720140907.526	21025	-10237472.8470698	4998069937.02797	3048625	-1484433562.82512	724720140907.526	442050625	-215242866609.867	105084420431509	
146	1	-491.628751089443	242330.062924978	146	-71777.7976590587	35380189.1870468	21316	-10479558.4582226	5165507621.30884	146	-71777.7976590587	35380189.1870468	21316	-10479558.4582226	5165507621.30884	3112136	-1530015534.9005	754164112709.166	21316	-10479558.4582226	5165507621.30884	3112136	-1530015534.9005	754164112709.166	454371856	-223382268095.585	110107960455683	
147	1	-496.346196893855	246989.025629043	147	-72962.8909433967	36307386.7674693	21609	-10725544.9686793	5337185854.54926	147	-72962.8909433967	36307386.7674693	21609	-10725544.9686793	5337185854.54926	3176523	-1576655110.39586	784566320664.77	21609	-10725544.9686793	5337185854.54926	3176523	-1576655110.39586	784566320664.77	466948881	-231768301228.11	115331249137782	
148	1	-501.218189785435	251850.404287365	148	-74180.2920882444	37273859.83453	21904	-10978683.2290602	5516531255.51044	148	-74180.2920882444	37273859.83453	21904	-10978683.2290602	5516531255.51044	3241792	-1624845117.90091	816446625805.543	21904	-10978683.2290602	5516531255.51044	3241792	-1624845117.90091	816446625805.543	479785216	-240477077449.334	120834100621082	
149	1	-505.95109097987	256615.969405926	149	-75386.7125560006	38235779.441483	22201	-11232620.1708441	5697131136.49704	149	-75386.7125560006	38235779.441483	22201	-11232620.1708441	5697131136.49704	3307949	-1673660405.45577	848872539377.659	22201	-11232620.1708441	5697131136.49704	3307949	-1673660405.45577	848872539377.659	492884401	-249375400413.052	126482008367430	
150	1	-510.687550682488	261433.213870509	150	-76603.1326023732	39214982.0805764	22500	-11490469.890356	5882247312.08646	150	-76603.1326023732	39214982.0805764	22500	-11490469.890356	5882247312.08646	3375000	-1723570483.5534	882337096820.878	22500	-11490469.890356	5882247312.08646	3375000	-1723570483.5534	882337096820.878	506250000	-258535572532.993	132350564522862	
151	1	-515.515950639754	266390.206046324	151	-77842.9085466028	40224921.1129949	22801	-11754279.190537	6073963087.7635	151	-77842.9085466028	40224921.1129949	22801	-11754279.190537	6073963087.7635	3442951	-1774896157.77109	917168426294.477	22801	-11754279.190537	6073963087.7635	3442951	-1774896157.77109	917168426294.477	519885601	-268009319823.521	138492432370475	
152	1	-520.205782505561	271248.049444458	152	-79071.2789408453	41229703.5155576	23104	-12018834.3990085	6266914934.36476	152	-79071.2789408453	41229703.5155576	23104	-12018834.3990085	6266914934.36476	3511808	-1826862828.64929	952571070023.444	23104	-12018834.3990085	6266914934.36476	3511808	-1826862828.64929	952571070023.444	533794816	-277683149954.692	144790802642408	
153	1	-524.806032647035	276059.863217375	153	-80295.3229949964	42237159.0722584	23409	-12285184.4182344	6462285337.7464	153	-80295.3229949964	42237159.0722584	23409	-12285184.4182344	6462285337.7464	3581577	-1879633215.98987	988729656718.638	23409	-12285184.4182344	6462285337.7464	3581577	-1879633215.98987	988729656718.638	547981281	-287583882046.183	151275637477672	
154	1	-529.601772334435	281113.537827363	154	-81558.6729395031	43291484.8254139	23716	-12560035.6326835	6666888663.11375	154	-81558.6729395031	43291484.8254139	23716	-12560035.6326835	6666888663.11375	3652264	-1934245487.43325	1026700854108.29	23716	-12560035.6326835	6666888663.11375	3652264	-1934245487.43325	1026700854108.29	562448656	-297873805064.666	158111931534149	
155	1	-534.318928609574	286132.001121609	155	-82819.433934484	44350460.1738494	24025	-12837012.259845	6874321326.62425	155	-82819.433934484	44350460.1738494	24025	-12837012.259845	6874321326.62425	3723875	-1989736900.27598	1065519805687.59	24025	-12837012.259845	6874321326.62425	3723875	-1989736900.27598	1065519805687.59	577200625	-308409219542.041	165155569880015	
156	1	-539.233659315641	291406.11646743	156	-84120.45085324	45459354.1689191	24336	-13122790.3331054	7091659250.35138	156	-84120.45085324	45459354.1689191	24336	-13122790.3331054	7091659250.35138	3796416	-2047155291.96445	1106298843107.9	24336	-13122790.3331054	7091659250.35138	3796416	-2047155291.96445	1106298843107.9	592240896	-319356225546.454	172582619517427	
157	1	-543.91111061072	296473.530291578	157	-85394.0443658831	46546344.2557778	24649	-13406864.9654436	7307776047.82483	157	-85394.0443658831	46546344.2557778	24649	-13406864.9654436	7307776047.82483	3869893	-2104877799.57465	1147320839561.17	24649	-13406864.9654436	7307776047.82483	3869893	-2104877799.57465	1147320839561.17	607573201	-330465814532.728	180129371811580	
158	1	-548.623115046297	301624.724990206	158	-86682.452177315	47656706.5484525	24964	-13695827.4440158	7529759634.6555	158	-86682.452177315	47656706.5484525	24964	-13695827.4440158	7529759634.6555	3944312	-2163940736.15449	1189702022269.35	24964	-13695827.4440158	7529759634.6555	3944312	-2163940736.15449	1189702022269.35	623201296	-341902636312.464	187972919520722	
159	1	-553.527429731697	307034.810015996	159	-88010.8613273399	48818534.7925433	25281	-13993726.951047	7762147031.67143	159	-88010.8613273399	48818534.7925433	25281	-13993726.951047	7762147031.67143	4019679	-2225002585.21648	1234181378090.99	25281	-13993726.951047	7762147031.67143	4019679	-2225002585.21648	1234181378090.99	639128961	-353775411043.488	196234839116893	
160	1	-558.347852583505	312393.532165399	160	-89335.6564133608	49982965.1464638	25600	-14293705.0261377	7997274423.43421	160	-89335.6564133608	49982965.1464638	25600	-14293705.0261377	7997274423.43421	4096000	-2286992804.18204	1279563907749.47	25600	-14293705.0261377	7997274423.43421	4096000	-2286992804.18204	1279563907749.47	655360000	-365918848669.126	204730225239916	
161	1	-563.225339788347	317860.542563657	161	-90679.2797059239	51175547.3527488	25921	-14599364.0326537	8239263123.44032	161	-90679.2797059239	51175547.3527488	25921	-14599364.0326537	8239263123.44032	4173281	-2350497609.25725	1326521362928.83	25921	-14599364.0326537	8239263123.44032	4173281	-2350497609.25725	1326521362928.83	671898241	-378430115086.798	213569939434282	
162	1	-568.10234203687	323383.976301905	162	-92032.579409973	52388204.1609085	26244	-14909277.8644156	8486889074.06718	162	-92032.579409973	52388204.1609085	26244	-14909277.8644156	8486889074.06718	4251528	-2415303014.03533	1374876030004.33	26244	-14909277.8644156	8486889074.06718	4251528	-2415303014.03533	1374876030004.33	688747536	-391279088273.872	222729916858231	
163	1	-573.013122286963	328997.918795929	163	-93401.1389327749	53626660.7637364	26569	-15224385.6460423	8741145704.12649	163	-93401.1389327749	53626660.7637364	26569	-15224385.6460423	8741145704.12649	4330747	-2481574860.30454	1424806749835.88	26569	-15224385.6460423	8741145704.12649	4330747	-2481574860.30454	1424806749835.88	705911761	-404496702229.024	232243500221417	
164	1	-578.062516525186	334810.768398972	164	-94802.2527101305	54908966.0174314	26896	-15547569.4444614	9005070426.85875	164	-94802.2527101305	54908966.0174314	26896	-15547569.4444614	9005070426.85875	4410944	-2549801388.89167	1476831549961.89	26896	-15547569.4444614	9005070426.85875	4410944	-2549801388.89167	1476831549961.89	723394816	-418167427778.234	242200374201884	
165	1	-582.958890536197	340501.702758611	165	-96188.2169384725	56182780.9551708	27225	-15871055.794848	9270158857.23299	165	-96188.2169384725	56182780.9551708	27225	-15871055.794848	9270158857.23299	4492125	-2618724206.14949	1529576211502.17	27225	-15871055.794848	9270158857.23299	4492125	-2618724206.14949	1529576211502.17	741200625	-432089494013.359	252380074895523	
166	1	-587.932464557885	346322.8761038	166	-97596.7891166089	57489597.4332308	27556	-16201066.9933571	9543273173.90931	166	-97596.7891166089	57489597.4332308	27556	-16201066.9933571	9543273173.90931	4574296	-2689377120.89727	1584183346879.15	27556	-16201066.9933571	9543273173.90931	4574296	-2689377120.89727	1584183346879.15	759333136	-446436602069.049	262974435579457	
167	1	-592.874348836163	352156.569800631	167	-99010.0162556392	58810147.1567054	27889	-16534672.7146917	9821294574.75999	167	-99010.0162556392	58810147.1567054	27889	-16534672.7146917	9821294574.75999	4657463	-2761290343.35292	1640156194042.16	27889	-16534672.7146917	9821294574.75999	4657463	-2761290343.35292	1640156194042.16	777796321	-461135487339.001	273906084407588	
168	1	-597.854854649887	358093.457154991	168	-100439.615581181	60159700.8020384	28224	-16873855.4176384	10106829734.7425	168	-100439.615581181	60159700.8020384	28224	-16873855.4176384	10106829734.7425	4741632	-2834807710.16325	1697947395362.89	28224	-16873855.4176384	10106829734.7425	4741632	-2834807710.16325	1697947395362.89	796594176	-476247695307.427	285255162430490	
169	1	-602.895675865912	364152.517772345	169	-101889.369221339	61541775.5035263	28561	-17219303.3984063	10400560059.6206	169	-101889.369221339	61541775.5035263	28561	-17219303.3984063	10400560059.6206	4826809	-2910062274.33073	1757694650160.13	28561	-17219303.3984063	10400560059.6206	4826809	-2910062274.33073	1757694650160.13	815730721	-491800524362.298	297050395878549	
170	1	-608.014991150668	370352.647925971	170	-103362.548495614	62959950.1474151	28900	-17571633.2442543	10703191524.8155	170	-103362.548495614	62959950.1474151	28900	-17571633.2442543	10703191524.8155	4913000	-2987177651.52323	1819542559252.7	28900	-17571633.2442543	10703191524.8155	4913000	-2987177651.52323	1819542559252.7	835210000	-507820200758.851	309322235072798	
171	1	-613.049827229537	376503.907598895	171	-104831.520456251	64382168.199411	29241	-17926189.9980189	11009350761.5635	171	-104831.520456251	64382168.199411	29241	-17926189.9980189	11009350761.5635	5000211	-3065378489.66115	1882598980322.52	29241	-17926189.9980189	11009350761.5635	5000211	-3065378489.66115	1882598980322.52	855036081	-524179721732.155	321924425633560	
172	1	-617.970378833284	382564.447503842	172	-106290.905159325	65801084.9706609	29584	-18282035.6874039	11317786614.9537	172	-106290.905159325	65801084.9706609	29584	-18282035.6874039	11317786614.9537	5088448	-3144510138.23347	1946659297805.01	29584	-18282035.6874039	11317786614.9537	5088448	-3144510138.23347	1946659297805.01	875213056	-540855743776.156	334825399217369	
173	1	-623.117748254451	388950.677108005	173	-107799.37044802	67288467.1396849	29929	-18649291.0875075	11640904814.5775	173	-107799.37044802	67288467.1396849	29929	-18649291.0875075	11640904814.5775	5177717	-3226327358.13795	2013876533025.01	29929	-18649291.0875075	11640904814.5775	5177717	-3226327358.13795	2013876533025.01	895745041	-558154632958.293	348400640215840	
174	1	-628.291770703328	395430.256177669	174	-109322.768102379	68804864.5749145	30276	-19022161.6498139	11972046435.5815	174	-109322.768102379	68804864.5749145	30276	-19022161.6498139	11972046435.5815	5268024	-3309856127.06763	2083136079871.28	30276	-19022161.6498139	11972046435.5815	5268024	-3309856127.06763	2083136079871.28	916636176	-575914966109.781	362465677895835	
175	1	-633.368961338605	401840.117895352	175	-110839.568234256	70322020.6316866	30625	-19396924.4409948	12306353609.9057	175	-110839.568234256	70322020.6316866	30625	-19396924.4409948	12306353609.9057	5359375	-3394461777.17353	2153611881831.85	30625	-19396924.4409948	12306353609.9057	5359375	-3394461777.17353	2153611881831.85	937890625	-594030811004.358	376882079322787	
176	1	-638.54146732587	408421.007658888	176	-112383.298249353	71882097.3479642	30976	-19779460.4918862	12651249133.2417	176	-112383.298249353	71882097.3479642	30976	-19779460.4918862	12651249133.2417	5451776	-3481185046.57196	2226619847450.54	30976	-19779460.4918862	12651249133.2417	5451776	-3481185046.57196	2226619847450.54	959512576	-612688568196.666	391885093131165	
177	1	-643.814867305914	415183.766194908	177	-113955.231513147	73487526.6164988	31329	-20170075.977827	13007292210.4347	177	-113955.231513147	73487526.6164988	31329	-20170075.977827	13007292210.4347	5545233	-3570103448.07444	2302290721379.69	31329	-20170075.977827	13007292210.4347	5545233	-3570103448.07444	2302290721379.69	981506241	-631908310308.734	407505457683469	
178	1	-648.934496599905	421803.32155925	178	-115510.340394783	75080991.2375465	31684	-20560840.5902714	13364416439.6418	178	-115510.340394783	75080991.2375465	31684	-20560840.5902714	13364416439.6418	5639752	-3659829625.06831	2378866126369.5	31684	-20560840.5902714	13364416439.6418	5639752	-3659829625.06831	2378866126369.5	1003875856	-651449673261.985	423438170496336	
179	1	-653.961567489996	428350.338618031	179	-117059.120580709	76674710.6126276	32041	-20953582.583947	13724773198.9288	179	-117059.120580709	76674710.6126276	32041	-20953582.583947	13724773198.9288	5735339	-3750691282.52674	2456734402755.16	32041	-20953582.583947	13724773198.9288	5735339	-3750691282.52674	2456734402755.16	1026625681	-671373739571.065	439755458093569	
180	1	-659.22413346489	435266.372709995	180	-118660.34402368	78347947.0877991	32400	-21358861.9242624	14102630475.8038	180	-118660.34402368	78347947.0877991	32400	-21358861.9242624	14102630475.8038	5832000	-3844595146.36724	2538473485606.62	32400	-21358861.9242624	14102630475.8038	5832000	-3844595146.36724	2538473485606.62	1049760000	-692027126346.019	456925227418409	
181	1	-664.550484471773	442324.003583125	181	-120283.637689391	80060644.6485457	32761	-21771338.4217797	14490976680.6184	181	-120283.637689391	80060644.6485457	32761	-21771338.4217797	14490976680.6184	5929741	-3940612254.34021	2622866779338.98	32761	-21771338.4217797	14490976680.6184	5929741	-3940612254.34021	2622866779338.98	1073283121	-713250818035.164	474738887054905	
182	1	-669.891080991796	449451.505166486	182	-121920.176740507	81800173.9403005	33124	-22189472.1667722	14887631656.3564	182	-121920.176740507	81800173.9403005	33124	-22189472.1667722	14887631656.3564	6028568	-4038483934.35255	2709548961611.18	33124	-22189472.1667722	14887631656.3564	6028568	-4038483934.35255	2709548961611.18	1097199376	-735004076052.089	493137911013463	
183	1	-675.122393915864	456487.029269006	183	-123547.398086603	83537126.356228	33489	-22609173.8498484	15287294122.3849	183	-123547.398086603	83537126.356228	33489	-22609173.8498484	15287294122.3849	6128487	-4137478814.52166	2797574824524.94	33489	-22609173.8498484	15287294122.3849	6128487	-4137478814.52166	2797574824524.94	1121513121	-757158623057.436	511956192893559	
184	1	-680.625318408029	463951.106048837	184	-125235.058587077	85367003.5129861	33856	-23043250.7800222	15707528646.3894	184	-125235.058587077	85367003.5129861	33856	-23043250.7800222	15707528646.3894	6229504	-4239958143.52409	2890185271088.04	33856	-23043250.7800222	15707528646.3894	6229504	-4239958143.52409	2890185271088.04	1146228736	-780152298408.433	531794089855005	
185	1	-686.004169978621	471303.50448206	185	-126910.771446045	87191148.3291811	34225	-23478492.7175183	16130362440.0604	185	-126910.771446045	87191148.3291811	34225	-23478492.7175183	16130362440.0604	6331625	-4343521152.74021	2984117051555.49	34225	-23478492.7175183	16130362440.0604	6331625	-4343521152.74021	2984117051555.49	1171350625	-803551413257.714	552061654534826	
186	1	-691.460099150336	478815.232130088	186	-128611.578441962	89059633.1761964	34596	-23921753.590205	16565091769.8592	186	-128611.578441962	89059633.1761964	34596	-23921753.590205	16565091769.8592	6434856	-4449446167.77813	3081107069357.72	34596	-23921753.590205	16565091769.8592	6434856	-4449446167.77813	3081107069357.72	1196883216	-827596987207.045	573085914899365	
187	1	-696.865198039034	486322.842923953	187	-130313.792033299	90942371.6267792	34969	-24368679.110227	17006223493.3311	187	-130313.792033299	90942371.6267792	34969	-24368679.110227	17006223493.3311	6539203	-4556942993.6135	3180163793415.76	34969	-24368679.110227	17006223493.3311	6539203	-4556942993.6135	3180163793415.76	1222830961	-852148339805.596	594690629369240	
188	1	-702.228896854994	493828.834984223	188	-132019.032608739	92839820.977034	35344	-24819578.1304429	17453886343.6824	188	-132019.032608739	92839820.977034	35344	-24819578.1304429	17453886343.6824	6644672	-4666080688.52326	3281330632645.77	35344	-24819578.1304429	17453886343.6824	6644672	-4666080688.52326	3281330632645.77	1249198336	-877223169442.419	616890158936011	
189	1	-707.399624576945	501115.744633777	189	-133698.529045043	94710875.7357838	35721	-25269021.989513	17900355513.1463	189	-133698.529045043	94710875.7357838	35721	-25269021.989513	17900355513.1463	6751269	-4775845156.01839	3383167192124.04	35721	-25269021.989513	17900355513.1463	6751269	-4775845156.01839	3383167192124.04	1275989841	-902634734487.727	639418599315296	
