# lnPI (bias) matrix in single row (vectorized) notation.
# species_total_upper_bound: 189
# species_total_lower_bound: 145
# volume: 729
0
4.21103259962099
8.42480473664067
12.6377979969038
16.8548459830771
21.0689057615643
25.2942464012606
29.5201471899994
33.7522361243755
37.9829186397678
42.2163646940959
46.4504457908632
50.6865451785443
54.9285316440239
59.1766436356838
63.4219984023571
67.6711681585246
71.9244821324225
76.1818604414691
80.4457885195624
84.7073794747645
88.9754181772741
93.2451118521415
97.5176711404458
101.795470623363
106.073505709529
110.360262588374
114.64559395412
118.929801272363
123.224630735804
127.524085906075
131.827739037797
136.13377872694
140.437918563989
144.749771494997
149.064794247373
153.389656226357
157.714585232614
162.041193689238
166.371993282711
170.703257428183
175.037165005091
179.385095218629
183.733490016309
188.086895693882
