# <P(N_1)> as a function of N_tot.
# number_of_species: 2
# species_total_upper_bound: 100
# species_total_lower_bound: 0
# volume: 512
# Bin widths for each species index 
1	1	1	1	1	1	1	1	1	1	1	1	1	1	1	1	1	1	1	1	1	1	1	1	1	1	1	1	1	1	1	1	1	1	1	1	1	1	1	1	1	1	1	1	1	1	1	1	1	1	1	1	1	1	1	1	1	1	1	1	1	1	1	1	1	1	1	1	1	1	1	1	1	1	1	1	1	1	1	1	1	1	1	1	1	1	1	1	1	1	1	1	1	1	1	1	1	1	1	1	1	
# Bin lower bound for each species index 
0	0	0	0	0	0	0	0	0	0	0	0	0	0	0	0	0	0	0	0	0	0	0	0	0	0	0	0	0	0	0	0	0	0	0	0	1	1	1	0	0	1	1	1	1	2	2	2	2	2	1	1	2	2	2	2	2	3	4	3	4	4	4	4	4	5	5	5	5	5	5	6	6	6	6	6	7	6	5	5	5	6	6	6	6	7	7	8	8	8	8	8	9	9	9	9	9	9	10	10	11	
# Bin upper bound for each species index 
0	1	2	3	4	5	6	7	8	9	9	10	11	11	12	13	14	14	14	14	15	16	16	17	18	19	18	18	19	19	20	20	21	22	22	22	23	23	25	25	25	25	25	26	27	27	28	28	29	28	29	31	32	33	33	34	34	33	33	33	33	33	33	34	35	36	36	36	37	37	37	38	38	39	39	40	40	40	40	41	42	42	42	42	43	44	45	45	46	46	46	45	45	46	47	48	48	49	49	50	50	
# Normalized histogram for each species index 
1	
0.713712368034222	0.286287631965778	
0.512346325046851	0.407536654685553	0.0801170202675964	
0.364292573309904	0.43816589693173	0.174145724868209	0.0233958048901576	
0.260095669935444	0.416144547502188	0.250510644018006	0.0664542125262699	0.00679492601809139	
0.185661538158174	0.370979642072502	0.299607761942556	0.117912971462093	0.0238925067249026	0.00194557963977199	
0.132896296284086	0.318541986381191	0.319033199760657	0.171286764766484	0.0493768348385672	0.00839513336113579	0.000469784607878205	
0.0949673181037898	0.266081803776575	0.319196487521458	0.211874422289713	0.0843605572428364	0.0205186187772349	0.00284563581143536	0.000155156476957613	
0.0678971731056394	0.217202009337353	0.303820293246578	0.242975025812792	0.120624876736666	0.0381731006674036	0.00829821191515174	0.00096124683658638	4.8062341829319e-05	
0.0484863282872073	0.17412622955721	0.278726210289579	0.261327207555569	0.155797065340522	0.0616630622909213	0.0166548735478684	0.00287353458041412	0.000340505542765835	4.98300794291466e-06	
0.0349862602010743	0.138543664333807	0.248015408499581	0.265396461690452	0.187160137148929	0.0888014412260384	0.0293292819605987	0.00661170747096378	0.00107095713680855	8.46803317476526e-05	
0.0251332927044515	0.108236007179989	0.21745776427922	0.259173968209565	0.21009461201083	0.117482408027201	0.0462603112438765	0.0131461074534017	0.00258925865611648	0.000402958581852211	2.33116534955824e-05	
0.0176563832054561	0.0842058290707587	0.185789974957374	0.247658914109122	0.224226409313725	0.143785299445865	0.0674335970801364	0.0224251385336743	0.00562460038363171	0.00108229433077579	0.000104899296675192	6.66027280477408e-06	
0.0128193611280239	0.065760361457408	0.156442452613613	0.229109897824402	0.231385642182452	0.167095864067527	0.0886475623916609	0.0353405797824734	0.0106251310050206	0.00231899680929994	0.000409234731052931	4.49160070667851e-05	
0.00900521713669697	0.0504145760410983	0.131611256770965	0.209217828766121	0.231605267710981	0.184725900688076	0.110070604362697	0.0500901686253111	0.0175296458469196	0.00455168558765987	0.000983204014001091	0.000169690032873285	2.49544165990125e-05	
0.00659403860346673	0.0388926935326228	0.107808458720354	0.188314904821112	0.224189001402916	0.199308847680534	0.131056309466027	0.0662113283821251	0.0266736923291733	0.00841417277810653	0.00203289871742874	0.000417217970625195	6.64889196215451e-05	1.99466758864635e-05	
0.00474096445521224	0.0289602070956822	0.0882612591682984	0.163925857090704	0.215024393481796	0.205925790713883	0.151926587235737	0.0853240848295775	0.0378281504098769	0.013330125120308	0.00371212372639474	0.000854601573130663	0.000164282632504729	1.6594205303508e-05	4.9782615910524e-06	
0.00329776172130164	0.0216829082958954	0.0708810472851372	0.141613786943596	0.201015157372722	0.208667164358178	0.16713769613267	0.105438390678949	0.0515677282604349	0.0202148294295655	0.00635056590191034	0.00170137176222788	0.000384933278231773	4.49922013517657e-05	1.66637782784317e-06	
0.00235279963103824	0.0158964367116952	0.0570787853671905	0.120674558348762	0.183272730918594	0.205667773997554	0.180035960403452	0.122860255733278	0.0676663837068626	0.0296974112519969	0.0108098443275471	0.00302287963959387	0.000835511232613011	0.000118642595031048	1.00261347913561e-05	
0.00168872507957782	0.0123421008544145	0.0456408108560898	0.102579996649355	0.165619031663595	0.198713352320322	0.186485173395879	0.139778857430055	0.0830658401742335	0.0411140894622215	0.0160562908359859	0.00512816217121796	0.00141229686714693	0.000308259339922935	6.70128999832468e-05	
0.00102642714463734	0.0094441360317857	0.0364582896570693	0.0873351972266341	0.147158121772499	0.190564920678314	0.189949399825239	0.15183071331655	0.0993856531649009	0.0528794468027298	0.0227574998784053	0.00809569252804645	0.00239667383935744	0.000595394830631135	0.000119078966126227	3.35433707397823e-06	
0.000666165504372865	0.00701235678280655	0.0280578171249841	0.0722764402263285	0.131063448488794	0.178435031244337	0.189627282917302	0.162131595374093	0.115308718210314	0.066629974427299	0.0309926369414781	0.0124306147516226	0.00415472490888467	0.000936323303375462	0.000238275822722788	3.52379737829475e-05	3.35599750313786e-06	
0.000483623143382507	0.00534504328259209	0.0221140040805703	0.0596720430558937	0.115466704729599	0.16507502036087	0.186992552539441	0.169906214053618	0.128044264951596	0.0796668373901143	0.040810740463976	0.0177177353674612	0.00652555394161258	0.00173969991855652	0.000354321122408712	7.72453631791505e-05	8.39623512816853e-06	
0.000440294846876167	0.00401287736867746	0.0177658133652087	0.0483604457859765	0.0988168959380708	0.149653372440891	0.179379134042158	0.176287025364666	0.141014887992674	0.0938999911271381	0.0520703065490092	0.0245912205542358	0.00946047977071185	0.00322436454404371	0.000842084821211832	0.000154019490162005	2.34377485029138e-05	3.34824978613055e-06	
0.000291171479920882	0.00292008179575827	0.0141268369740924	0.0404293273269454	0.0837686960537898	0.134971368137808	0.170862436536331	0.176218987727289	0.151136405471346	0.107035640058502	0.0642635536977105	0.0328136870676355	0.0140833285920353	0.00511223489171433	0.00154622096233848	0.000341373459217585	5.68955765362642e-05	1.3387194479121e-05	8.36699654945062e-06	
0.000184530320009126	0.00224959235574762	0.0101877512128675	0.0325628912881558	0.0723107222181215	0.120952914572527	0.159865326417361	0.174711629436277	0.157734839995437	0.11934414569172	0.0771923879565448	0.0417659216115201	0.019580344501332	0.00790460788984546	0.0024995470619418	0.000726378441490468	0.000162722191280775	3.85836123655445e-05	2.18081287283512e-05	3.35509672743865e-06	
0.000111103068296403	0.00165812912533268	0.00832599660293952	0.0259577168656141	0.0605696893995889	0.107153859232412	0.149573347383944	0.170546576594624	0.163257541962451	0.130557888907032	0.0885609290909917	0.051484488496624	0.0258937484323525	0.010751746927411	0.0038330558562259	0.00133492019937951	0.000306375127726444	0.000101002789360366	2.1883937694746e-05	
0.000116133462594926	0.00112094037809016	0.00646644584477837	0.0208871923304788	0.0512586174395433	0.0941000834814456	0.136359199116712	0.166020358700921	0.165424543544999	0.140230314536543	0.099938735390747	0.0612242150051166	0.0330677411536597	0.0150367587655518	0.00601201055636344	0.00191367749232509	0.000634526310120106	0.000154844616793235	3.36618732159207e-05	
5.03549182487902e-05	0.000835891642929918	0.00459572553883959	0.0165701250984019	0.0417962606437708	0.0819694144226557	0.125118543870044	0.158033875432003	0.165001317620361	0.147429129648808	0.112607025182495	0.0715039839132821	0.0411047197664875	0.0199539756047206	0.00871811484614055	0.00335195905809447	0.000938279976702458	0.000328985465892096	8.05678691980644e-05	1.17494809247177e-05	
2.51960673978006e-05	0.000693731722352775	0.0036131160648446	0.0129675760207347	0.0347302593011283	0.070169367965048	0.112171212317182	0.148594647347442	0.164340509733241	0.152496678318448	0.122331946429801	0.0835669568693718	0.0494867561071068	0.0257352632401135	0.0117161713399773	0.00493842920996891	0.00173348943696868	0.000497202396649931	0.000166294044825484	2.51960673978006e-05	
3.1860538040644e-05	0.00050641486780392	0.00299992118709011	0.0108610897310132	0.0290299807662962	0.0604964542574902	0.100060535022277	0.13690640883107	0.158482700566279	0.156403381241521	0.131642712572671	0.0943792980285034	0.0595020700965374	0.0322244189224766	0.0157240139582694	0.00679635582519632	0.00277186680953603	0.000902156287677182	0.000212962543745357	6.3721076081288e-05	1.67687042319179e-06	
2.01514718970931e-05	0.000307309946430671	0.00218643470083461	0.00886832692404574	0.0241045189675729	0.0519706460226032	0.0887084585803288	0.126334615190851	0.151686846126719	0.157131102117584	0.138652202387949	0.10471208584527	0.0696115803791835	0.0400006717157299	0.020173302658315	0.00928814925523518	0.00400006717157299	0.00164402424893785	0.000451728828359838	0.000141060303279652	6.71715729903105e-06	
3.52335396452821e-05	0.000216434600678162	0.00181536618553311	0.00691416270848608	0.0190630227356998	0.0438909236724086	0.0785338820817317	0.115918345432978	0.14498937121554	0.155436954614168	0.14357331847932	0.114294247034091	0.07903050721197	0.0484813505519082	0.0258463180112177	0.0125414623261183	0.00590581235959015	0.00222977972326571	0.00102177264971318	0.000204690087463068	5.20114156668451e-05	5.03336280646888e-06	
6.70657076270476e-06	0.000192813909427762	0.00133460758177825	0.00531495732944352	0.0153463105477592	0.0361920091209362	0.0685411531948426	0.106235434166625	0.136708415069664	0.152478916218165	0.146699528863404	0.121724259343091	0.0898361920091209	0.0575826165685831	0.0326291434032493	0.0166440319903425	0.00746608990158107	0.00320238753919152	0.00141173314554935	0.000330298610063209	0.0001056284895126	1.17364988347333e-05	5.02992807202857e-06	
1.17916979708172e-05	0.000168452828154532	0.000872585649840475	0.00392495089600059	0.012433503246086	0.0302339135971754	0.0598950875786254	0.0951606871527766	0.128349263355782	0.147517510671487	0.147726392178398	0.129622766736631	0.0985684878663428	0.0674367206951037	0.0397514983879064	0.0214271997412565	0.0100162051620685	0.00428375541996975	0.00175864752593331	0.000604745653074769	0.000166768299872987	6.23275464171768e-05	6.73811312618128e-06	
1.68662506324844e-06	0.000148423005565863	0.00068139652555237	0.00307471749030191	0.0104621352673301	0.0253128689492326	0.0505127340192275	0.0847360431776016	0.118455051442064	0.14285039635689	0.147105751391466	0.135159386068477	0.108465171192444	0.0763366503626244	0.0476083656603137	0.0266081969978074	0.013285545623208	0.00579018384213189	0.00230055658627087	0.000760667903525046	0.000252993759487266	7.58981278461798e-05	1.5179625569236e-05	
6.39860981782484e-05	0.000735840129049857	0.00236411794321739	0.00851688643646265	0.0216424557864481	0.0433101692432297	0.0746313643014823	0.109084510481091	0.134217576307632	0.147003009030459	0.138437291098018	0.115343361189737	0.0866001323501926	0.0555736101124977	0.0324948348064168	0.0170506113198143	0.00785513547372445	0.00333232863933562	0.00122247124414233	0.000345188161224761	0.00014481064324551	2.69415150224204e-05	3.36768937780255e-06	
6.74041807443107e-05	0.000449922906468274	0.00192775956928729	0.0066393118033146	0.0177525761035328	0.0378845197873398	0.0657106507031099	0.0993571326261511	0.127774735227953	0.142676114486001	0.140502329656997	0.122834008779395	0.0940608491241669	0.0644080649102261	0.0388130123770927	0.0214008273863186	0.0105976223175242	0.00451776521438742	0.00168510451860777	0.000685837539073361	0.000198842333195716	5.22382400768408e-05	3.37020903721553e-06	
2.02163145658546e-05	0.000264496782236598	0.00147242157754641	0.00533205296674416	0.0145961791165471	0.0320024259577479	0.0589693048957175	0.0885744128845311	0.11971596078035	0.137956130597392	0.142204926041983	0.128146163954311	0.102260857845615	0.0730078506688231	0.0452525354627851	0.0265541291822501	0.0133966777856397	0.00644563496074666	0.00247649853431719	0.000978806563563462	0.000261127396475623	8.9288722665858e-05	1.68469288048789e-05	0	5.05407864146366e-06	
1.6877038957269e-06	1.51893350615421e-05	0.000234590841506039	0.00110882145949257	0.00415006387959245	0.0121059000440491	0.0270589565601894	0.0505804857549353	0.0816443636596846	0.111597732401046	0.132332862463946	0.140935089220466	0.131720225949798	0.108959851212025	0.0813928957792213	0.053233556279018	0.0314520498007666	0.0173614099753426	0.00845202110980033	0.00357455685114958	0.00143792371915932	0.000465806275220625	0.000148517942823967	3.03786701230842e-05	0	5.06311168718071e-06	
3.3803940525347e-06	1.69019702626735e-05	0.000145356944258992	0.0008231259517922	0.0034429313425066	0.00943467980062436	0.0221973575459691	0.0437727225862719	0.0722102875532201	0.104143179970489	0.127466208735952	0.138082336257938	0.134022483000843	0.115876527726837	0.0894976227378826	0.0607625830943113	0.038014221317779	0.0215550826759875	0.0107293707227452	0.00475114384083753	0.00188287948726183	0.000806223981529527	0.00026198053907144	7.43686691557635e-05	1.01411821576041e-05	1.69019702626735e-05	
2.53903770470991e-05	9.14053573695569e-05	0.0005975202065084	0.00258304769159155	0.00772883077313698	0.0188836697558292	0.0377233295247768	0.0634200837882442	0.0948465998053404	0.120573822521264	0.136261690152765	0.135190216241378	0.121440480724472	0.0973974863526723	0.0688942490795988	0.0440167576488511	0.0259777411027887	0.0137463501332995	0.00631035504210571	0.00266768228174855	0.00105793237696246	0.000394397190131607	0.000133722652448056	2.70830688502391e-05	1.01561508188397e-05	
1.35569323373507e-05	9.99823759879614e-05	0.000486354947602457	0.00187255127909657	0.00627347043910904	0.0158666946843268	0.0329196209481719	0.0559901305532584	0.0851138104469721	0.112600490760951	0.13186828084541	0.136547117118338	0.125637175819855	0.104061318004962	0.0768813632851158	0.0508401908816073	0.0312978729173163	0.0174426880685438	0.00804773395875981	0.00372646177622927	0.00161327494814473	0.000552444992747041	0.000193186285807248	3.55869473855456e-05	1.86407819638572e-05	
1.8569193033514e-05	0.0001080389412859	0.000443972524346744	0.00165265817998275	0.00491239561159325	0.0130879048717122	0.0271616650826582	0.0498143924750877	0.077836992871118	0.104807901698068	0.125745510897584	0.134560813263131	0.128625423926236	0.109667965947476	0.0841268849841065	0.0588508370485787	0.0375553488560533	0.0215774023049433	0.0108022060201324	0.00504237996282785	0.00223505559785205	0.000931835868590885	0.000349438450721582	6.4148121388503e-05	1.35048676607375e-05	6.75243383036873e-06	
8.39892896857793e-06	9.91073618292195e-05	0.000423306020016327	0.00136230627870334	0.00401132847539282	0.010530577140803	0.023016424945491	0.0430461907497556	0.07022344510628	0.098744528097777	0.119531877295007	0.131340771424828	0.128869806522272	0.115483593532153	0.0917314224090144	0.0658425637562698	0.0434207829817542	0.0261979392387883	0.0141219591677669	0.00689888025478991	0.00306896864511837	0.00134886799235361	0.000455221950096924	0.000159579650402981	5.03935738114676e-05	1.00787147622935e-05	1.67978579371559e-06	
4.36456177281785e-05	0.000428062789257135	0.00115996622500659	0.00338421405153876	0.00834806372931659	0.0192074291556084	0.0367999704552742	0.0629470528296629	0.090237314653009	0.114025854992471	0.128037776960821	0.130488646264019	0.118939344342101	0.0981757810467226	0.0731013736618841	0.0496334607449635	0.0314097366658441	0.0174783912225305	0.00883320155714135	0.00432595218790446	0.00186836817428702	0.000740296823774104	0.000251801640739491	9.73633010859365e-05	3.35735520985988e-05	3.35735520985988e-06	
4.19418752715736e-05	0.000291915451890153	0.000988150581398275	0.00281849401824975	0.00713515182120011	0.0161409112795124	0.0315604223043537	0.0541889028508731	0.0816440544036452	0.106825956316698	0.124033868903119	0.130628809370822	0.122812521495211	0.104460434551381	0.0804814256211172	0.0572305276455677	0.0361991937093898	0.021690660215447	0.0109283750207612	0.00546586518539148	0.00271615584258711	0.00109384410708264	0.000395931302563655	0.000162734476053706	4.19418752715736e-05	1.84544251194924e-05	3.35535002172589e-06	
3.84713814738554e-05	0.000240864301401529	0.000792844992113367	0.00234675426990518	0.00614705769201819	0.0134465841594923	0.0266205233111482	0.0479855213792158	0.0727911990860538	0.0991039513454111	0.119212775174919	0.127743385849557	0.125242746053756	0.110361012098413	0.0884507240146726	0.0639628533721839	0.0425543659163632	0.0258527683504308	0.0146291609726234	0.00680608918335293	0.00323661405008305	0.00146358516476624	0.000627250784899815	0.000195702244888742	9.5342119304772e-05	3.67987127141225e-05	1.50540188375956e-05	
2.67481146758546e-05	0.000132068816212032	0.00062022190904638	0.00185397869847017	0.00490995080018657	0.0116621779986726	0.0237305929889848	0.0422168837443348	0.0661280265073816	0.0900893219854457	0.113502281112655	0.124186481168491	0.12540519214341	0.114219464937401	0.0952048989172029	0.0719189933347042	0.0488704772699537	0.0305547057456622	0.0181051301212191	0.00926487822084915	0.00427133956230054	0.00180215422628571	0.000807458711777362	0.000344381976451629	0.000125381787543069	4.0122172013782e-05	5.01527150172275e-06	1.67175716724092e-06	
2.17812359678576e-05	0.000127336456427475	0.000454054995945339	0.00150960720054152	0.00394743014925173	0.00958877026492685	0.0202448210922787	0.0371721923986837	0.0595398462579837	0.0833819222443386	0.106267299327798	0.120714960693246	0.125144928993171	0.116970263586465	0.100406471372754	0.0776869667785887	0.0559308630060786	0.0363646111881832	0.0220979016292365	0.0120668047261931	0.00593957550046578	0.00251489501444264	0.00112927331094892	0.00050599486633023	0.000192680164331048	6.03172688340672e-05	1.84302765881872e-05	
3.34754365615371e-06	2.84541210773065e-05	0.000110468940653072	0.00041509541336306	0.00111138449384303	0.00335089119980986	0.00821654590402927	0.0172649564066127	0.0320527305076717	0.0531472768569243	0.0760126738002822	0.0987039984735201	0.11700669341354	0.125392290272206	0.119873864555036	0.103658363084628	0.0840785802397846	0.0624450793618912	0.0420535171804309	0.0261727700756377	0.0149367397937578	0.0077010241809816	0.00363208486692677	0.00152815367903417	0.000681225134027279	0.000249392002383451	0.00011716402796538	4.5191839358075e-05	1.00426309684611e-05	
5.00523881662807e-06	1.00104776332561e-05	6.00628657995369e-05	0.000263609244342412	0.000947658549281581	0.00282462310551711	0.00695227671629639	0.0146970495785589	0.0280176584825451	0.0470025293140153	0.0697763659296731	0.0914824182644501	0.112119017905408	0.121996022503554	0.121265257636326	0.108555287867968	0.0904963862175744	0.0685801138524989	0.0480135875549742	0.0303651154875436	0.0180438859339442	0.00968346869723644	0.00495518642846179	0.00232910446267093	0.000939316484587201	0.000348698304225089	0.000165172880948726	6.50681046161649e-05	1.50157164498842e-05	1.16788905721322e-05	1.33473035110082e-05	
1.16303412342118e-05	2.8245114425943e-05	0.00020270023293912	0.000674559791584285	0.00229616165509725	0.00551112026769723	0.0124361577340108	0.0243722107949504	0.0421932165204013	0.0625064382246118	0.0853733505683914	0.105699864091155	0.119044849918754	0.120819307695631	0.112905691224409	0.095111269136065	0.0751486191462	0.0539082930978909	0.035673579519966	0.0217686758358062	0.0121719828402622	0.00651465256847779	0.00335286123009135	0.00141059424397798	0.000493458763794415	0.000214330574173332	7.97509113203096e-05	4.15369329793279e-05	2.65836371067699e-05	3.32295463834623e-06	4.98443195751935e-06	
4.98378608261124e-06	2.49189304130562e-05	0.000179416298974005	0.000519975014619106	0.00164963319334432	0.0046864201796821	0.0102366966136835	0.0212741215246398	0.0366441178034129	0.0561938493434693	0.0789481553346446	0.0997089468927755	0.115434453245441	0.120104260804848	0.115396244218808	0.0999697650310988	0.0803336478656105	0.0604250837276062	0.0410896549891021	0.0258691722928074	0.0148616500983467	0.00841595343150284	0.00450035883259795	0.0022310749029823	0.00083063101376854	0.000284075806708841	0.000104659507734836	4.65153367710382e-05	2.1596406357982e-05	3.32252405507416e-06	0	6.64504811014832e-06	
5.0049632552281e-06	1.83515319358364e-05	0.00011344583378517	0.000425421876694389	0.00125791409814733	0.00359690025942393	0.00865191314720431	0.0182797941291781	0.0319366705316105	0.0513492546775552	0.0732443005980931	0.093954838548227	0.109625378500346	0.11948015114989	0.116273638024374	0.10511090164413	0.0852044944570032	0.0660054554099482	0.0467463568038305	0.0303968101700853	0.0180879372043944	0.0101217040231563	0.00550712790183599	0.00266764541503658	0.00121954271319058	0.000472134867076518	0.000141807292231463	7.00694855731934e-05	2.16881741059884e-05	5.0049632552281e-06	1.66832108507603e-06	6.67328434030414e-06	
3.34532632822e-06	2.341728429754e-05	8.69784845337201e-05	0.00031947866434501	0.000960108656199141	0.00288701662125386	0.00757549147025419	0.0152279254460574	0.0281325217571661	0.0458527153177475	0.0672326958814015	0.0877178016522567	0.105476466465613	0.116656547054524	0.116618075801749	0.107930263327362	0.0905278757679615	0.0718877174671196	0.0526587817325111	0.0349068075718116	0.0219821393027336	0.0125215564465275	0.00680439375159948	0.00344735878123071	0.00149368820555023	0.00067742858146455	0.00025424480094472	7.192451605673e-05	1.338130531288e-05	1.003597898466e-05	2.676261062576e-05	6.69065265644e-06	8.36331582055001e-06	
5.02072723560432e-06	2.17564846876187e-05	9.03730902408778e-05	0.00026777211923223	0.000781559873009073	0.00237480398244084	0.0061587587423413	0.0131275281453601	0.0241396565487856	0.0408653725463288	0.0616260796655526	0.0825909630256911	0.101370156462596	0.113357979525474	0.115858301688805	0.109225921010572	0.0970858025548807	0.0765209037978454	0.0583358297504866	0.040020216795002	0.025157190601868	0.014821186799504	0.00858209642139298	0.00439146275540858	0.00189950847080363	0.000853523630052734	0.000287855028174648	9.20466659860792e-05	4.51865451204389e-05	1.5062181706813e-05	1.67357574520144e-05	1.17150302164101e-05	1.67357574520144e-06	
1.34125118616902e-05	3.18547156715142e-05	0.000221306445717888	0.00063206462148215	0.00196828611570303	0.00486874180579353	0.0113101006273702	0.0214348705189636	0.0364485009841431	0.0551958394388205	0.0776098233236875	0.0958022191000875	0.109922240962482	0.115117912744904	0.110477183640759	0.100734670337224	0.0831357782107039	0.0631494589728028	0.044827967769734	0.0292023914508649	0.0177061922214137	0.0103343403894323	0.00560475339420378	0.00244107715882761	0.00114341663620909	0.000425847251608663	0.000150890758444015	5.36500474467607e-05	2.01187677925353e-05	1.00593838962676e-05	5.02969194813382e-06	
3.53069943155739e-05	0.000126096408269907	0.000489254064087239	0.0017552620031171	0.00411242419504256	0.00945723062024301	0.0187043005600362	0.0323092623696373	0.0500131980907322	0.07153533305424	0.0909844430657904	0.105853731528978	0.113081577651009	0.113374121318195	0.103138455537566	0.0875916090406081	0.0679760517701414	0.0496618094330201	0.0334676680402769	0.0212430415798703	0.0123372725851277	0.00675204234149261	0.00342645973405427	0.00151651947012608	0.000680920604657497	0.000206798109562647	0.00010760226839032	4.70759924207652e-05	1.17689981051913e-05	3.36257088719752e-06	
1.67809730615039e-06	4.02743353476095e-05	9.73296437567229e-05	0.0004262367157622	0.00123340152002054	0.00352736053752813	0.00772763809482257	0.0156734288394447	0.028509195134189	0.04489917152336	0.0650581544621446	0.0857574847335098	0.103265073928577	0.111415592544549	0.113897498460346	0.106804181147248	0.0909310587283714	0.0727639772919872	0.0547814865592796	0.0377571893883839	0.0243105956742008	0.0147588658075927	0.00865059161320528	0.00411133840006847	0.00210265592460644	0.000948124977974973	0.000315482293556274	0.000135925881798182	7.71924760829181e-05	1.51028757553535e-05	6.71238922460158e-06	
3.51900261411623e-05	0.000137408673503586	0.000296601648904082	0.0010841879482539	0.00263590052952611	0.00648501910315705	0.013442589985924	0.0251273543803204	0.0393541792345331	0.0595666599638045	0.0793987532676453	0.0977176754474161	0.109947047389235	0.112968362490784	0.107961324485555	0.0956163281721295	0.0788491185736309	0.0606257121791005	0.0429016690126684	0.0279442321871439	0.0169632683155708	0.0104983577987801	0.00551142837991822	0.00269622628862524	0.00141765533882968	0.000464173201957236	0.000211140156846974	9.38400697097661e-05	3.51900261411623e-05	1.34057242442523e-05	
1.34010757713575e-05	9.88329338137619e-05	0.00027472205331283	0.000899547211152375	0.00217934994731702	0.00527667358497203	0.0111027912765697	0.0213897920655581	0.0350689401591713	0.0535925771441302	0.0741615533186927	0.091748790134128	0.105793117542511	0.112185430685448	0.109798364063675	0.100104360877569	0.0832776351121586	0.0652163352413115	0.0486408796466136	0.0325177103591991	0.0208135458073897	0.0122686848686778	0.00679937081949253	0.00359148830672382	0.00186777493563296	0.000770561856853059	0.000346752835583876	0.000144061564542094	4.85788996711711e-05	8.37567235709847e-06	
1.00695132061666e-05	5.53823226339161e-05	0.000226564047138748	0.00068976165462241	0.00182258189031615	0.00440876853209993	0.0095274377452346	0.0184255309150838	0.0307875366278543	0.048238003014141	0.0679792836548305	0.0870828284591295	0.101071060554696	0.110462559871647	0.111199312587898	0.102715747711703	0.0881451621023801	0.0702214285954036	0.0531418559455441	0.036998748023858	0.0247307244343451	0.0151059480614509	0.00847349536298917	0.00434835145286293	0.00231095328081523	0.00105058587784338	0.000444736833272357	0.000233277055942859	7.55213490462493e-05	1.67825220102776e-05	
1.51290762354152e-05	4.70682371768471e-05	0.000198358999530999	0.000566499854592767	0.00146079636095286	0.0037973981350892	0.0080873317520647	0.0159393223182452	0.0273819469776308	0.0425984356535173	0.0618224485233181	0.080898532647706	0.0972497020412486	0.108335952904867	0.111770253210306	0.105436213293079	0.0923108991546208	0.0754318931013093	0.0575694970926958	0.0415965546050387	0.0285317567715224	0.0177010191954357	0.0104945358819663	0.00553387988522074	0.00277198296802218	0.00141372812377602	0.000610206074828411	0.000300900516237701	9.91794997654993e-05	2.68961355296269e-05	1.68100847060168e-06	
5.0445348350353e-06	2.85856973985334e-05	0.000151336045051059	0.000521268599620315	0.00116865057011651	0.00321168717830581	0.00700854039747571	0.0138522926570069	0.0238102044213666	0.0387403460214595	0.0558564527167342	0.0760850374052258	0.0923217135275928	0.10480189270947	0.110619922885877	0.106950864549195	0.0964397354645933	0.0806268002683693	0.0625017866060874	0.0464130835055481	0.0320613818998727	0.020759942357782	0.0123792884851766	0.00676976574861738	0.00368082891796409	0.0017386830064755	0.000864296968402715	0.000393473717132754	0.000149654533439381	6.89419760788158e-05	1.68151161167843e-05	1.68151161167843e-06	
1.85229153721675e-05	0.000129660407605172	0.000390665124212987	0.000976662810532467	0.00261509887027055	0.0058599768631948	0.0116795400928503	0.0213333468045445	0.034174778861649	0.0504311629528221	0.0701967975563223	0.087706004287213	0.0999479674468182	0.108305170082461	0.108623427446582	0.0992137864375214	0.0860254706925381	0.0679353179795204	0.0519483581119424	0.0358856226814783	0.0242835420529115	0.0148452747200935	0.0085390639865692	0.00465430346260644	0.00232715173130322	0.0010473866692262	0.000594417193306829	0.000205435970491312	7.24077600912001e-05	2.1890718167107e-05	8.41950698734885e-06	3.36780279493954e-06	
1.52027027027027e-05	9.12162162162162e-05	0.000315878378378378	0.000768581081081081	0.00214358108108108	0.00495777027027027	0.0101131756756757	0.0185084459459459	0.0306114864864865	0.0458648648648649	0.0644425675675676	0.0829189189189189	0.0968699324324324	0.10552027027027	0.1076875	0.102613175675676	0.0894391891891892	0.0739594594594595	0.0559121621621622	0.0406064189189189	0.0271722972972973	0.0174493243243243	0.0102364864864865	0.00601858108108108	0.00315878378378378	0.00139527027027027	0.000761824324324324	0.000287162162162162	0.00010472972972973	3.37837837837838e-05	6.75675675675676e-06	1.52027027027027e-05	
1.01838697686734e-05	5.0919348843367e-05	0.000230834381423264	0.000587269823326833	0.00161753798159096	0.00416859735864364	0.00870720865221575	0.0166183781508469	0.0272316677614327	0.0417301036887674	0.058268708193093	0.0777742134233587	0.0933928750252475	0.102797678756617	0.106730349798953	0.104242090952141	0.0923778826716364	0.0788282439444164	0.061929809374931	0.0446919124798232	0.0310608027944539	0.0201640621419733	0.012280049629392	0.00697595079154128	0.00398868232606375	0.0019281460095355	0.000909759032668157	0.000466760697730864	0.000145968800017652	5.94059069839282e-05	2.2065051165459e-05	1.18811813967856e-05	
1.36011628994279e-05	4.25036340607122e-05	0.000129211047544565	0.000491342009741833	0.00135331570849308	0.00368931543646982	0.0071678128479985	0.0139887960420616	0.0245347977252055	0.0380679548101363	0.0544556559585845	0.0722561779032107	0.0890349124850175	0.101007336127239	0.105228797062149	0.10484456421024	0.094691296105817	0.0822428317621157	0.0665827928287869	0.049343318853762	0.0347033671378903	0.0236626231542797	0.0146008483725359	0.00849392623069272	0.00472130367146391	0.00253321659001845	0.00111869564847794	0.000542346370614688	0.000244820932189702	0.000108809303195423	6.9705959859568e-05	2.89024711612843e-05	5.10043608728546e-06	
6.78839388297827e-06	5.43071510638262e-05	0.000110311400598397	0.0004531252916888	0.00120154571728715	0.0030157439825131	0.00612143418397566	0.0122564451557173	0.0212934945124321	0.0346971782343727	0.0503970361872307	0.0673866889778546	0.0846597572130928	0.0972098004042489	0.104514112222333	0.104646485903052	0.0977257183393552	0.0850178449904199	0.0708334959719368	0.0541374412167517	0.0390264764332421	0.0262965408041871	0.0171169351759297	0.01016561983976	0.00582444195159536	0.00302253237639608	0.00150193214660894	0.000745026228656865	0.000280021247672854	0.000128979483776587	0.000112008499069141	3.22448709441468e-05	8.48549235372284e-06	
5.09292897740777e-06	4.58363607966699e-05	0.000130718510420133	0.000407434318192621	0.00103556222540625	0.00241574597828375	0.00514725355316678	0.0106628956356994	0.0189507887249343	0.0307375240216483	0.0464050711991471	0.0621795698851714	0.0800812152407597	0.094227674297006	0.102024948561417	0.104807385426074	0.10007435676307	0.0885931972050006	0.0731327624725831	0.0588963283377359	0.0438874666413152	0.0298904001684062	0.0194736627666148	0.0120311958876296	0.00705879956268717	0.00386892837983743	0.00195738237031705	0.0010270740104439	0.0005466410435751	0.000196926587126434	6.79057196987702e-05	2.71622878795081e-05	5.09292897740777e-06	
1.86677030070275e-05	0.000127279793229733	0.000446327808258931	0.000855320210503807	0.00209247980069681	0.00443782212394337	0.0091929951990062	0.016761900236401	0.0277351154767137	0.0414456948034206	0.0584859135210173	0.073912224460461	0.0892995029299808	0.100398300899614	0.104119962053651	0.10155400142214	0.0922422117494523	0.07718416367842	0.0627489380622585	0.0484274157280489	0.0337393275893377	0.0226116795332395	0.0137020940071582	0.0085718698080451	0.00482305563145202	0.00255577824805304	0.00130164801876274	0.000690705011260019	0.000359777548862713	9.67326428545973e-05	3.73354060140551e-05	2.03647669167573e-05	3.39412781945955e-06	
5.09444247270652e-06	9.33981119996196e-05	0.000382083185452989	0.000779449698324098	0.00180003634035631	0.00393800403140214	0.00805601169683992	0.0149997367871389	0.0247980478096445	0.037860198309664	0.0538601439689443	0.0694966860651715	0.0849294504624905	0.0969285606332052	0.102936606456017	0.102311688179365	0.0941351080106712	0.0820816571202475	0.0672262628698353	0.0521687890680057	0.0377175539204282	0.0251410736028067	0.0163225936825517	0.00971170550046954	0.00598427175793926	0.00324176356013225	0.00151474756188474	0.00082020523810575	0.00044491464261637	0.000220759173817283	6.7925899636087e-05	1.52833274181196e-05	1.0188884945413e-05	
1.18788627516198e-05	5.26063921857447e-05	0.000246062156997838	0.000600731059153343	0.00147637294198703	0.00353141619801725	0.0071222267097926	0.0134706303603368	0.022042078325827	0.0339107591950883	0.049124188419127	0.0648755604277748	0.0793541971416062	0.0936003475415845	0.101263910996772	0.102604525507312	0.0970078841709063	0.0857653890666947	0.0711577818429886	0.0563719916780082	0.0417474146503711	0.0287943633099263	0.0192488485988033	0.0114087991827342	0.00689313435672564	0.00416948082581854	0.00224510506005614	0.000929945255412519	0.00051079109831965	0.000263031960928723	0.000113697686336932	6.78792157235415e-05	1.18788627516198e-05	5.09094117926561e-06	
3.38492523546386e-06	3.38492523546386e-05	0.000120164845858967	0.000475581995582673	0.00123719017356204	0.00284502966040738	0.00580006939096733	0.0114495096089565	0.019597024650718	0.0293066826886461	0.0454426212861023	0.0606713999204543	0.0756276920733513	0.0893704885293346	0.097721099085224	0.102258591363363	0.0984962469641452	0.0893264845012736	0.0750641020216466	0.0609421939392914	0.0458978937302722	0.0332010391720473	0.0220967919371081	0.014211608601095	0.00834722563065388	0.00511631449340363	0.00265885877245686	0.00131165852874225	0.000756530790126173	0.000280948794543501	0.00014893671036041	0.000125242233712163	4.40040280610302e-05	1.35397009418554e-05	
1.68913497708688e-06	2.19587547021295e-05	0.0001030372336023	0.000347961805279898	0.000952672127077003	0.00228202135404438	0.00480052160488092	0.00966354120391406	0.0173203900550489	0.0264552320111348	0.0404210000016891	0.0562110337674973	0.0714825030953398	0.0867826877177928	0.0964546745965923	0.100996758549979	0.0997366638570722	0.091120386338952	0.0792795501495729	0.0646465738430692	0.0499139385729174	0.0364616676153975	0.0251208153792361	0.0162308979948279	0.0101398772674526	0.006065683702719	0.00354042691197411	0.00174994383626201	0.000819230463887139	0.000445931633950937	0.000217898412044208	0.000119928583373169	8.10784789001704e-05	8.44567488543442e-06	3.37826995417377e-06	
1.35136961310288e-05	9.2906660900823e-05	0.000238178894309383	0.000817578615927242	0.00187671455019662	0.0041284341680293	0.00800010810956905	0.0147721590832309	0.023870255003446	0.0358873092879634	0.0515986702523007	0.0674840200543251	0.0832511250152029	0.0937309963648157	0.100227705779808	0.100459127826052	0.0942022865173854	0.0820484060595413	0.0690127569291477	0.0535547777672671	0.0405546020892174	0.0283956539953243	0.0183076798335113	0.011631913944783	0.00687847133069366	0.00434972094217489	0.00240205948729037	0.00106082514628576	0.000596291841781646	0.000280409194718848	0.000165542777605103	6.92576926715226e-05	2.5338180245679e-05	1.52029081474074e-05	
1.69106306988825e-06	1.01463784193295e-05	9.3008468843854e-05	0.000255350523553126	0.000624002272788766	0.00143063935712546	0.00330433723856165	0.00674734164885414	0.0125358505370816	0.0215424524473065	0.0322265889228605	0.0468103168375768	0.0632001001109337	0.0782336508022403	0.0905598095186558	0.0989677751021402	0.0999621201872345	0.0963719932898617	0.0868529992694608	0.072972753591818	0.0580271381801456	0.0443413647555399	0.0312863578560026	0.0213902567710165	0.0134642441624503	0.00825576990719446	0.00492606672258449	0.00285789658811115	0.00137652533888904	0.000742376687680944	0.000353432181606645	0.000143740360940502	6.25693335858654e-05	5.74961443762007e-05	1.18374414892178e-05	
1.69156080315307e-06	3.38312160630614e-06	8.45780401576535e-06	9.30358441734188e-05	0.000226669147622511	0.000546374139418441	0.00124498875112066	0.00264898421773771	0.00561429030566504	0.0109274827883688	0.0187560261853612	0.0291168361046738	0.0434003755264983	0.0584687991609858	0.0745521592773652	0.0865808481485867	0.0960129911869682	0.100382292741513	0.0970752913713483	0.0899521288292708	0.077444728250757	0.0618113233080163	0.0480217196407125	0.0348630681529848	0.0242451409915929	0.0155843496794492	0.00974677334776798	0.00583926789248439	0.00329854356614848	0.00193852868041342	0.000869462252820678	0.000412740835969349	0.000162389837102695	7.95033577481943e-05	4.05974592756737e-05	2.87565336536022e-05	
1.69591555697259e-06	1.69591555697259e-06	1.69591555697259e-05	6.10529600510131e-05	0.000211989444621573	0.000524037907104529	0.0010209411652975	0.00228100642412813	0.00478417778621967	0.00926648260329822	0.016516521609356	0.0263714869109237	0.039163777957168	0.0544965505077571	0.0699938268673726	0.0820789211263593	0.0924426610950188	0.098797256686995	0.0989515850026795	0.0915777441609627	0.080857861925339	0.0667359730824283	0.0516253654698025	0.038914478370293	0.0274517851207153	0.018434602104292	0.0115271380407427	0.00709571069037331	0.00408546057674696	0.00238445727310346	0.00137029977003385	0.000524037907104529	0.000222164937963409	0.000135673244557807	4.57897200382599e-05	2.20469022406436e-05	6.78366222789035e-06	
5.07597035633312e-06	1.18439308314439e-05	1.52279110689994e-05	5.58356739196643e-05	0.000167507021758993	0.000394233697675206	0.00086291496057663	0.00213698352001624	0.00423843524753815	0.00777807857602112	0.0141670332645257	0.0236810937024128	0.0352052384014077	0.0502233426956787	0.0645612669622009	0.0794981557307705	0.088871780988799	0.0957243409698487	0.0984332171500118	0.0944705762918345	0.0843727792629691	0.0714053669926568	0.0561825318940137	0.0430222327501607	0.0309431152922067	0.0208148624412033	0.0135629927921221	0.00832797536462387	0.00502521065276979	0.00275625190348888	0.00175459375317248	0.000788467395350411	0.000291022300429765	0.000121823288551995	7.10635849886637e-05	4.22997529694427e-05	1.01519407126662e-05	5.07597035633312e-06	
8.46007942322563e-06	2.03041906157415e-05	5.92205559625794e-05	9.4752889540127e-05	0.000345171240467605	0.000778327306936758	0.0019424342355726	0.00378503953395114	0.00695756931766075	0.0121875904170988	0.0209606927789838	0.0318758872508295	0.0457605696002274	0.0601850050168271	0.0745823681792725	0.0870880575826846	0.0935380221349518	0.0969237459201267	0.0949051709697451	0.0876701110470025	0.0756195739165599	0.0619751578227816	0.0465744292407417	0.0340298234719828	0.0237982034175337	0.015762819981354	0.00984922446451927	0.00586621907206465	0.00339925991225206	0.00169201588464513	0.00105243388024927	0.000451768241200248	0.000137053286656255	6.09125718472245e-05	4.0608381231483e-05	2.03041906157415e-05	1.69201588464513e-06	
1.52136246460719e-05	1.69040273845244e-05	4.39504711997633e-05	8.62105396610743e-05	0.000283987660060009	0.000654185859781093	0.001528124075561	0.00327092929890546	0.0061091154967671	0.0112749862654777	0.0187668512022989	0.0289954781726746	0.0417461860288214	0.0558289312428686	0.0705743143303892	0.0834433503782276	0.0927980391328234	0.0966555381819719	0.0943887081097071	0.0892650974094578	0.0784127118285932	0.0662367409035203	0.0506647508768964	0.0373866373663525	0.0267742889743481	0.0181177365507332	0.0113256983476313	0.00681401343870177	0.00410598825170097	0.00235304061192579	0.00109707137725563	0.0005899505557199	0.000211300342306555	7.09969150150023e-05	3.54984575075012e-05	4.56408739382158e-05	1.18328191691671e-05	
1.68770674407615e-06	3.3754134881523e-06	3.54418416255991e-05	9.11361641801121e-05	0.000290285559981098	0.00056538175926551	0.00130966043340309	0.00272564639168298	0.0052437048538446	0.00976844663471275	0.0165412137986903	0.0257577803280902	0.0376949301289408	0.052194018767299	0.0660585296698846	0.0801323162087356	0.0898771349490313	0.0966465266995207	0.0955512050226153	0.0902568689664484	0.0809322892054277	0.0691774117329373	0.0559255383784514	0.0416947951124013	0.0294673597515696	0.0207874839667859	0.0130189698238034	0.0078967798555323	0.00475258219131844	0.00284209815702424	0.00153075001687707	0.000717275366232363	0.000334165935327078	0.000106325524876797	2.19401876729899e-05	3.3754134881523e-05	1.51893606966853e-05	
1.68559590872161e-06	5.05678772616483e-06	3.0340726356989e-05	7.41662199837509e-05	0.000212385084498923	0.000421398977180403	0.00106698221022078	0.00230589520313116	0.00470955496896818	0.00857799757948428	0.0144388145541093	0.0230791791822163	0.034494034676079	0.0476467395518338	0.0632233313443302	0.0757388809665881	0.0880639582511605	0.0937680148062745	0.0964582258765942	0.0913710974240723	0.0831167342590626	0.0731329496917045	0.0592335258283861	0.0457555009422481	0.0331573571204628	0.0229072483995267	0.0153894906466283	0.00892354474077221	0.00553886815605921	0.00350266829832351	0.00199237436410894	0.000967532051606204	0.000409599805819351	0.000173616378598326	5.05678772616483e-05	4.21398977180403e-05	1.51703631784945e-05	3.37119181744322e-06	
3.3738590030584e-06	1.6869295015292e-05	5.39817440489345e-05	0.000138328219125395	0.000342446688810428	0.000792856865718725	0.00188430025320812	0.00381920839146211	0.00725885764508015	0.0128290988591296	0.0202819533968856	0.0312216912143025	0.0440204253424045	0.0581012258916688	0.0726172542523275	0.0840630709202032	0.0933243138835985	0.0953536900739381	0.0925651956079103	0.08575843506924	0.0758662804722728	0.0634791571425439	0.0497104385510625	0.0373233152213336	0.0261811458637332	0.0174765896358425	0.0110595098120254	0.00627706467519016	0.00379053058993612	0.00221156457650478	0.00119265915758115	0.000566808312513812	0.000254726354730909	8.26595455749309e-05	4.72340260428176e-05	2.5303942522938e-05	3.3738590030584e-06	5.06078850458761e-06	
3.36483378562307e-06	1.68241689281154e-06	2.01890027137384e-05	0.000129546100746488	0.000272551536635469	0.000671284340231803	0.0014721147812101	0.00316294375848569	0.00609034915197777	0.0111998492554464	0.0184056408073582	0.027209728407441	0.0405950372066496	0.0541822360329956	0.0681900390825444	0.0813229853478313	0.0902852201358383	0.0948933600052491	0.0937896945235648	0.0873292136551685	0.0782239734312724	0.0668609297372233	0.0544901183243801	0.0410778908548865	0.0293884582836319	0.0199820654359226	0.0130151770827901	0.00792586598203515	0.00458963328358987	0.0024495989959336	0.00139472360414076	0.000736898599051453	0.000304517457598888	0.000185065858209269	7.06615094980846e-05	3.02835040706077e-05	3.36483378562307e-05	8.41208446405769e-06	5.04725067843461e-06	
3.34383296885554e-06	8.35958242213885e-06	7.69081582836774e-05	0.000219021059460038	0.000526653692594747	0.00132248593918237	0.00276869369821239	0.00507092269726943	0.00978238335038688	0.0166957580134957	0.0250051829411017	0.0367754749914732	0.0509901089420781	0.064927204756268	0.0775000167191648	0.0875081087949495	0.0934935698092009	0.0942877301393041	0.0899307157808853	0.079915936039163	0.0697239331500913	0.0577764179523704	0.0447605481211003	0.0326592166068121	0.0221428619197614	0.0148416026322653	0.00929251182044954	0.00548221415243866	0.002986042841188	0.00176721572404015	0.000867724655418013	0.000412963371653659	0.000255803222117449	0.000132081402269794	2.67506637508443e-05	2.00629978131332e-05	2.84225802352721e-05	1.50472483598499e-05	
8.38951511958415e-06	2.51685453587524e-05	5.8726605837089e-05	0.000135910144937263	0.000437932689242293	0.00107553583833069	0.0021930192522593	0.00446322204361877	0.00830897577443614	0.0146413817866983	0.0227993462889819	0.0335849069267193	0.0464376440899222	0.0617300522499002	0.0748596434120494	0.0838699826504827	0.0919440520015705	0.0935716179347698	0.0919725763529771	0.082311210741264	0.0732085868365152	0.0601847035648728	0.0481474272712934	0.0365933870486021	0.0249218936142367	0.0167488279847378	0.0107167666137568	0.00675523757428916	0.00382226308848254	0.00209066716780037	0.00121983549838754	0.000599011379538308	0.000310412059424613	0.000135910144937263	6.54382179327564e-05	6.71161209566732e-06	3.35580604783366e-06	3.69138665261703e-05	3.35580604783366e-06	
5.04441608361624e-06	3.02664965016974e-05	9.41624335608365e-05	8.4073601393604e-05	0.000361516485992497	0.000943305807636237	0.00183616745443631	0.00364543135642667	0.0074321063631946	0.0127875947719672	0.0207577721840808	0.0309760776974595	0.0426185900184457	0.0566571999791497	0.0713482210866681	0.0813075799077544	0.0896459996939721	0.0931939056727822	0.0919613866763519	0.085375060743177	0.075530042019986	0.0641767428877937	0.0516094209514778	0.039079091399775	0.0284858176241809	0.0192932100478042	0.0124529818384206	0.00783902259393964	0.00464422574098269	0.00264159255578704	0.00149314716075041	0.00088109134260497	0.000514530440528857	0.000193369283205289	7.39847692263715e-05	8.4073601393604e-06	6.72588811148832e-06	5.04441608361624e-06	1.00888321672325e-05	
1.01200064093374e-05	1.1806674144227e-05	8.60200544793678e-05	0.000136620086526055	0.000241193486089208	0.000760687148435194	0.00152643430007506	0.00299889523263365	0.00614959056140736	0.0113883805459743	0.0186140651222412	0.0274201573660997	0.0390446713949585	0.052905706840281	0.0664800087706722	0.0797186638218204	0.0875481754471778	0.0926031186486418	0.0920482049638632	0.0869359150594129	0.0783693296339088	0.0676387495045414	0.0549179014480042	0.0424213802002075	0.0315912866744816	0.0220633006400904	0.0143316157433566	0.00918727915194346	0.00556769019287046	0.00323840205098797	0.00195822124020679	0.00101537397640352	0.000586960371741569	0.00031203353095457	0.000119753409177159	3.37333546977913e-05	1.01200064093374e-05	5.0600032046687e-06	3.37333546977913e-06	
5.05846745297733e-06	1.5175402358932e-05	4.72123628944551e-05	0.000141637088683365	0.000286646489002049	0.000622191496716212	0.00127136148651497	0.00265400925699544	0.00522371072310792	0.00975778371679327	0.016436646910541	0.0249281276082723	0.0358830819556035	0.0486590845860066	0.0627351133518248	0.0758382302108538	0.0859855159215263	0.0908854847276437	0.0922310370701356	0.089029027172401	0.0806606358493588	0.0700091895492062	0.0591149368113107	0.0455312655442489	0.0346353266505358	0.0246482257425409	0.0168851643580383	0.0106632493908762	0.00651024761198182	0.00376349978501513	0.0023420704307285	0.00129159535632688	0.000743594715587667	0.000323741916990549	0.000165243270130593	5.73292978004097e-05	1.01169349059547e-05	8.43077908829555e-06	
1.34593124983176e-05	1.6824140622897e-05	0.000107674499986541	0.000260774179654903	0.000523230773372096	0.00117264260141592	0.00229481278096315	0.00444493795256938	0.00829766615521279	0.0147732778809658	0.0224080728956365	0.0324201189803225	0.0454049907130744	0.0589231877035721	0.0723454870925193	0.0831146195052357	0.0894102129263237	0.0916108105197986	0.089655845379418	0.0827310290990336	0.0724312902096961	0.0617496433282188	0.0497725376187784	0.0377365474171579	0.0282292255511588	0.0192888772241514	0.0124515464750061	0.00751870844437266	0.00461149694473606	0.00283150286683356	0.00167736682010283	0.00100608360924924	0.000437427656195322	0.000188430374976446	0.000104309671861961	2.52362109343455e-05	1.00944843737382e-05	
1.17561505660587e-05	1.51150507277897e-05	5.71013027494277e-05	0.000157868307601359	0.000446733721510229	0.000969042696659406	0.00211106875164796	0.00359738207321395	0.00697307673575364	0.0123355608439573	0.0203028720275833	0.029984901743773	0.0409399546212588	0.0549801572972946	0.0680059721244876	0.0796764707364221	0.0880653238903453	0.0906684715156869	0.0897750040726664	0.0850171219935744	0.0758993875045555	0.0646957760151016	0.0534854467253243	0.0411801159828226	0.0313788453108914	0.0220898069136242	0.014748930610161	0.00899345518303487	0.00565806732243594	0.00351340956917067	0.00208587700043498	0.00113362880458423	0.000565974677251681	0.000265353112776752	0.00011252315541799	7.7254703719814e-05	1.51150507277897e-05	1.00767004851931e-05	
3.35254340705576e-06	2.68203472564461e-05	4.69356076987807e-05	0.000149188181613981	0.000437506914620777	0.00082304940643219	0.001743322571669	0.00337601121090515	0.00608486628380621	0.0105856558077786	0.0174181392713582	0.0274288338848267	0.0379826405302383	0.0501825459885142	0.064296753732219	0.0758311793241943	0.08570274338627	0.0901968278234282	0.0895916937384547	0.0863363740902035	0.0788400870320268	0.068717082214422	0.0564316868992661	0.0446961087028674	0.0343769800959498	0.0245054160338741	0.016957164552888	0.0107365202610961	0.00692970722238426	0.00430634200636313	0.00251105501188477	0.00144494620844103	0.000678890039928792	0.000326872982187937	0.000172655985463372	7.20796832516989e-05	2.68203472564461e-05	1.34101736282231e-05	1.17339019246952e-05	
1.67900737084236e-06	1.00740442250541e-05	4.02961769002166e-05	0.000147752648634127	0.00041303581322722	0.000807602545375174	0.00148927953793717	0.00307258348864152	0.00550210715425041	0.00947967561577595	0.0154300777380413	0.0237915344448362	0.0350979700800887	0.0475444517201431	0.0601135008982689	0.0723165264695512	0.0829715072449168	0.0886398361288806	0.0902936583891603	0.0867106566597827	0.0810960560116859	0.0721570207693212	0.0601504390604275	0.0477811917594318	0.037000285431253	0.0271226850685875	0.0191860172266156	0.0122584328145201	0.00779227320807938	0.00513104652529425	0.00299870716432445	0.00169915545929247	0.000906663980254873	0.000475159085948387	0.000214912943467822	0.00011417250121728	2.85431253043201e-05	6.71602948336943e-06	3.35801474168472e-06	3.35801474168472e-06	
6.73177414224575e-06	0	3.36588707112288e-05	0.000121171934560424	0.000291149231652129	0.000663079753011207	0.0012655735387422	0.00251095175505767	0.00488726802727042	0.00848876719337189	0.0140828715055781	0.0217368987053115	0.0311782119398112	0.0433812355161672	0.0553486469975446	0.070082817651385	0.080136722332829	0.0866665432508074	0.0894938883905506	0.0885245129140672	0.0831239471084506	0.0747580347931747	0.06356309439462	0.0514812427528244	0.0399446648165507	0.0299563949329936	0.0210418430251247	0.0145507298084642	0.00898523553636252	0.00575903277869124	0.00352408376346565	0.00222821724108334	0.00111074273347055	0.00053854193137966	0.000274319796296514	0.00016324552294946	6.39518543513347e-05	1.17806047489301e-05	1.17806047489301e-05	8.41471767780719e-06	
1.68206315137896e-06	6.72825260551582e-06	2.35488841193054e-05	8.24210944175688e-05	0.000243899156949949	0.00053153195583575	0.00108997692209356	0.00188054660324167	0.0041479677313005	0.00750200165515014	0.0125246422251677	0.0198685299440882	0.0287145000571901	0.0401945810653515	0.0522532917975872	0.0655516830723893	0.0772958479953171	0.0851426725965	0.0882713100580648	0.0887086464774234	0.0852873300275186	0.0771091389855141	0.0667308093415059	0.0547730223983529	0.0435940306942884	0.032162729517517	0.0235539303087595	0.0160838878534856	0.0105414897696919	0.00678207862635995	0.00408573139469948	0.00260719788463738	0.00129687068971317	0.000681235576308477	0.000334730567124412	0.000179980757197548	0.000105969978536874	2.85950735734422e-05	1.85026946651685e-05	5.04618945413687e-06	1.68206315137896e-06	
1.50934789462739e-05	3.85722239738111e-05	9.22379268938962e-05	0.000218016918112846	0.000441064995874449	0.000987784344372816	0.00166195973730638	0.00338764749683037	0.00646671720187025	0.0112278712828115	0.0174178747040001	0.026504149029657	0.0366285192961743	0.0494059877508033	0.0616400909633665	0.0732637468052136	0.0825043100267658	0.0877652259661504	0.0891420866566938	0.0859288526943537	0.079817670774329	0.069535657505484	0.0585325113536503	0.0466287876246889	0.0354763837366087	0.0262961944308417	0.0180652172454736	0.01185508918569	0.00791066002106379	0.00496743162654037	0.00297173829919971	0.00153618074608743	0.000867036512802624	0.00042932562336068	0.000169382374841518	0.000103977299407665	5.70198093525904e-05	2.18016918112846e-05	1.67705321625266e-05	3.35410643250532e-06	
6.69434779479816e-06	6.1922717101883e-05	0.000112130325562869	0.000187441738254348	0.000386598585149594	0.000717968800992102	0.00153300564500878	0.00292542998632679	0.00549103877868319	0.0100365009313511	0.0155476227534187	0.0234452795643318	0.033977162232498	0.0455567103305502	0.0584734544006132	0.0709835168421423	0.0802417998423481	0.0868390795941217	0.0887837876285106	0.0861478881843088	0.0812509727724139	0.0709115526033482	0.0613051635178128	0.0502896142214725	0.0389443682962383	0.0292275224720888	0.0205901402298504	0.0139443264565646	0.00887001082810756	0.00571864660370633	0.00355302509208912	0.00187441738254348	0.000960638908553536	0.00058240825814744	0.000240996520612734	0.000120498260306367	8.03321735375779e-05	3.17981520252912e-05	2.34302172817936e-05	2.1756630333094e-05	3.34717389739908e-06	
5.52987051724398e-05	0.000154166087147408	0.000134057467084703	0.000291574990909228	0.000678665927116307	0.00119646289373097	0.00257390336802629	0.00464509123448494	0.00873887113558405	0.0136788887976553	0.0215731978906058	0.0303422319562839	0.0408573645307402	0.0551495662403081	0.0675063132688405	0.0794022377542693	0.0857297502006673	0.0877540179536463	0.0873116283122668	0.0819677625306028	0.0740399390708812	0.0636705939918795	0.0530934598388964	0.0423755653454745	0.032468718527915	0.022848419546249	0.0156729936205403	0.0102671262603497	0.00664925036740125	0.00418929584639695	0.00234097851896662	0.00131208745909153	0.000678665927116307	0.000331792231034639	0.00015081465047029	7.20558885580276e-05	2.68114934169405e-05	3.01629300940581e-05	2.01086200627054e-05	2.01086200627054e-05	
