# lnPI (bias) matrix in single row (vectorized) notation.
# species_total_upper_bound: 100
# species_total_lower_bound: 0
# volume: 512
0
7.49149543913395
14.2911502837158
20.6844551798737
26.7906624910918
32.6730781422072
38.3742893129772
43.9187839389863
49.331670369086
54.6247885714867
59.8126546884567
64.906030573577
69.9125112652984
74.8411178624203
79.6926880158282
84.4771695766598
89.1955244858708
93.8520987020179
98.4535745940995
103.001814217172
107.497941996126
111.945747860277
116.346736332571
120.704663133885
125.017646681928
129.289100710244
133.523448092391
137.718654812829
141.876647193903
146.001531810847
150.09168849387
154.149508993751
158.175776101711
162.170450294565
166.134232293667
170.073022602104
173.982591137798
177.861214274207
181.713216869701
185.538880959164
189.340170708589
193.119371053684
196.873289231123
200.603617129952
204.308998126085
207.992658077946
211.655960510086
215.299367714182
218.920357152835
222.518577111647
226.098408695441
229.659262921334
233.19558432318
236.714631321041
240.215819377958
243.701964198042
247.16817612291
250.616794392088
254.047381740419
257.460917853398
260.85921648797
264.240478214396
267.601575333067
270.947466701223
274.27881502359
277.595946523556
280.897817263454
284.183755691125
287.454936939582
290.712527455921
293.956136265615
297.185046730922
300.400852961866
303.603718285645
306.791043305867
309.964812793734
313.124716967721
316.272043935211
319.406966126993
322.530215769833
325.641425134228
328.739717576475
331.824571062271
334.89665650679
337.956667315804
341.004982992657
344.04058493857
347.065405157581
350.079546583381
353.08379528263
356.074403809617
359.05424857307
362.021735484551
364.978652282905
367.926518284691
370.863028121039
373.790023430926
376.704444600279
379.609433586409
382.505077616865
385.390795448519
