# lnPI (bias) matrix in single row (vectorized) notation.
# species_total_upper_bound: 100
# species_total_lower_bound: 0
# volume: 512
0
7.49139836380919
14.291148615988
20.6843632761286
26.7904586634599
32.6730048410794
38.3743147145699
43.9186576390585
49.3313687347057
54.6246025571439
59.8125216366232
64.9056679785532
69.9122010944116
74.8409917911593
79.6925890270709
84.4770000148785
89.1954214511813
93.8519693604016
98.4535984450623
103.00217418489
107.498153596152
111.946102309908
116.347305459949
120.705411461249
125.018463605211
129.290091591011
133.524690455359
137.719955347256
141.877965466663
146.002899105668
150.09314232164
154.151033230154
158.177179482392
162.171786531991
166.135587860841
170.073964403076
173.983203270079
177.861814830977
181.713969284629
185.539640190587
189.340853424895
193.120143730926
196.874155109065
200.604283251438
204.309487148124
207.993090576929
211.656456427291
215.29968040502
218.920470081347
222.518710873794
226.098238448619
229.658851243649
233.194926115956
236.713975375789
240.215259698672
243.701420531606
247.167500927306
250.616288848152
254.046911349252
257.460338678336
260.858521396891
264.239975686524
267.601158170677
270.947117956586
274.27834447274
277.595579800713
280.89763445285
284.183677060245
287.454711209752
290.712385522801
293.955972600341
297.184821264335
300.400340256776
303.602998786941
306.790465981461
309.964504988112
313.124534061092
316.27195220647
319.406876761989
322.530039436386
325.641000041827
328.739078672243
331.823791642351
334.895826652457
337.955970842005
341.004467182899
344.040081960786
347.064633455829
350.078858211314
353.083266536676
356.073862069622
359.053584905664
362.02110240498
364.978059087825
367.925963258184
370.862349855416
373.789337725795
376.703759647696
379.608650260942
382.504252191016
385.3901573512
