# lnPI (bias) matrix in single row (vectorized) notation.
# species_total_upper_bound: 100
# species_total_lower_bound: 0
# volume: 512
0
7.49159726563072
14.2899056627134
20.6827601288202
26.7885201105488
32.6705340253949
38.3713927115173
43.9163742420859
49.3299072734092
54.6231725155134
59.8110770943128
64.9046350947861
69.9113450724312
74.8397924718619
79.691001663762
84.4754666103686
89.1946414583426
93.8517367687368
98.4523310474342
102.999437402788
107.494721877422
111.94320364582
116.345064108144
120.703170707223
125.015178275814
129.284802812645
133.518207368374
137.713784737823
141.872078629751
145.997133094932
150.087683169282
154.145497032162
158.171184004117
162.165902240299
166.129530135351
170.067082693923
173.976151295454
177.853485016144
181.704740237568
185.530835263251
189.331990797903
193.110954030306
196.864203564296
200.594056319431
204.299797346932
207.983599716334
211.646011122145
215.288640700548
218.909276888691
222.506997882357
226.086765457661
229.648501749159
233.184993945834
236.703537934646
240.204346765024
243.68990085755
247.155282167147
250.603692926759
254.034761163468
257.448359217934
260.846802549061
264.228851960849
267.590511860128
270.935947498177
274.268097034384
277.585954376088
280.88810429421
284.174784251146
287.446811200044
290.704415309011
293.947340467525
297.175575078566
300.391519506588
303.595306733958
306.783153979749
309.956975283353
313.116225157579
316.262664593731
319.397306780237
322.521053010162
325.632129054519
328.730099104683
331.814498104117
334.886424860341
337.945879526999
340.994527878431
344.031888774886
347.056429050421
350.070070715205
353.075179418287
356.065888851586
359.045663313417
362.01297788979
364.969345911514
367.916763972175
370.852672412999
373.779415881477
376.693945602826
379.598932233768
382.494669340626
385.380511452863
