# lnPI (bias) matrix in single row (vectorized) notation.
# species_total_upper_bound: 100
# species_total_lower_bound: 0
# volume: 512
0
7.4914385345142
14.2904822996509
20.6842077260103
26.7914188899312
32.6729186577375
38.3731225787243
43.9182353492723
49.3324620234983
54.625349966987
59.8127122096404
64.9051311925009
69.9106968056441
74.8394372262891
79.6905955426168
84.4740396962012
89.1932818107269
93.8516876956543
98.4527046013163
102.999204152818
107.494703432148
111.942682533783
116.344191691502
120.700808462689
125.012952143085
129.283579770398
133.518099523486
137.714127145994
141.871581783562
145.99645300496
150.086505748674
154.144980359896
158.169662683589
162.163832999043
166.128717752327
170.066327526936
173.974803487149
177.851357902117
181.70255468291
185.529587497718
189.331321881505
193.11161822178
196.864807478997
200.594238847286
204.298483178952
207.981642967701
211.644027652386
215.286078489064
218.90704157916
222.505271403766
226.084178101952
229.644961755868
233.180462109501
236.698971295055
240.20103567462
243.687158309437
247.153169650408
250.601160857116
254.032739637635
257.445487809227
260.843178975911
264.224171127047
267.586301445329
270.932266177063
274.264173188682
277.582003608485
280.884772470308
284.173531391253
287.446340153231
290.703002648366
293.945371075131
297.17335316327
300.388419142327
303.591983772142
306.779373727319
309.952935851274
313.112143465245
316.25877986977
319.393535671979
322.5184604898
325.629890569804
328.727751991943
331.811590436223
334.883627344078
337.943408911506
340.991601379816
344.027845773022
347.051668034156
350.066724434737
353.072323817847
356.063664618934
359.043013375232
362.009902015751
364.965668709227
367.913075688163
370.849982463079
373.77717451721
376.691180869217
379.595229263907
382.490521413086
385.376142830138
