# <P(U)> as a function of N_tot.
# number_of_species: 1
# species_total_upper_bound: 369
# species_total_lower_bound: 342
# volume: 729
# Bin widths for each
10	10	10	10	10	10	10	10	10	10	10	10	10	10	10	10	10	10	10	10	10	10	10	10	10	10	10	10	
# Bin lower bound for each
-1450	-1480	-1480	-1490	-1500	-1500	-1510	-1520	-1520	-1540	-1540	-1540	-1550	-1550	-1560	-1560	-1560	-1570	-1570	-1570	-1580	-1580	-1590	-1590	-1600	-1610	-1610	-1610	
# Bin upper bound for each
-1240	-1250	-1250	-1250	-1260	-1260	-1270	-1290	-1290	-1300	-1310	-1310	-1320	-1330	-1340	-1340	-1350	-1360	-1360	-1370	-1380	-1380	-1390	-1390	-1410	-1410	-1420	-1430	
# Normalized histogram for each
0.000100566324306283	0.000434065999776036	0.00102061229127052	0.00260385239690321	0.00610736569503289	0.0147174738609097	0.0278832365178611	0.0477809632840504	0.0715186928334807	0.100808498887247	0.129149991682893	0.143599741680447	0.143920466714721	0.124042037810764	0.0875481495252726	0.0541701864880174	0.0279120474107705	0.0116703142344293	0.00370410234498924	0.00118776983032015	9.13250945051648e-05	2.8539092032864e-05	
2.20069877687913e-06	0	1.59550661323737e-05	0.000234099332390517	0.000729256557188321	0.0020579284437291	0.00379538012807517	0.0110073451072552	0.0230768024617017	0.0406620362130485	0.0617276750800298	0.087762216697857	0.116881587826175	0.142039976243457	0.148271805004884	0.131957474797185	0.102730544516147	0.0647698660517181	0.0371213869683971	0.0165685109164287	0.00624888417694829	0.00185904029176864	0.000417032418218595	6.29950024881651e-05	
2.62626385492408e-05	0	9.78628846992762e-05	0.000511153880816276	0.00110496596085595	0.00297873610913757	0.00684708454302733	0.0178420072838737	0.0335683516959859	0.0541787175317764	0.0780379099805214	0.108691108797542	0.132661433674674	0.145447191915752	0.139773079744981	0.11346593293462	0.0809226534885354	0.0472531215219282	0.0230688252528263	0.00961765468555881	0.00310203228590559	0.000728442658707889	7.27060414573719e-05	2.76448826834114e-06	
1.41599642835724e-05	2.60987576991335e-05	1.11058543400568e-05	0.00027570283399191	0.0010950372379296	0.0023255658988079	0.00561484230797423	0.0128050500540855	0.0257641938371393	0.0449889829924947	0.0698591555552594	0.0971909407324977	0.124787322889388	0.14223961769207	0.14160602870197	0.126187771121669	0.0937753352302133	0.0595312663117236	0.0309170326045672	0.0139897670658111	0.00501484852725266	0.00168448045702812	0.000274314602199403	1.3882317925071e-05	7.49645167953835e-06	
8.29681352579728e-07	2.68263637334112e-05	1.93592315601937e-06	7.77134866916346e-05	0.000628345344353714	0.002027464665254	0.00447004656724872	0.00992188273505011	0.0204303501863741	0.036768711941825	0.0595086184533302	0.0874639019471515	0.115417249517817	0.138344940575456	0.144246740596806	0.129410378649976	0.106394188248061	0.0727168690259486	0.0415479530931351	0.0197995157979626	0.00780702496732438	0.00227885811508565	0.000544270967292302	0.000111177301245684	5.42058483685422e-05	
3.89351243490534e-06	4.92251214984461e-05	2.5864046889014e-05	0.000307309374326457	0.00129848639704093	0.00347495984815301	0.00658949168804622	0.0161786565991559	0.0292856099952026	0.0503695360462772	0.0786417203762802	0.106438618081194	0.130083362882312	0.14272587586648	0.135385770602591	0.121160544813633	0.0841121053473222	0.0523527244157993	0.0260545508902933	0.0104757733141439	0.00378060057429308	0.000978940269347628	0.000196900485993784	1.30710774600394e-05	1.64083738328154e-05	
1.231335472872e-05	1.90297300352946e-05	1.17536567865055e-05	9.71075929742237e-05	0.000906990515358671	0.00245315608072635	0.00563196054353387	0.0115655982779214	0.0244618784134578	0.0421326618450555	0.0662595610400979	0.0981477915998294	0.12243336516149	0.140318512904955	0.139487921158709	0.126095188948428	0.0991370577126936	0.0635483842080106	0.0353233766800733	0.014243752931418	0.00580518705664927	0.00160661294312685	0.000236472380585646	4.58952312615927e-05	1.847003209308e-05	
1.45130346588013e-05	5.13538149465278e-05	6.41922686831598e-06	5.07956213058047e-05	0.000324589602080499	0.00152554322009631	0.00409825771018921	0.00895482148130079	0.0192127460168697	0.0342030362384894	0.0569005851543936	0.0874418711097392	0.117520135440105	0.13695336794506	0.143363384618304	0.130609497218242	0.108785242253249	0.0753444194311672	0.0437233078778427	0.0199311412324804	0.00765646307297879	0.00261764907817111	0.000636061653604005	7.47979478568992e-05	
2.43396744246814e-05	2.15420106977066e-05	7.44178551375318e-05	0.000188003002452712	0.00103681417721689	0.00258504128372479	0.00676782832192493	0.0141402317752491	0.0291060541163285	0.0472301590387899	0.0763913271305398	0.107448471930061	0.131510897879399	0.143165125666858	0.139637271707143	0.11709789389077	0.0866735806262906	0.0531128065575	0.0279341127810988	0.0110448966277241	0.00350351428529064	0.0011025592748008	0.000202550853832981	5.59532745394976e-07	
1.03635070107724e-05	6.10606629283349e-05	5.51786724627614e-05	6.97436012346578e-05	0.000228837438589219	0.000531899994958294	0.00228697391197181	0.00482743360353143	0.0104466951616427	0.0220566239615486	0.0405173910851432	0.0656858680977643	0.0961254488518915	0.125185842889234	0.140814291556263	0.142551999596664	0.128338029589213	0.0992776355518707	0.0639644055548398	0.0343424214754273	0.0156603794724135	0.00522740895519044	0.00146489572071189	0.000252925590019663	1.6245497476346e-05	
1.11496797115132e-05	8.36225978363489e-07	0.00011428421704301	0.000109545603165617	0.000491143391292156	0.0015071579550038	0.00423130345051925	0.00830177277119993	0.0171799839834851	0.0319619506030165	0.0538808272058875	0.0860869557945861	0.116018270980143	0.139394968205295	0.145127576028969	0.134498865101976	0.110925376029917	0.0756330160970713	0.0427944219267371	0.0212911496351128	0.00753439606505504	0.00225307152770403	0.000563337567424204	8.86399537065298e-05	
1.20751851575194e-05	4.88623771490319e-05	0.000124683307207875	0.000401850929311866	0.000994658275068225	0.00256724052814052	0.00612717360353292	0.0132167113822942	0.0271346259585029	0.0460555986455574	0.0747268621199195	0.106894032106513	0.133819729279965	0.143290044262574	0.140560209962196	0.120720119111873	0.087797828825545	0.0538042168793116	0.0264084299394949	0.011316414220412	0.00307945303342692	0.000789099309130918	9.96904821144042e-05	1.03902756006562e-05	
2.81234145425052e-06	5.84967022484107e-05	0.000147366692202727	0.000224424848049191	0.000767769217010391	0.0017669941357056	0.00481500980382231	0.0094143130181036	0.0203076364069976	0.0379567664372921	0.0646093263992242	0.0965198399440232	0.124527948486904	0.146687792975671	0.144962140259343	0.127313853931485	0.100664106311007	0.0643092495660557	0.0341744484154706	0.0144720278894277	0.00470504725296111	0.00133895576636867	0.000238205321175019	1.54678779983778e-05	
4.51504851560725e-06	9.25584945699487e-05	0.000193582705106661	0.000621947933024899	0.00147331676874909	0.00367637825383321	0.00754521045064417	0.0149270325831298	0.0288288669626845	0.0542519763919401	0.083590761646356	0.116475835319249	0.139347377956122	0.151613636010898	0.137423685097941	0.111759020573101	0.0759586365117864	0.0437234476346084	0.0186194956972999	0.00719416542855571	0.00211473584849755	0.000527131914197147	3.66847691893089e-05	
5.64844422076605e-06	9.88477738634059e-06	6.38274196946564e-05	0.00049423886931703	0.000968143339439302	0.00225316439966358	0.00567329737533742	0.011259326287464	0.0232650944787023	0.0437745954443038	0.0723096883809808	0.104828064182142	0.13419856201907	0.150908919401785	0.145528493859294	0.121889472373177	0.089439725169298	0.0535062999922616	0.0257357239808653	0.00970205021579881	0.003214812028249	0.000869577987786934	0.000101389573762751	
4.23301446505703e-06	2.20116752182966e-05	0.00021475493386056	0.00086494595569332	0.00182471143540392	0.00440600365619569	0.00869517611315581	0.0186275212539656	0.0347327302886859	0.0611842732788987	0.0921927974412274	0.127450139322616	0.147082296009622	0.153918896571653	0.129813290197975	0.101957515209221	0.0650577637153902	0.033597718010122	0.0124157136269766	0.00451380442457248	0.00116436117885502	0.00025313426501041	6.20842121541698e-06	
1.15987029821114e-05	5.71448293265001e-05	0.000614731258051904	0.00121814670831638	0.0035845650118618	0.00693149806018765	0.0133356794774813	0.0275149524255151	0.0520281039402209	0.0803515708321475	0.116411655508337	0.142270822359357	0.152423365106236	0.139768614362363	0.113289341244592	0.0796163262211595	0.0434255439650251	0.0188394054900905	0.00614533231415625	0.00174829230315728	0.000350790041410199	6.25198380255273e-05	
2.24894847602818e-06	2.95174487478698e-05	0.000315415023762952	0.000894800374899711	0.00245247831310873	0.00626219703150046	0.0102748833498537	0.0209115662857885	0.0406964093850869	0.0713878092374434	0.104667186548589	0.134823617782211	0.15085384140078	0.148557946125315	0.123264303733985	0.0906635466254809	0.0550461062549442	0.0259787283208395	0.00990015231003554	0.00235577352863952	0.000535811974413713	0.000125659996098074	
3.17931386467827e-05	8.10303002679064e-05	0.000531761345508136	0.0016138534803358	0.00447242240645361	0.0096670836350868	0.0166340013268712	0.0310326355161433	0.0588921469822122	0.0934985563664213	0.12706985993575	0.148211734425442	0.151250089330279	0.136359083524796	0.102891881382895	0.0656885634171828	0.0340147193791278	0.0132824980741236	0.00382333593868257	0.000754031960826351	0.000192728318345541	6.18981460379841e-06	
0.000123982739811445	0.000265037595037108	0.00117321816092456	0.00308725418252834	0.00685935207683683	0.0141715350182672	0.0268158153838231	0.0475060997828763	0.0815067569193843	0.115951848798151	0.144181851053909	0.149701182006102	0.147101742531229	0.114914367948307	0.0775272748034048	0.0429999009257565	0.0180435467683605	0.00636090228089059	0.00155300276120477	0.000148051623838047	7.27663935687942e-06	
1.11199267419226e-05	0.000208498626411049	0.00054904638288243	0.00232406468906183	0.00538121054858491	0.0115672257951165	0.022348272769579	0.0397095363935742	0.0692690816552901	0.102911586018471	0.137275495629035	0.150812616446483	0.151448954254289	0.127583645478944	0.0895273641937247	0.0527748943189962	0.023860860804649	0.00905884832030727	0.00295762251518287	0.000354447664898784	6.56075677773435e-05	
0.000101281403461389	0.000330409824406826	0.00154080561331424	0.00413316678169209	0.0086996851421288	0.0177051515706643	0.0313263934356368	0.0564436280437691	0.0929110212430826	0.127352509648022	0.152334148934581	0.152792129051325	0.13661616063784	0.103230378665155	0.0640023754086539	0.0319750371780234	0.0129593153155746	0.00439854619677261	0.00108310222171551	5.31312280453187e-05	1.16224561349135e-05	
1.7039998372955e-05	0.000162154823226507	0.000950392167317393	0.00265054426304481	0.00668132839429897	0.0144202360424549	0.0253340801616491	0.0463666600888608	0.0814215096449139	0.115993467634172	0.147478162692408	0.157922582340295	0.144433499757317	0.115041426434754	0.0762111178843578	0.039448970426808	0.0173211583461088	0.00594943298031221	0.00198158690756461	0.000197609013389591	1.7039998372955e-05	
0.000109134562916076	0.000255374877223617	0.00180372148859544	0.00523245661901124	0.0111963876459675	0.0210493288224381	0.0371062970642803	0.0679610935283204	0.106304430863254	0.138275946742333	0.15897604496344	0.152856597184328	0.125502837498636	0.0882342027720179	0.0500974025974026	0.0228385899814471	0.00884290079668231	0.00277501909854851	0.000530666812179417	3.92884426497872e-05	1.22776383280585e-05	
4.0373410399263e-05	0.000235693422871373	0.000923678159539896	0.00325033233045418	0.00852942853347133	0.016988203598744	0.0298861442547409	0.0552826561557584	0.0944260415044115	0.126474891148648	0.156853427334272	0.161522012101657	0.136946335280987	0.101356628427409	0.0604237189421403	0.0284888969029502	0.0125520387344682	0.00423457060559297	0.00142179875000648	0.000163130401478103	
2.18604141510112e-05	0.000119959022653674	0.000758556371040088	0.00232212249319116	0.00625972959214206	0.0134444279580488	0.0253209177111163	0.0459593347110859	0.0780976958303719	0.116480484251894	0.150740671819713	0.162560051240811	0.148509270045248	0.113983751700672	0.0722563199140449	0.0385112183546595	0.0159370616816178	0.00635946773170604	0.00192371644528899	0.000432016434659359	1.3662758844382e-06	
0.000108467475096306	0.000349780216409047	0.00147499331665052	0.0045580991239334	0.00932025953308587	0.0198555739134627	0.0370443818230424	0.0660142366300142	0.102822509959286	0.140046301368662	0.162287611918713	0.157744029906345	0.129982930068061	0.0864187217053278	0.0488774711958594	0.0209821565525311	0.00859604740138225	0.00285740580859764	0.000623961889569154	3.50601939705231e-05	
0.000183004707864395	0.000584795641101	0.00376771185116637	0.00694953549581165	0.0152352785003884	0.0305593279411588	0.0553124900986259	0.0898558578441281	0.129277530190314	0.159778679022853	0.164267210909921	0.140318723184347	0.102012286990714	0.0577557395192931	0.0296481283808071	0.00936164680200639	0.00412580016759954	0.000750046160888999	0.000256206591010153	
