# <P(U)> as a function of N_tot.
# number_of_species: 1
# species_total_upper_bound: 369
# species_total_lower_bound: 342
# volume: 729
# Bin widths for each
10	10	10	10	10	10	10	10	10	10	10	10	10	10	10	10	10	10	10	10	10	10	10	10	10	10	10	10	
# Bin lower bound for each
-1460	-1480	-1480	-1490	-1500	-1500	-1510	-1520	-1520	-1540	-1540	-1540	-1550	-1550	-1560	-1560	-1560	-1570	-1570	-1570	-1580	-1590	-1590	-1590	-1600	-1610	-1610	-1610	
# Bin upper bound for each
-1240	-1250	-1250	-1250	-1260	-1260	-1270	-1280	-1280	-1290	-1290	-1300	-1320	-1330	-1330	-1340	-1340	-1360	-1360	-1370	-1380	-1380	-1390	-1390	-1410	-1410	-1420	-1430	
# Normalized histogram for each
6.25930582733548e-07	0.000138174176138431	0.000470543315569945	0.00115703268218296	0.00289414653191424	0.0067847745515403	0.0145552332882403	0.0269852757654544	0.0470571482446168	0.0717386865003204	0.0999900633519991	0.129079717736604	0.142663037312504	0.144079831186522	0.124032370000086	0.0881133435099214	0.0553142680093921	0.0287165997572954	0.0113011766712542	0.00321963043493569	0.00141429015168645	0.000237697138793065	5.63337524460194e-05	
1.26375638315451e-06	4.7390864368294e-06	6.08182759393106e-05	0.000266020718654024	0.000934231906246969	0.00209988920015911	0.00463877577391651	0.0113036689691255	0.0226220291062051	0.0395865368241233	0.0621133102929482	0.0880722881288728	0.117694579780467	0.140620858235916	0.146701264103916	0.132590792207805	0.102102195555558	0.0662737542758407	0.0377937404250708	0.0165188756233083	0.00555057600436249	0.00180622381062358	0.000548944178932739	9.46237591886937e-05	
1.5076309135434e-05	4.90376791878853e-05	0.000203768220314708	0.000574804123037283	0.00120118509311684	0.00324473912192719	0.00766320858454564	0.017561678370908	0.0323604247202591	0.052695985274096	0.0786377110544418	0.108706378088124	0.13379573695935	0.145847738482216	0.139409360991431	0.113958805492918	0.0813535097727016	0.0476405020760078	0.0227115868735813	0.00886042622789	0.00256694000279626	0.000786189846915157	0.00015076309135434	4.44354374518054e-06	
8.12372011586018e-06	3.66363848362322e-05	7.64585422669193e-05	0.000389938565561289	0.00118956748676949	0.00238805513680345	0.00598383666416477	0.013326723917124	0.0256582124757403	0.0440965085206674	0.0687621935446053	0.0977799625098281	0.12655099338761	0.142406265012953	0.14241375157855	0.125167412349839	0.0940819176821848	0.059427401976963	0.0307752004169539	0.0132638049083836	0.00440002981883148	0.00144650004651228	0.000324470938745239	4.17336209873601e-05	4.30079300251421e-06	
4.77940420903011e-07	1.54534069425307e-05	3.79166067249722e-05	0.000162659056580658	0.000673099426105074	0.00214706768416996	0.00466836271790698	0.0102679126892067	0.0209646972494369	0.0364372218088038	0.058162481581371	0.0873265653783464	0.11622666674951	0.138466668355389	0.144584942996843	0.132117389177167	0.105567639482531	0.0723372385845125	0.0412156701369921	0.0186369680861656	0.00727393457919656	0.00200209242316271	0.00054548933372397	0.000124264509434783	3.71200393568005e-05	
2.22632749945415e-06	2.81471405288132e-05	6.12240062349892e-05	0.000343808575272848	0.00121796016559424	0.00350996432628229	0.00692515071044496	0.0163813177409837	0.0295661062629296	0.0500979345564671	0.0769170707318559	0.107774924014647	0.131858539786778	0.143051560313677	0.138155230048806	0.120276070970868	0.0830816125544516	0.0515708092207488	0.0247497647646462	0.00998301153094524	0.00338099635470677	0.000826921642654399	0.000212455252805053	1.78106199956332e-05	9.38238017627107e-06	
6.97721400479081e-06	1.07829670983131e-05	7.92865227817137e-06	0.00018457902503583	0.000851695827721169	0.00236797128939866	0.00576983883587087	0.0120701045091514	0.024611963828854	0.0419958510948359	0.066310649036304	0.0970830171122516	0.12432079200259	0.141254014673081	0.14171118076344	0.127367455927001	0.0976155053992536	0.0622242216521345	0.0337218267234274	0.0134354184314525	0.0052429006054636	0.00143381747798451	0.000306997416210796	8.13479723740383e-05	1.31615627817645e-05	
8.21727615942211e-06	2.90765156410321e-05	3.63456445512901e-06	5.38863686608258e-05	0.000407545292599031	0.00135679871355381	0.00405222331838579	0.00899317665832139	0.0195917246340191	0.0348935570391953	0.0563768354352968	0.0862602243853675	0.117347602317335	0.138414486046512	0.143763142703588	0.133698875702794	0.108649457478045	0.0738540336791384	0.0428358704963598	0.0188731870436943	0.00743489665432021	0.00239881254038515	0.000522271109747886	0.00014601467637127	3.44493500529619e-05	
1.37164306126767e-05	2.4752639151612e-05	4.2725893057878e-05	0.000235228902001306	0.000980330638501422	0.00241850627124667	0.00663370729263201	0.0149808647909947	0.028981714263732	0.0475849780174492	0.0752784514244434	0.106916738743619	0.133156743486036	0.143673304262909	0.140356608276715	0.118510433473893	0.0856785013711701	0.0531581056694895	0.0266089294278609	0.0102497998504751	0.00328879014460271	0.000965668247156836	0.000203223897238394	5.73882844024634e-05	7.88300609923948e-07	
5.82960566814135e-06	3.4347406369049e-05	3.10387112601039e-05	5.24664510132721e-05	0.000132505361267753	0.000542783554776944	0.00193306572817368	0.00483069485905983	0.0103403024430932	0.0220357518686643	0.0410624818711081	0.0658474442614859	0.0949957877160125	0.124629091339365	0.142348414103045	0.143499682444048	0.129320033219299	0.0987168092582961	0.0635798852134888	0.0343228274910969	0.0150348681319564	0.00513131344324398	0.00124785072680215	0.000259181116867365	4.03345689471401e-05	2.52091055919626e-05	
6.31038446332862e-06	4.73278834749647e-07	7.66711712294427e-05	0.000112167083835666	0.000336659011118582	0.0012097007016201	0.00369015507454299	0.00824073107066085	0.0169563185721872	0.0323841042677446	0.0552329020921764	0.0856073066679624	0.115213421935338	0.138994105785392	0.146728112983648	0.136088647018864	0.111274322193717	0.0745518286074338	0.0425826321181531	0.0205885758692791	0.00725946628661325	0.0022106854371156	0.000550896563648589	8.55057094781028e-05	1.59337207699048e-05	2.36639417374823e-06	
6.81673308225562e-06	2.83766330633431e-05	0.000109701844021416	0.000262523488005007	0.000682307422930888	0.00222701084510528	0.00593087483891505	0.0127550587689582	0.0263614165298168	0.047038945898443	0.0742741724921992	0.106099596909135	0.133203244701536	0.14578693397138	0.142944514804755	0.120626055107421	0.0870365235802687	0.0530188060983445	0.0267661402404912	0.010733659617055	0.00313522163180859	0.000822922358836951	0.000136651718997775	1.01458352852177e-05	2.37793014497289e-06	
1.59565165775442e-06	3.31895544812919e-05	0.000102121706096283	0.000194350371914488	0.000489386363433281	0.00150071038411803	0.00433602381478186	0.00922893005812002	0.0198784687871388	0.0385179140620313	0.0642355105255566	0.0948394710606233	0.123918467306374	0.146184030973513	0.148368478092979	0.128371292822504	0.0997504081676941	0.0643974691688187	0.0346620218310677	0.0146681874290733	0.00468435457166965	0.00130237088305916	0.000295355121850343	3.98912914438605e-05	
2.55740822021331e-06	6.2656501395226e-05	0.000146251782593449	0.000484469019716658	0.00110368148503581	0.00326501110714358	0.00731546621392017	0.014405560828434	0.0292506761947172	0.0545560706957141	0.0832706501922691	0.115862740064709	0.14038045283388	0.152787718814245	0.139156733000508	0.110764227101686	0.0752771511239649	0.0430841767718923	0.019290530205069	0.00693776898739741	0.00196856497750919	0.000545846817001778	8.10378729780092e-05	
3.19355820986372e-06	2.58678214998961e-05	7.76034644996884e-05	0.000389454423692881	0.000837350962626267	0.00190639457337815	0.00523072899193579	0.0114787659516237	0.0227935426891708	0.043305926749036	0.0720415635213897	0.103758706238472	0.136107534769466	0.151625832500746	0.146509113536902	0.123142646504882	0.0884371316929196	0.0528243269935348	0.0258125729428655	0.00974626062277259	0.00302094638862059	0.000781783049774639	0.000137642358845126	5.10969313578195e-06	
2.39349199951364e-06	8.01021989170566e-05	0.000243178787150586	0.000724270679052828	0.0015618333127493	0.00377980256563194	0.00853646899933206	0.0180995865003222	0.0347246223628106	0.0608615549974996	0.091622235476849	0.126051181794653	0.14837544124025	0.155082005822887	0.13274418325596	0.102395183400527	0.0636008268078763	0.0326169133080389	0.0128669342909854	0.00463491747399152	0.00112462210750481	0.000248125337282914	2.36157877285346e-05	
2.04532079338633e-05	8.42096920402027e-05	0.000513886849338315	0.00104135590707021	0.00291010799133998	0.0061300501247406	0.0130411571274556	0.0276405930343724	0.0512503061989039	0.0804763424295247	0.115053129604469	0.142965846178774	0.154576557076355	0.142249025156966	0.114775732971865	0.0782044384419961	0.0415458981970337	0.0191660939502127	0.0061108752423026	0.00180691308840723	0.000388930532117369	4.53805551032591e-05	2.71644167871622e-06	
1.2696737938218e-06	1.74580146650497e-05	0.000298690759996578	0.000734347580501683	0.00215320804509754	0.00524629211607167	0.00982124421366007	0.0216227034180095	0.0416857712895331	0.0706619491936857	0.103069420525642	0.133877896423504	0.154420742279868	0.149687239667276	0.125976398986102	0.0904309288727154	0.0524507005504512	0.0252176260559917	0.00936527261245382	0.00254363273669775	0.000615474371555117	0.000101732612729972	
1.78956036994806e-05	8.3301659698467e-05	0.000468928164196123	0.00142214620549854	0.00386972633979475	0.00827600405422526	0.0163508805270493	0.0323224692765742	0.0589295895096921	0.0920391486126948	0.124446344862536	0.150368206005321	0.155557297605473	0.136377644748511	0.103279646522235	0.0646292601038895	0.0331038578487267	0.0133936716077537	0.00399800456100342	0.000860889395667047	0.000201602685924237	3.4840998352971e-06	
7.94739739325366e-05	0.000224201926461768	0.00109746764003061	0.00280023308152355	0.00613150398886669	0.0131685056807301	0.0270563851255057	0.0479433462745824	0.0794889839276133	0.113551086755244	0.144231990691907	0.155411593024997	0.148382333330595	0.116211647882579	0.0766468808598231	0.0410780905263863	0.0183036619963989	0.00634780591791966	0.00157146748455867	0.000237315922160378	3.60239881841319e-05	
6.27937570446746e-06	0.000158554236537803	0.000504547837853961	0.00201442372599316	0.00478519825558943	0.0102367952578155	0.0215049779750897	0.0396442105725849	0.0686233724643096	0.102223055983774	0.136276424397886	0.153434975494736	0.153843605868705	0.129160792833976	0.0902175175744028	0.0517326367412552	0.0234252110655159	0.00889740442005256	0.0028329403490705	0.000407060530042103	7.00150391048122e-05	
1.87412765214442e-06	5.80979572164769e-05	0.000305795161908231	0.00135967961163077	0.00390349554480813	0.00792631055013612	0.0165741602463478	0.0313511882515935	0.0551533903203493	0.0932615896444452	0.125518606261242	0.153108576492286	0.156055642225283	0.138359816579127	0.104113257282274	0.0634017384720456	0.0314937781304608	0.0128532359703194	0.00412448643045682	0.00100640654920155	6.23147444338018e-05	6.55944678250546e-06	
2.94038028918407e-05	0.000150752830699437	0.000815372121461042	0.00263249602504146	0.00666112817257699	0.0131105178491974	0.0250251254717832	0.045984591784982	0.0789602566376362	0.115667404095374	0.145141060466042	0.159044703114936	0.148525609312138	0.117816215341629	0.0765287643868607	0.0387867275278714	0.0172135151701842	0.00584124435649233	0.00184217158752532	0.000213294252723352	9.64569195393715e-06	
0.000105401088177501	0.000372993309114231	0.001644442160497	0.00501573377444383	0.0108441207411903	0.0205638603279718	0.0364669246601355	0.0651695082522262	0.104839669204163	0.137251506903771	0.159913666786574	0.156798393335565	0.128819728491118	0.0879205569004611	0.0498843442964354	0.0225641661917445	0.00887761112677467	0.00239814481739146	0.000501388192516399	4.08950049297771e-05	6.94443479939611e-06	
2.63959074303245e-05	0.000231697409666181	0.00102480952882997	0.00317970349214768	0.00791367828204938	0.0164119255783598	0.0300465694813606	0.0536195040749261	0.0917171340465991	0.126405061098808	0.156129940105988	0.163260385438906	0.141924619771584	0.102436959703946	0.0599392400170601	0.0285186940910369	0.0119224602467601	0.00402066784115591	0.00114953405048904	0.000121019832896926	
1.28360294665748e-05	0.000135783540622322	0.000800473355650497	0.00226671908303117	0.00601607689493045	0.0123176394572741	0.0253183721935104	0.0443894643107346	0.0771728382193241	0.115270328327076	0.149724860481639	0.164806731151992	0.150894794974586	0.118279372005764	0.0715263771126481	0.0376222477155734	0.0155632991008284	0.00576198537187524	0.0018236440899982	0.00029538332868865	7.73254787143062e-07	
7.38447141844992e-05	0.000377445776493459	0.00152870969238247	0.00464321910828164	0.00896437597570819	0.0195596962375963	0.0367320052764841	0.0648983339794746	0.102451939269238	0.139400979745605	0.162451390087961	0.160943778885345	0.132144650625299	0.087378929962167	0.0471084287070396	0.0203482522926379	0.00792527535468345	0.00253600744280254	0.000512879464483097	1.98574021336468e-05	
0.000229893283971341	0.000795176702577423	0.0038600073832304	0.0073381502482739	0.014989847670913	0.0307542684010287	0.0538937090570363	0.0895669811278372	0.130506730342769	0.156991552041472	0.166486268601178	0.143388964719591	0.102493675998258	0.0565955748021469	0.0276195712304356	0.00991546464546474	0.00369099554171239	0.000733055943229372	0.00015011225887347	
