# <P(U)> as a function of N_tot.
# number_of_species: 1
# species_total_upper_bound: 369
# species_total_lower_bound: 342
# volume: 729
# Bin widths for each
10	10	10	10	10	10	10	10	10	10	10	10	10	10	10	10	10	10	10	10	10	10	10	10	10	10	10	10	
# Bin lower bound for each
-1450	-1480	-1480	-1490	-1500	-1500	-1510	-1520	-1520	-1530	-1530	-1530	-1530	-1540	-1540	-1550	-1550	-1550	-1570	-1570	-1580	-1580	-1590	-1590	-1600	-1600	-1600	-1600	
# Bin upper bound for each
-1240	-1250	-1250	-1250	-1260	-1260	-1270	-1290	-1300	-1300	-1310	-1310	-1320	-1330	-1340	-1340	-1350	-1360	-1360	-1370	-1380	-1380	-1390	-1390	-1410	-1410	-1420	-1430	
# Normalized histogram for each
0.00011579380565731	0.000470999128416895	0.0010327555639706	0.0025768816102224	0.00601877424432806	0.0146767083889483	0.0286689814995924	0.0494627323895617	0.0732674351828525	0.102254693169887	0.131349921056791	0.145112484293509	0.143525796199772	0.121685832627878	0.0848649672100108	0.0510650682948736	0.0269023435727396	0.0116717026540253	0.00384685799767474	0.00130440157291802	9.20091320628354e-05	3.28604043081555e-05	
2.53279574743594e-06	0	1.83627691689106e-05	0.000232384009827247	0.00073609376409857	0.00206897752618673	0.00357662419484798	0.0113877662799404	0.0227745827614755	0.0425623661377873	0.0635478453031677	0.0892161472060888	0.118835293875542	0.143713363505263	0.148275561845332	0.130070459211699	0.100582701321644	0.0618993118710554	0.0356202895935338	0.0162535835102333	0.00615596006414305	0.00199014425854779	0.000407146916400327	7.25012782703538e-05	
3.02773790370901e-05	0	0.00010995469229259	0.000478701298039046	0.00105237795347865	0.00291077160784994	0.00685033668445489	0.0177871634111579	0.0342210873339844	0.0559184945704692	0.0799542715963764	0.110493948348704	0.134705015463773	0.145654271851344	0.13825352428692	0.111138697167567	0.0784898025787403	0.0458233789809973	0.0225971234577659	0.00959888528251663	0.003143429362556	0.000730800317179449	5.44992822667622e-05	3.18709253022001e-06	
1.63147636134706e-05	3.00703486209066e-05	1.2795893030173e-05	0.000273512213519949	0.00100127862961104	0.00237843661698341	0.00544401268968712	0.0128627515712557	0.0257510949285717	0.046197972298811	0.0718399822393005	0.099923448569947	0.127387913575259	0.14313901810075	0.140557766579239	0.123072178753507	0.0918044544423022	0.0577328300708605	0.0296733560396455	0.0139011382906542	0.00507549097041813	0.00171273028208866	0.000190978703475333	1.18362010529101e-05	8.6372277953668e-06	
9.54051299338365e-07	3.08476586786072e-05	2.22611969845619e-06	6.16953173572143e-05	0.000576883018999932	0.00200096359181233	0.00463160104118798	0.00995329918889739	0.0203044377696189	0.0372496609142674	0.0616765543483273	0.0901072830686106	0.118140808431269	0.140081444179254	0.143050769839894	0.127709306929434	0.102995880088472	0.0711277045366729	0.04036050418431	0.0191707068089051	0.00794374913539101	0.00224106650214582	0.000442361785793222	7.69601381466281e-05	6.23313515567732e-05	
4.47005002624558e-06	5.65142039032477e-05	2.96939037457742e-05	0.000282571019516238	0.00127619928249311	0.00351601363492974	0.00674338975387905	0.0160663176621894	0.0292657368111174	0.051397912358922	0.0811109734619516	0.108411803997246	0.132371272137923	0.142754879059604	0.133623205434559	0.119378433158065	0.0818791834878906	0.0515901245100506	0.0252561019375751	0.0101492485845906	0.00374111258267996	0.000958506441342088	0.000104088307754004	1.34101500787367e-05	1.88380679677492e-05	
1.41633530321968e-05	2.1888818322486e-05	1.35195642580061e-05	0.000107512725289858	0.000875230838512346	0.0024190363190218	0.00567628562203998	0.0116203873741433	0.0243181552618949	0.0418012051082064	0.0673724952190636	0.100643499069242	0.124237391960173	0.141718832334549	0.138514373711014	0.125125176679782	0.0966935330451949	0.0626280938476648	0.0344909835772703	0.0142679687080028	0.00562671388642729	0.00157148839779966	0.000212772189870048	8.04735967738457e-06	2.12450295482953e-05	
1.66751485451093e-05	5.90043717750022e-05	7.37554647187528e-06	5.83630199078826e-05	0.000326768776297431	0.00157002937070875	0.0040661708375382	0.00907641162347643	0.0191385810667157	0.0343290000394431	0.0569190161790629	0.0886790813147585	0.119761237526909	0.138640712439308	0.14312793077761	0.13020918011822	0.106601979917349	0.0736711269482266	0.0433986774683148	0.0197170804508575	0.00750894766023615	0.00250191363363352	0.000580744115676788	3.39916489573382e-05	
2.66422884377604e-05	2.47163398759946e-05	8.53837195716177e-05	0.00021538524749081	0.00104161718048834	0.00274094579481971	0.00686054976843678	0.0142738467741004	0.0288465365667014	0.0472114190774193	0.0774680709827602	0.108278112108182	0.133791794688747	0.143522970788496	0.139271760329825	0.116141118103018	0.0847183043435276	0.0525533584049037	0.0273879515225907	0.0110058330562107	0.00333574290897839	0.00106890145178003	0.000129038553638309	
3.56898379456286e-05	6.20553038153723e-05	8.00609878239777e-05	0.00026269006848269	0.000528916967752785	0.00238414548078231	0.00488790014819321	0.0104815588035094	0.0220096979900191	0.0403632775360765	0.0657419676161343	0.097381812780113	0.127054536966152	0.141993788682077	0.142071277429328	0.127240381347526	0.0974544785762906	0.0632234225654306	0.0340481054001297	0.0159273136258978	0.00511329272837236	0.00139029602952161	0.000254330286621552	9.00284200430272e-06	
6.39948599328502e-07	0.000127349771266372	0.000125749899768051	0.00056379471600841	0.00157267368284979	0.00430781399637981	0.00843868220504529	0.0170543101978049	0.0320303873192905	0.0538737528601703	0.0863386652784048	0.117663509266936	0.141120185226723	0.145970675635333	0.132941642127304	0.109315699762995	0.0742644350805743	0.042337719434375	0.0214763550191649	0.00765250535077023	0.00216334624003	0.000565074613207067	9.50323670002825e-05	
4.52017239937531e-05	0.000142708300037421	0.000462026193107577	0.00112003414667378	0.00261395112466732	0.00622782895796789	0.0134223290704879	0.0271455724749913	0.0469216495917154	0.0748350056356864	0.107302435372028	0.135301028952673	0.144114719392541	0.140650330117876	0.118452086334001	0.0866720456718219	0.0533835589060795	0.0260148836362333	0.0113598389785444	0.00297104474421797	0.000734528014898488	9.52464898439798e-05	1.19461699126348e-05	
0.000104938476163371	0.000259259764638917	0.00088304265700323	0.00189506542247971	0.00499253734737625	0.00952665924624934	0.0203925023895433	0.0384282750388727	0.0652811538943871	0.0963757564179787	0.125031757696734	0.148204642374222	0.146087354296337	0.126307913530696	0.0988721875351284	0.0625586014787553	0.0337986363846063	0.0146186119920962	0.00472418074889035	0.00142040562782124	0.000218648899250616	1.78687807708527e-05	
2.67608998450479e-05	0.000189937118412413	0.000719280771444945	0.00164807980753039	0.00382550326809331	0.00775576566850686	0.0148447933079475	0.0290564628878536	0.0547051536271463	0.0843382812714169	0.117151060710691	0.140054801101244	0.153803702925293	0.13791849804776	0.109437720859012	0.0735415635936886	0.0426865724247856	0.0184477242139149	0.00718464890352108	0.0020645055173143	0.000556757257751849	4.24258168275149e-05	
3.97437634868181e-05	0.000557389994474965	0.00111673460026895	0.00245792373367248	0.00598078486765978	0.0116768480198484	0.0230442159141847	0.0438670160642989	0.0729011383656322	0.105741214673658	0.134905318627706	0.15110448570267	0.147429164885799	0.120949719578429	0.08672838460496	0.0524415701523033	0.0252434794166397	0.00949452448215831	0.00333326383604199	0.00089586352121926	9.12151948877793e-05	
3.57707291375352e-06	0.000196413821809739	0.0009423961185507	0.00202169657316415	0.00475978329441912	0.00926722035419526	0.0187646741286576	0.0347756524906183	0.0621174970895634	0.0935258232145528	0.129080627223476	0.146917538713685	0.153935105393576	0.129115422387273	0.100384372744005	0.0632888258745943	0.0328316759562166	0.0121077414361623	0.00457312512601052	0.00117718217707161	0.00020649466365759	7.15414582750704e-06	
5.77058689476895e-05	0.000514136470793821	0.00130962980543994	0.00370197820283059	0.0072986513453781	0.0138171323834578	0.0273731212582879	0.0521758861844651	0.0813349551834052	0.118097179943526	0.143283346575254	0.152400547847131	0.140022801968781	0.111299950216462	0.0782886069379408	0.0424369612285025	0.0184867434622022	0.00601184307003047	0.00173802252745838	0.000315263137132292	3.55363825723059e-05	
0.000186122945554499	0.000963688840048729	0.0025470309012728	0.00631942523677984	0.0104637412073932	0.0213811165625751	0.0406403018434278	0.0722873634517441	0.106273283607594	0.136417742899361	0.150913283244428	0.147617220976899	0.123379733286468	0.0893662513703869	0.0532833676450227	0.0252900226752223	0.00979091000177368	0.00224644558676231	0.000560314372679746	7.26333446066337e-05	
5.51501478997202e-06	5.12571962832693e-05	0.000477535398284636	0.00174047378518823	0.00460049557274077	0.00969831571448314	0.0167322304601404	0.0307530201194228	0.0591475603845458	0.0948384652168017	0.127873079396099	0.150080421892143	0.150594291505515	0.136326623831222	0.101743912559116	0.0649045870000071	0.0326978738644747	0.0131636914783938	0.00363828769820801	0.000703651004673488	0.000221573829502993	7.1370779634932e-06	
7.11398544866613e-05	0.000152627324171382	0.00114567502021019	0.00284591754244139	0.00659757477768795	0.0141856103476152	0.0267243330638642	0.0471666936135812	0.0822654810024252	0.11768116410671	0.145876475343573	0.15074696847211	0.146584316895715	0.114483751010509	0.0757348423605497	0.042101535974131	0.0175641067097817	0.00644009700889248	0.00148391269199677	0.000139369442198868	8.40743734842361e-06	
2.57622485805806e-06	0.000168742728202803	0.000451161378267418	0.00229734851717328	0.00508128150441227	0.0116451804146369	0.0221429746831163	0.0395324924750082	0.0696208666484828	0.104825301361953	0.13957471035987	0.1524088185465	0.15092008260665	0.126849447673492	0.0879075547471934	0.051313890779015	0.0229586718787989	0.00894561879149936	0.00290759178042578	0.000369688267131332	7.59986333127128e-05	
6.9034984040075e-05	0.000305038301572424	0.00150881576746192	0.00388458249728757	0.00846208357856807	0.0177888704688567	0.031695406091069	0.0569589993202462	0.0936560702782559	0.130204475200868	0.154574145659963	0.153858108383641	0.134575513515926	0.1014191345068	0.0617127804305407	0.0313300023150802	0.0126118888517491	0.00420310670271898	0.00112896280876699	3.94944327299034e-05	1.34859038589914e-05	
3.50525772726099e-06	0.000118860102933486	0.000846679071030224	0.00253971855329728	0.00631041988844995	0.0139353114246228	0.0252827866671468	0.046488958597489	0.0829904819506313	0.118582868913239	0.151067048251147	0.158389531643395	0.143189140839025	0.11308439417834	0.0738086186639678	0.038273271804376	0.0170221688431662	0.00590508463126123	0.0020273136055304	0.000114080206032676	1.97569071900165e-05	
7.29545217371169e-05	0.000253120471070519	0.00172775339087859	0.00484893814693612	0.0109622098749337	0.0201614578724114	0.0370853209475587	0.068906814554998	0.108799933008717	0.142665421999087	0.160797158199343	0.152712528416579	0.122860489702469	0.0859071212811829	0.0479936079151215	0.0221543850901258	0.00871743096043993	0.00285791409065836	0.000460247874089377	4.09179708873395e-05	1.42737107746533e-05	
1.57948439311471e-06	0.000185115570873044	0.000856080541068174	0.00307399252587985	0.00834252066755328	0.016313546605846	0.0289791160573542	0.0561051810247063	0.0958664893432188	0.129527828935522	0.160947248380239	0.163330690329449	0.134300398977758	0.0984925400952113	0.058111126203962	0.0275446283315275	0.0123304028632893	0.00412466554417976	0.0013975277910279	0.000169320726941897	
3.56540884511675e-05	0.000677427680572182	0.00207203892795413	0.00590343358337472	0.0125414044934248	0.0241901946839439	0.0456249278241351	0.0793931358622705	0.119239577174063	0.154510936339467	0.164450538944677	0.147737290579559	0.111875272532911	0.0698340538824778	0.037626422140621	0.0156209080623044	0.00629247332727109	0.00193636407809571	0.000436368179893492	1.5776145332375e-06	
0.000174919297876473	0.00148427896966196	0.00411947621810535	0.00873740905860145	0.0189115646689636	0.0356131887883068	0.066355889155669	0.106043873689254	0.144864233154749	0.165028435476802	0.156762548003781	0.127039576441793	0.0839843954240858	0.048367720925133	0.0203825345616133	0.00869019352348624	0.00276036594891659	0.000663235671114962	1.61610220864133e-05	
0.000474729688789364	0.00375568126227132	0.00640145772530548	0.0145297486260681	0.029283491644726	0.0547288771242895	0.0916656153821228	0.133227271568977	0.165003644627863	0.164166497045445	0.13864025965732	0.0994176460391531	0.0559913623735352	0.0286942479687138	0.00898777500266622	0.00404857280651446	0.000731442363442857	0.000251679092797542	
