# <P(U)> as a function of N_tot.
# number_of_species: 1
# species_total_upper_bound: 369
# species_total_lower_bound: 342
# volume: 729
# Bin widths for each
10	10	10	10	10	10	10	10	10	10	10	10	10	10	10	10	10	10	10	10	10	10	10	10	10	10	10	10	
# Bin lower bound for each
-1460	-1480	-1480	-1490	-1500	-1500	-1510	-1520	-1520	-1540	-1540	-1540	-1550	-1550	-1560	-1560	-1560	-1570	-1570	-1570	-1580	-1590	-1590	-1590	-1600	-1610	-1610	-1610	
# Bin upper bound for each
-1240	-1250	-1250	-1250	-1260	-1260	-1270	-1280	-1280	-1290	-1290	-1300	-1320	-1330	-1330	-1340	-1340	-1360	-1360	-1370	-1380	-1380	-1390	-1390	-1410	-1410	-1420	-1430	
# Normalized histogram for each
8.21987001508552e-07	0.000181453630583013	0.00057724037180938	0.00124880375204187	0.00273392876701744	0.00652102837971772	0.0151153134739904	0.0276245171596979	0.0482337862550211	0.0712872336993299	0.099555366681209	0.128959280202423	0.142924222867802	0.143584483926763	0.125280682873921	0.0879277440546194	0.0539480343927581	0.0281561372529236	0.0108422140466482	0.00356105318728542	0.00153875966682401	0.000162136936047562	3.5756434565622e-05	
1.66123512000555e-06	6.22963170002081e-06	7.76627418602594e-05	0.000313765783291048	0.00103391120781345	0.00230807854485771	0.00415557965269388	0.0113942040337281	0.0233202109602479	0.0404361240560551	0.0627483806072396	0.0867833379778699	0.116562846393479	0.140545682512219	0.147744644904763	0.132169527382761	0.103573856644546	0.065578917597339	0.037115522705554	0.0158226415548828	0.00551696183353843	0.00215358367869719	0.0005687653742119	6.79029855302268e-05	
1.9843963779544e-05	6.45451032408326e-05	0.000235829843232686	0.000672605930211913	0.00128150229250003	0.00317148317962965	0.00716617753036649	0.0179301701358789	0.0330748744085977	0.054058299476746	0.0786633523765758	0.107816641774677	0.132684261647885	0.145117862700659	0.139707562639038	0.115049244362748	0.0813353943204487	0.0470406383489822	0.0222083198429194	0.00872737527024345	0.00291685379176371	0.000888382925835796	0.000166271528089653	2.5066059511003e-06	
1.06662271902209e-05	4.81025932108e-05	9.34863441966417e-05	0.000430413638381854	0.00128663979753409	0.00242165185559936	0.005707058971897	0.0128808287533042	0.0259239514732674	0.0450229815367607	0.0701992513981646	0.0964787437777727	0.125782006994954	0.142097988328638	0.142411073467927	0.12603715988068	0.094608389468711	0.0586623672708283	0.0302467014692414	0.0130042223619754	0.00453461054781115	0.00168400904579722	0.000368716834046263	5.33311359511043e-05	5.64682615952869e-06	
6.25652894864662e-07	2.02294436006241e-05	4.96351296592632e-05	0.00017622556538688	0.000687383980491309	0.00217289250386497	0.00467988365358767	0.009897620245794	0.0209691738733191	0.0366342710549405	0.0598635117354756	0.0871989123650076	0.115321801438209	0.138360843638705	0.14432435848159	0.131639037487245	0.106169750892129	0.0723698960018903	0.0407427250645517	0.0184173442661311	0.00728301679815457	0.00215579132473867	0.00065630988671303	0.000160167141085353	4.85923748344887e-05	
2.92227682937139e-06	3.6945928485624e-05	8.01538787484723e-05	0.000356100305064828	0.00130625774272901	0.0034910771408026	0.006765279594054	0.0161199051929903	0.0296103874417241	0.0504986134840115	0.0784433031329939	0.106745971693574	0.13079651873336	0.143300523818122	0.137336365543434	0.121084957893122	0.0832266528345563	0.0512544395125225	0.0247038846452095	0.00988731491811885	0.00367726792164541	0.000968943502995856	0.000270519340776094	2.33782146349711e-05	1.2315309495208e-05	
9.21054146470636e-06	1.4234473172728e-05	1.04665243917118e-05	0.00020660919149239	0.000856161695242023	0.00248998615278823	0.00571179169104495	0.0116957130162744	0.0245502796131991	0.0417796440753715	0.0665130878654256	0.0974739043380604	0.123996495807634	0.140630524362406	0.141154059912479	0.128217435764323	0.0982764774284168	0.0618598804513584	0.033656574494964	0.0134260388287122	0.00543631276905509	0.00158211982705115	0.000328230204924081	0.000107386540258963	1.73744304902415e-05	
1.08432096901595e-05	3.83682804421027e-05	4.79603505526284e-06	6.65189209838628e-05	0.000396819770007182	0.00145570090090391	0.00400072732914229	0.00895628268080844	0.0192416926417145	0.0347207915209437	0.0564019978196808	0.0873551910198205	0.117098949292981	0.138368530670019	0.144033065116811	0.133576249033495	0.108718607865331	0.0738562290486251	0.0420522609343344	0.018974782864726	0.00738360022920877	0.00244201593618187	0.000616811812759455	0.000183708994942894	4.54580713933608e-05	
1.81278778006008e-05	3.2713526605682e-05	5.64672975168141e-05	0.000256915785380929	0.00105641770631088	0.00256436542634477	0.00660646544305575	0.014381032988987	0.0289097977637283	0.0474867051811142	0.0760241521674899	0.107247442198116	0.133283867147243	0.14477777513847	0.140489802756188	0.117982479718655	0.0851793555560278	0.0519782515474332	0.0265483812221857	0.010333098712754	0.0033615753167482	0.00109058979779707	0.000257332518203932	7.58453737864219e-05	1.0418320575058e-06	
7.70861598258603e-06	4.54183320055069e-05	4.1043171582958e-05	6.14605868881859e-05	0.000173756371066939	0.000596271863301654	0.00201715729576751	0.00486142825236925	0.010482467690482	0.0217541309848028	0.0408314971548957	0.0656834500598355	0.0957308017960659	0.124873745370664	0.142951074872745	0.143542554893679	0.129102233748571	0.0984534016247262	0.0633677401504722	0.0338572831003803	0.0146790798995963	0.00517164796042522	0.00132338185733477	0.000324803576131125	3.31262146278697e-05	3.3334555600372e-05	
8.31109423035527e-06	6.23332067276646e-07	0.000100979794898817	0.000103888677879441	0.000415139156806246	0.0013719538800759	0.00397768969864803	0.00853071489539241	0.0168636257481024	0.0316027280335702	0.0545461269885332	0.0863512301666125	0.116322490402764	0.139273784897246	0.147171402189641	0.135791644192083	0.111376766003635	0.0742814435705791	0.0417628329528237	0.0203405720193715	0.00685291274763944	0.00219973886541928	0.000618345410738432	0.000110953107975243	2.09855129316471e-05	3.11666033638323e-06	
9.00157841630835e-06	3.64249917311082e-05	0.00011283373875326	0.000315892600702542	0.00083442538528849	0.00241326037170239	0.00633355244152114	0.0132071995880208	0.0265592617868343	0.0462239425238751	0.0741405586002755	0.107052004002562	0.133763036588276	0.145710852554146	0.142292136807245	0.121537427725699	0.0866803853512918	0.0527278969382073	0.0255996516598492	0.0105331027812784	0.0029332585295189	0.00081746892362056	0.000149886747583181	1.33976981079938e-05	3.14008549406105e-06	
2.10095774259654e-06	4.3699921046008e-05	0.000116393058939848	0.000194758782738699	0.000598772956640014	0.00176963670658907	0.00480026825028458	0.00935556482778239	0.0203391618103028	0.0380162000649616	0.0651998620090955	0.0960816297717478	0.12376237831778	0.146138628755304	0.147722120605899	0.127436113026484	0.100611714856334	0.0641836287490015	0.0334930481409255	0.0141986926160159	0.0043460411863352	0.00125679292162125	0.000289301881155544	4.34898252717484e-05	
3.37397497058843e-06	7.88666649375045e-05	0.000160474684538612	0.000545740451492678	0.00133651583522434	0.00374911881263073	0.00769245205950595	0.0149604158930247	0.0290305241406855	0.0542708091487862	0.0839101248982272	0.116110076776909	0.139109620657668	0.15326618701395	0.138208769340521	0.111608983292709	0.0751740602056311	0.0432448698183389	0.0183021272279569	0.00674288897872097	0.00187065824775562	0.000531401057867677	9.19408179485346e-05	
4.21448082969641e-06	3.41372947205409e-05	8.55539608428372e-05	0.000435355869707639	0.000919178268956787	0.00226823358254261	0.00587709351701165	0.0117350111462482	0.023183016147994	0.0430355388203205	0.0722566416530205	0.104508588374397	0.135080432313015	0.150983354275791	0.14628715828726	0.123011845009096	0.0891358480999961	0.052593559893989	0.0251907948152614	0.00951187250858332	0.00295772264628094	0.000763453202299505	0.000140974383753345	4.21448082969641e-07	
3.16061419583545e-06	0.00010577522175396	0.000293515704986585	0.000817545538656103	0.00176657262785896	0.00444298072889242	0.00931348720467484	0.0185174064505607	0.0347473710537888	0.0608264416140793	0.0921036689884539	0.126705651789234	0.147646827912775	0.154692047662905	0.130960681327281	0.102594168919658	0.0638007902799735	0.0325050206356501	0.0124104677013675	0.00433762692236457	0.00110600426092935	0.000271602113228793	3.11847267322431e-05	
2.69558467442181e-05	0.00011098227526721	0.000615983216615921	0.00118668903440366	0.00335368640157557	0.00696450630998466	0.0139005826253563	0.0277626268135704	0.0515572687493709	0.0807944646168711	0.115591514467919	0.14136277810326	0.153762257013048	0.141477551044476	0.114650165757398	0.0779952684065262	0.0421477829026645	0.0187077788255927	0.0058831135519256	0.00176687151706242	0.000322206605614482	5.53858413572606e-05	3.58007339571646e-06	
1.67222157772016e-06	2.29930466936521e-05	0.000383983879783991	0.000818761489991231	0.00236682061556567	0.00603671989556976	0.0104831570707277	0.0219876234700479	0.0413853937716017	0.0710096351317031	0.104470370846489	0.134228598960505	0.15171313874945	0.14975643047582	0.124680631807118	0.0899623854658862	0.0531070399483284	0.0251633812738357	0.00931113877244304	0.00244855044517674	0.000545562289731201	0.000116010371954336	
2.36345158469429e-05	0.000105832433792505	0.000533554424119923	0.00157514636144537	0.00423852622688759	0.00925720063173179	0.0169235682764561	0.0320488217984695	0.0600333434912949	0.0934077897272681	0.125995185670037	0.147764666315147	0.154143894043746	0.136318867684987	0.10213645565506	0.0642938309939694	0.0330952243009674	0.0132447408496253	0.00390011342476056	0.000799181283638661	0.000155820480583827	4.60141016489153e-06	
9.22448908199467e-05	0.000251955570862608	0.00117627852876271	0.00299993711522116	0.00666412073544374	0.0139448038223951	0.0274400439443832	0.0478848850395445	0.0818701516772537	0.114838434010754	0.144596260979328	0.151790321324562	0.148617138725904	0.115050618082414	0.0760262400274527	0.0407959797052911	0.0178574031418235	0.00638238859711555	0.00155296251858953	0.000162417640721351	5.41392135737836e-06	
8.2621770547363e-06	0.000187757973568883	0.000546956121023543	0.00224875803987285	0.00515745747199277	0.0109533746758903	0.0220366720859663	0.0395436056016734	0.0698118846872735	0.103389165683295	0.137482626190812	0.151923672355933	0.153071495303262	0.12912522754552	0.0883480789095744	0.0509869273769096	0.0228525620701215	0.00898718309128941	0.00290498145244528	0.000384604341897975	4.87468446229442e-05	
2.46355933821406e-06	7.51385598155287e-05	0.000345514197184521	0.00149517522168441	0.0041190712134939	0.00840648564843243	0.017102028925882	0.0312902830444913	0.0561155704956743	0.0936335262505592	0.126181045743986	0.153567613720465	0.154916617754749	0.138426167434579	0.103183514025146	0.0624848978680152	0.0306604330403545	0.0127140191512997	0.00423013668032505	0.000997536235365174	4.41387714763352e-05	8.62245768374919e-06	
3.86211868474629e-05	0.000173284478553696	0.000927317174147018	0.00269530928316421	0.0067460383142608	0.0137536381055838	0.0257719792867832	0.0461743875323452	0.0799023313097058	0.115903203453756	0.146816091834235	0.158202189882598	0.146910294834958	0.116965388264513	0.0759184230622024	0.0382466226385137	0.0167505604669853	0.00598567092664488	0.00193146803218105	0.000174510547977425	1.26693840451995e-05	
0.000136634737179124	0.000305753215738129	0.00173381969615114	0.00526662959459682	0.0114696030344687	0.0212421336052222	0.037156933624144	0.0661314158180797	0.105304371641613	0.137342476694438	0.15987746320658	0.156336532372789	0.127219730786933	0.0870548027110118	0.0490855725289872	0.0225059541682832	0.00878238552881805	0.00253880741222132	0.000470608203241025	2.92353672418928e-05	9.13605226309151e-06	
3.4760188241665e-05	0.000222790446274064	0.00101333063382866	0.00331583737191836	0.00833512724363294	0.0174614045026844	0.03084428025168	0.0542429688371863	0.0924383174361373	0.126606769373875	0.157603506591528	0.162542909013073	0.139568254068924	0.101174508138254	0.0590236127381657	0.0281232283230079	0.0120804867076837	0.00405535529486092	0.00119099381817494	0.000121559020868513	
1.68684101421824e-05	0.000141044296851501	0.000749729698970011	0.00236462592776256	0.00638133988017332	0.0131553275723309	0.0263614636089455	0.0447728251944948	0.0768510539707831	0.116012592369788	0.150591004056548	0.165346798253815	0.14932404419117	0.115424636821097	0.0710615310825861	0.0378334051426295	0.0154516669240962	0.00599946346261716	0.00181914625521295	0.000340416710700669	1.01616928567364e-06	
9.42698393727452e-05	0.000351628536925985	0.00148266300283441	0.00452149097829493	0.00946159705324291	0.0203964912073523	0.0373723921307692	0.0649443858849342	0.10236930850935	0.140662409524878	0.163167246707835	0.159547325597234	0.130732517373239	0.0860875023643812	0.0473059492005694	0.0203573987469645	0.00800927142852198	0.00260168468143615	0.00050840559160636	2.60616402585559e-05	
0.000277332093702895	0.000622524201542617	0.00384973517324723	0.00707024141301616	0.0157924881402435	0.0309947566964526	0.0542140560844731	0.0892600962596332	0.130503340480307	0.15961508337131	0.166440500481826	0.141190276838382	0.101553527024235	0.0564963062006377	0.0281785661097743	0.00937341841976783	0.00371868813995904	0.000658485945561234	0.000190576925929169	
