# <P(U)> as a function of N_tot.
# number_of_species: 1
# species_total_upper_bound: 369
# species_total_lower_bound: 342
# volume: 729
# Bin widths for each
10	10	10	10	10	10	10	10	10	10	10	10	10	10	10	10	10	10	10	10	10	10	10	10	10	10	10	10	
# Bin lower bound for each
-1460	-1480	-1480	-1490	-1500	-1500	-1510	-1520	-1520	-1540	-1540	-1540	-1550	-1550	-1560	-1560	-1560	-1570	-1570	-1570	-1580	-1580	-1590	-1590	-1600	-1610	-1610	-1610	
# Bin upper bound for each
-1240	-1250	-1250	-1250	-1260	-1260	-1270	-1280	-1280	-1290	-1290	-1300	-1320	-1330	-1330	-1340	-1340	-1360	-1360	-1370	-1380	-1380	-1390	-1390	-1410	-1410	-1420	-1430	
# Normalized histogram for each
8.4216625372448e-07	0.000185908200509679	0.000591411251678016	0.00127946108097092	0.0027900967985892	0.0065354206704654	0.0152299450739169	0.0277921179975981	0.048159066677671	0.071563709034928	0.0994777305977528	0.129277783485793	0.142520005659357	0.143111837994162	0.124448802186937	0.0883154485293251	0.0542849840072628	0.0282146749154044	0.010893841575053	0.00354867805163153	0.00157548251915507	0.000166117293547154	3.66342320370149e-05	
1.70350205953399e-06	6.38813272325246e-06	7.9638721283214e-05	0.000321748951494482	0.00106021709430247	0.00236680317396504	0.00415420270993108	0.0114221942469328	0.0235419725872449	0.0404198451175927	0.0625973125551509	0.0870470388023699	0.1165832092616	0.140577035770136	0.147448963078296	0.131329574839956	0.103338906624238	0.0659502304838287	0.0374280696255362	0.0159390299577872	0.00556363772643801	0.00216940987281654	0.00058323651763295	6.96306466834518e-05	
2.03583280026659e-05	6.62181405560395e-05	0.000241942655947471	0.000690040170195622	0.00131471939259321	0.00322604494475928	0.00718241811934052	0.0180640515858602	0.0332751513748836	0.0538509920398937	0.078430137182986	0.107982286111656	0.132784944266398	0.144876505310845	0.139464190236789	0.114175718086446	0.0816613252842933	0.0474014737286492	0.0224638077145205	0.00879136892611963	0.00295710071693459	0.000906052745213382	0.00017058135884339	2.57157827402095e-06	
1.09495938666816e-05	4.93805213595445e-05	9.596996977268e-05	0.000441848317208446	0.00132082159740834	0.00246988485965304	0.00567596888340121	0.0130364576389198	0.0261124196949271	0.0450303121256876	0.0699393499848745	0.096489324038631	0.125596779702974	0.142212466348785	0.141975439846259	0.125500809733201	0.0945598338409866	0.0590771381712074	0.0305940240551842	0.0131049462750663	0.00454365205883496	0.00172316549752915	0.000378512431116856	5.4747969333408e-05	5.79684381177262e-06	
6.42264195376768e-07	2.07665423171822e-05	5.09529594998903e-05	0.000180904415031123	0.000705634262653943	0.00222887084602251	0.00470223026241845	0.0099148464720963	0.0211574671241015	0.0366120563693875	0.0597888021237536	0.0866748376944856	0.115237610991281	0.138799072998678	0.14403523889552	0.131083553219617	0.105814952980909	0.0726916757208078	0.0412314345506024	0.0186393633020943	0.00736441535225515	0.00217663335813187	0.00067373514095023	0.000164419634016453	4.98825191742623e-05	
3.00189290789935e-06	3.79525031927275e-05	8.23376340452394e-05	0.000365802092919735	0.00134184612983101	0.00352057711819996	0.00681686995199544	0.0162456011547853	0.0295817248190502	0.0503044348250454	0.0781680047961672	0.106385798130421	0.130386789612764	0.143344031507868	0.137180287684263	0.121141388298278	0.0834159568619412	0.051717468700978	0.0250055535018796	0.00999029959748905	0.00365523345721145	0.000994484236202657	0.000277889514902683	2.40151432631948e-05	1.26508343975758e-05	
9.47298960016449e-06	1.46400748366178e-05	1.07647609092778e-05	0.000212496380349144	0.000880557442378926	0.00255124833549884	0.00575591765819085	0.0116261570772382	0.0244844486881524	0.0418919282593274	0.0664424725794628	0.0971336671126866	0.123512498425654	0.140212733205089	0.140991456009266	0.128086014745569	0.0985485872866021	0.0622883513445725	0.0341535722320839	0.0136439038620733	0.00549541044418633	0.00158780223411848	0.000337582902114953	0.00011044644692919	1.78695031094012e-05	
1.11534202284864e-05	3.9465948500798e-05	4.93324356259975e-06	6.84219433247531e-05	0.000408172282592492	0.00148640773429636	0.00407721856006342	0.00905593375897931	0.0191317620023135	0.0345893299947429	0.0564963632342945	0.0872096652107879	0.116939106829818	0.137953222984539	0.143835150733112	0.133229320540074	0.108842581699339	0.0740771563582968	0.0424499173896192	0.019250588825517	0.00750003163710546	0.00247541582417234	0.000632956597966603	0.000188964677332625	4.67585694194237e-05	
1.86582408624482e-05	1.65136154759599e-05	5.8119347973833e-05	0.000232477391895332	0.00105065197684062	0.002621161147366	0.00673197908818678	0.0143533343241503	0.0288743783535239	0.0473608347225144	0.0760209649999282	0.106986996492894	0.133106603537474	0.144314415807262	0.140337422490558	0.117988066875424	0.0853846138998747	0.0521858129170358	0.0269337068412906	0.0105361155987397	0.00342904153045615	0.00111413288828067	0.000264861235231305	7.80643640681742e-05	1.07231269324415e-06	
7.9436200493535e-06	4.68029505610557e-05	4.22944094519632e-05	5.34584160078114e-05	0.000179053489761103	0.000542527780127467	0.00206662936743451	0.00493212928091346	0.010421814812318	0.0217395411507429	0.0407381039995912	0.0657340999857015	0.0957841705551045	0.124799423593754	0.142723236119168	0.143027884682682	0.128965315578555	0.0987971641705809	0.0633995344609266	0.0340476436861317	0.0149398023884963	0.00525202100722526	0.00135621210410178	0.000334705504241678	3.41360969688434e-05	3.43507894026097e-05	
8.57015712740331e-06	6.42761784555248e-07	8.7844110555884e-05	8.97723959095497e-05	0.000407082463551657	0.00135751288898068	0.00402668832631045	0.00848038473149376	0.0167407306787414	0.0315146102967438	0.0547716599473064	0.086324193189339	0.116241968959319	0.139238914341065	0.147079536842998	0.135297927586029	0.111532024856027	0.0741813518094494	0.0419316362851026	0.0206770038473578	0.00702131548055335	0.00221174330065461	0.000637619690278807	0.000114411597650834	2.16396467466934e-05	3.21380892277624e-06	
9.28555032325592e-06	3.75740873545705e-05	9.58787056633867e-05	0.000325858033437051	0.000847360452754796	0.0024770825060016	0.00629581906219829	0.0130427431156822	0.0266113075112976	0.0462355623188913	0.0741079771299055	0.106846668139398	0.133863084776427	0.145718789051947	0.142078205496139	0.121203640540367	0.0869036814183829	0.0528347813393262	0.0257643789446044	0.0107012728330063	0.00299772115319625	0.000829653124231378	0.00015461521003375	1.38203539694972e-05	3.2391454616009e-06	
2.16797608809094e-06	4.50939026322915e-05	0.000113601947015965	0.000182326789008448	0.000617873185105918	0.00175085748874224	0.00485453205645323	0.00923167577830884	0.0202551837934248	0.0378962220198296	0.0651290368527751	0.0960138074061098	0.123850403579589	0.146098607790796	0.147854234826932	0.12736902877056	0.100560486858054	0.0641935551707639	0.0335364221066787	0.0143990467842736	0.00442787436231693	0.00127455314218866	0.000298530307330122	4.48771050234824e-05	
3.477770201552e-06	7.1294289131816e-05	0.000149109397391542	0.00054557520036847	0.00131459713618666	0.00372143147629824	0.00762783685519152	0.0146335875655804	0.0289602619108739	0.054294296304717	0.0840101037918781	0.115806487302118	0.139066031770735	0.153185996149674	0.13835461040388	0.111794009932077	0.0752487312116182	0.0433323646294251	0.0184306605437624	0.00689989607987916	0.00191799026615593	0.00053688077486459	9.4769237992292e-05	
4.34315907927633e-06	7.60052838873359e-06	5.03806453196055e-05	0.000408908427313867	0.000937036571353869	0.00227125504050756	0.00583764011845532	0.0115525859929211	0.0229069067738732	0.043103465124324	0.0722871053995674	0.104651675384473	0.135024038299714	0.150912834317385	0.146348608440973	0.122652332504441	0.0892228199132975	0.0527337689087574	0.0254609014704417	0.00964528768325688	0.00304802904183613	0.000786763267210908	0.000145278671201793	4.34315907927633e-07	
3.25512992200058e-06	2.23518921310706e-05	0.000180117189017365	0.00079164759703054	0.00179900180355899	0.00451074203724693	0.00920876254933963	0.0183485163443329	0.0346345823700861	0.0610571229729492	0.0921258190178145	0.126344829801192	0.14777747324229	0.154398407503639	0.131093413331406	0.102734504442276	0.0639216373043097	0.0325610646097718	0.0126129774217678	0.00442285352935292	0.00113907846403874	0.000279724164630583	3.21172818970724e-05	
8.88728387913901e-06	6.06936460038762e-05	0.00052066477750468	0.00116445095118865	0.00340946556426774	0.00699125773058221	0.0137169807598975	0.0275752910097754	0.0517040499786163	0.0807418410940637	0.115486785801068	0.14128375298293	0.153122048635986	0.141404056459831	0.114757161470893	0.0784096877463647	0.0424066504629083	0.0190140187148857	0.00601127211064105	0.00181864174990186	0.000331647422806895	5.70086746393551e-05	3.68497136452105e-06	
1.72149632460535e-06	2.25946392604452e-05	0.000272857167449948	0.000780483396167949	0.00238857615038992	0.00606095818485428	0.0104998364578492	0.0216327531890719	0.0411368761727694	0.0710371154607585	0.104355600888292	0.134187841071459	0.151341691197989	0.149075556473687	0.12499246845358	0.0904958339788944	0.0534731188348913	0.0255028921138253	0.00953945669575995	0.00252070099330338	0.000561638175902494	0.000119428807519496	
2.43512545637053e-05	6.96057984431575e-05	0.000491119550006055	0.00157722860311291	0.00421880097870494	0.00923946937538817	0.0167786608878769	0.0316006014975375	0.0599965347949258	0.0932138009980997	0.125965591892799	0.147466025689927	0.153894110401261	0.136267034564559	0.102627177120682	0.0647812330699519	0.0334232821267394	0.0133582793619023	0.00401838799866736	0.000823417200778033	0.000160545881858057	4.74095221594262e-06	
9.50569730297833e-05	0.000233029058036895	0.00115162702991162	0.00297830877122662	0.00665827962328256	0.0138396944615688	0.027137156483304	0.0478147303117804	0.0815515872905179	0.114896200145783	0.144417505674987	0.151273194813365	0.148267849521593	0.11541182521619	0.0764807376592768	0.0413105159404965	0.018132493112661	0.00657695548608553	0.00160030452563459	0.000167368936711582	5.57896455705274e-06	
8.50768594983315e-06	0.000185680245855109	0.000516203845006127	0.00225751446678823	0.00515565768559889	0.0109025995447112	0.022081698882792	0.0391910807122039	0.0695050292122032	0.103171005976437	0.13753227337492	0.151856238824357	0.152587687123894	0.129091372759793	0.0887555829030394	0.0513868485212897	0.0231725969137093	0.00920489081342198	0.00299130237996134	0.000396032780964733	5.01953471040156e-05	
7.73593164818251e-05	0.000306900894895109	0.00147003837740736	0.00410701879387526	0.00836643121393465	0.0169702244836318	0.0311553022096653	0.0559290949023381	0.0935635569137353	0.126106465442262	0.153478770257414	0.154614219022825	0.138347626136373	0.103353949097992	0.0628218945465698	0.0310065017757768	0.0128900489498473	0.00435325814825046	0.00102701890378467	4.54433143267552e-05	8.87729861266845e-06	
1.30323970677107e-05	0.000153866365380068	0.000861609606137839	0.00269833679287422	0.00669402769384377	0.0136510155285215	0.0256485982290654	0.0459652644578155	0.0798461336346199	0.115815969941407	0.146809742767808	0.158490554139625	0.146388502062587	0.117043747865157	0.0762599122415197	0.0384628077458683	0.016887884600226	0.00612964082083082	0.00198680995296776	0.000179510759610079	1.30323970677107e-05	
8.36111662712555e-05	0.000261284894597674	0.0017297060022366	0.00522757914319457	0.0113180255223085	0.0210965604456475	0.037127538382751	0.0659934574262393	0.105543838379616	0.137187111338719	0.159646533794588	0.156224955842853	0.127476719515891	0.087246370752814	0.0491537504833771	0.0226155663088805	0.00892946352985441	0.00261389408555513	0.000484526708541926	3.0100019857652e-05	9.40625620551625e-06	
3.10117737875497e-05	0.000181041706435425	0.000962203143462351	0.00324450206301634	0.00826757126055108	0.0175279383603279	0.0306842643116717	0.0538934339064714	0.0923974846098834	0.126675552517706	0.157362540836534	0.162557222484961	0.139438783282391	0.101646327063996	0.0593311808089086	0.0280834660937591	0.0122125622409443	0.00414992013420555	0.00122768907176523	0.000125304329222667	
1.67490265151745e-05	9.19102830020201e-05	0.000702202936648692	0.0022745178007607	0.00636588625275495	0.0131950924514859	0.0263901849029718	0.0449238201933382	0.0768284127135998	0.115778901963132	0.15080655983998	0.165249454766846	0.149140450427383	0.115606805715689	0.0710464393977301	0.0377989936766144	0.0155142045353433	0.00606691612945909	0.00185076742992678	0.000350682742661466	1.04681415719841e-06	
8.3091089236053e-05	0.000269416562068414	0.00136009202128307	0.00437382261395334	0.00952945684026409	0.0202769535113749	0.0373838560728046	0.0651732092506401	0.102120627278972	0.140728817962111	0.163319522587138	0.159808504414949	0.130394468651369	0.0860257154331627	0.0475977652693515	0.0203743127674494	0.00801556237350116	0.00261401209520896	0.000523935479349556	2.68577258136737e-05	
0.000140312431807111	0.000525438643886629	0.00354278419235955	0.00698818736861416	0.0158601214896238	0.0306691562699343	0.0546227920163483	0.0893723175718494	0.130403861063049	0.159692719962773	0.166744571479551	0.141165196318034	0.101523374166345	0.0562860178871126	0.0284350472811011	0.00943946649443839	0.00371995481520853	0.000672243143434069	0.000196437404529955	
