# <P(U)> as a function of N_tot.
# number_of_species: 1
# species_total_upper_bound: 369
# species_total_lower_bound: 342
# volume: 729
# Bin widths for each
10	10	10	10	10	10	10	10	10	10	10	10	10	10	10	10	10	10	10	10	10	10	10	10	10	10	10	10	
# Bin lower bound for each
-1450	-1460	-1460	-1460	-1470	-1480	-1510	-1520	-1520	-1530	-1530	-1530	-1530	-1540	-1540	-1550	-1550	-1550	-1570	-1570	-1580	-1580	-1590	-1590	-1600	-1600	-1600	-1600	
# Bin upper bound for each
-1240	-1250	-1250	-1250	-1260	-1260	-1270	-1290	-1300	-1300	-1310	-1310	-1320	-1340	-1340	-1350	-1360	-1360	-1370	-1370	-1390	-1390	-1400	-1400	-1410	-1410	-1420	-1430	
# Normalized histogram for each
0.000170583251774209	0.00043312898285686	0.000922007240734899	0.0025940090018402	0.00562162347606736	0.014885056430655	0.0285812714837217	0.0496549739312578	0.0709302314500243	0.103046578757525	0.132037631237129	0.146331364160935	0.145292140495797	0.121690184601574	0.0860706862688106	0.0500861969559943	0.0283196787316992	0.010391760161854	0.0021970932232706	0.000659461509652248	3.430724616688e-05	5.00314006600333e-05	
2.78238443630091e-05	0.000252813206539755	0.000778108199255185	0.00186611645813975	0.00323955898247242	0.0113199871626539	0.0231595126605688	0.0431917211590262	0.0636206593003838	0.0883699688612804	0.119389237832945	0.142303133108792	0.152506328725289	0.129059942634908	0.100041591850108	0.0624851586175003	0.035695593710468	0.016646334472352	0.00463794702244089	0.00116524341306464	0.000195726353450133	4.74924239989293e-05	
0.000136463209951051	0.000505009977670967	0.000912477590482556	0.00290272623702218	0.00667132115126899	0.0175782873578849	0.0342676418340463	0.0552272376723028	0.0810293554467801	0.109849039976513	0.134155347988393	0.147959274380906	0.139540839738856	0.109694798108927	0.078796452148743	0.0464700475266764	0.0228590291795822	0.00892824966232563	0.00206616831968141	0.00041275315967589	3.26742897065897e-05	4.80504260391025e-06	
0.000311353744941703	0.00106811631945279	0.00231785565678823	0.00565818163647144	0.0129231023517778	0.0258577363237387	0.0475194043533788	0.0716877583203042	0.100575427847133	0.127274491960058	0.143405787143589	0.141741870448013	0.122224603288242	0.0901393115814944	0.0579492743247516	0.0304453992198859	0.0135746388921188	0.00422970218629909	0.000973460937117114	9.17724772899155e-05	1.77779144488318e-05	1.29730727059043e-05	
3.39393499037031e-05	0.00068978143536681	0.00202202042384034	0.0043341983884067	0.0106402252043173	0.0201179081696795	0.0383385588778408	0.0623413275639625	0.0902356490327046	0.11731399204672	0.13961692512358	0.142957800003537	0.127907849406802	0.101923691912922	0.0710766470025579	0.0408032249074675	0.0198177122296862	0.00751684897515114	0.00186762028272913	0.000250003943656855	0.000100383992672925	9.36917264947296e-05	
7.17215025367895e-06	0.000333744058471194	0.00128811818556074	0.00369031037719294	0.00639994874303285	0.0166087874141195	0.0291624410748089	0.0510523217923873	0.0822784295668547	0.108498376464254	0.131156633545677	0.14188569218183	0.13517877540794	0.119365140385278	0.0809707075039339	0.0515610663170483	0.0267119564048019	0.00976990307556147	0.00317295927222757	0.000769810793894874	8.94128064958643e-05	2.00820207103011e-05	2.82104576644706e-05	
2.1138144983654e-05	0	0	0.00012586804512994	0.00103624951658504	0.00254570523337233	0.00559007852340449	0.0117624168586314	0.0239423120806901	0.0419351971732535	0.066645208246759	0.101364611382411	0.124179876005563	0.14231015904052	0.137788037251176	0.126389292568741	0.0962318854504707	0.0624464039931878	0.0349077247909606	0.0143705757021828	0.0051005383020785	0.00112800828230953	0.00013499588046379	1.20103096498034e-05	3.1707217475481e-05	
2.49365436895439e-05	7.96051202396977e-05	0	5.22708319646208e-05	0.000289167997015288	0.00153839292607801	0.00395292172370981	0.00862372817632822	0.0189762301988258	0.0339793976194233	0.0555873922753301	0.0878500047715117	0.119976425375235	0.139802416255174	0.144807947851933	0.130277136114685	0.107358054719409	0.0729000672807131	0.0432543532251823	0.0201659910621673	0.00803819894854104	0.00201026906051092	0.000447898688577576	7.19323375659919e-06	
3.97393672056378e-05	2.87272534016659e-05	5.69757192466374e-05	0.000198696836028189	0.000801490369906478	0.00279611933109548	0.00710089825333511	0.0144359236218938	0.0294042590068318	0.0458472600663887	0.0770613360375254	0.106936243212588	0.132864504557818	0.144684332969934	0.140791790134008	0.117083187901613	0.0851035306273218	0.051934086274645	0.0267656607818888	0.0117082709114056	0.00348796735051893	0.000758878277360674	0.000110121138039719	
5.30627737393767e-05	9.22623002855829e-05	0.000114730321598652	0.000307381653283056	0.000522022963273868	0.00217127133625449	0.004795249399817	0.0105317654797496	0.0218895892750095	0.0397373249286999	0.0647035989945799	0.0963486119065216	0.126239685027024	0.142258906180236	0.144453601623816	0.128111701441108	0.0972502010170843	0.0625643565397717	0.0340839883319263	0.0164126505476939	0.00563660509154046	0.00149436243882245	0.000221811955090728	5.25847307327156e-06	
9.49205633535435e-07	0.000168958602769307	0.000161839560517792	0.000598948754760859	0.00144469097424093	0.00408917786927065	0.00787223692172613	0.0166457445924942	0.0317518776473938	0.0524160842894603	0.0854503387477605	0.11541296377594	0.140715938349094	0.14808746929913	0.135427913764668	0.110073207484486	0.0745643739395593	0.0422738220951341	0.0211725062588246	0.00861688874123468	0.00245322195987233	0.000536775785764288	6.40713802636419e-05	
5.28882713825852e-05	0.000185347185295726	0.000493147395324105	0.000875277067836117	0.00258390176313297	0.00605118059962912	0.0129295147048453	0.0266823711479709	0.0464397140412166	0.0736133267008582	0.107772479421221	0.133254143867533	0.145521840473726	0.142484814871991	0.119769540548628	0.0876625480520916	0.0522788650844021	0.0258352058640228	0.0113595430453353	0.00335149640455049	0.000729000497435634	7.05176951767802e-05	3.33529639349636e-06	
0.000105806224278555	0.000311194777289867	0.000911082555665564	0.00169912348400267	0.00490586597367579	0.00963123897652347	0.0203985782707529	0.0383731886070156	0.0648601730051457	0.0937649014422202	0.12333271413552	0.146930853478009	0.146975857030417	0.129110404246803	0.101073191096574	0.0624290236527181	0.0339106555006789	0.0145782784130407	0.00513088373571616	0.00142287827400844	0.000141713313965847	2.39380597915282e-06	
3.96402023197253e-05	0.000159527643481821	0.000873051285236877	0.00153726638264301	0.00363191268326947	0.00736727662625139	0.014350236656842	0.028204487367586	0.0551051988125342	0.084638599792034	0.115719418913307	0.138203631719316	0.152156499518758	0.139592972468913	0.111553813750026	0.0754473904419738	0.0436743180314095	0.0182311091473634	0.00693461832044463	0.00217827745917905	0.000400752777110394	
4.06587491819847e-05	0.000517430986613591	0.00115199789348957	0.0023020596560657	0.0054521446522128	0.0110088403737507	0.0219726657037642	0.0429850104744682	0.0726891309482782	0.105995907019249	0.13214383903782	0.149922361150372	0.146712740128637	0.124377049878605	0.0887236831405592	0.0541927882995737	0.0259775524981897	0.00952140779950977	0.0034424407640747	0.000836408554600828	3.38822909849872e-05	
5.35113933053355e-06	0.000271935171433478	0.000944719325445105	0.00204656756032315	0.00443268923452925	0.00913974597655131	0.0187168259765708	0.0329323708417391	0.0621247817586471	0.093350139153946	0.126446935913296	0.14558942070025	0.152433527904002	0.130126087436644	0.104511642863015	0.0638240117296974	0.0346748963946456	0.0122662707472185	0.00468662511912366	0.00128281403769245	0.000192641015899208	
8.60701116431465e-05	0.000599086878781675	0.00137080025266684	0.00358625465179777	0.00686080906877488	0.0141125806785729	0.0265052179397344	0.0508970985619484	0.0808577640346556	0.117559615709108	0.142265141653412	0.150964058191176	0.13845957841206	0.113812891357637	0.0809477243208363	0.0440236464259265	0.0188158016944628	0.00612945625571673	0.00179142537453871	0.00035497842655083	
0.000229787432081816	0.00104713260189182	0.00254365961209555	0.0059899863097108	0.010143612297215	0.0213852594755805	0.0391477310187825	0.0711109689079183	0.105658588232557	0.133826940007058	0.150504950610246	0.147350463647047	0.124121087311468	0.0932209798834192	0.0546099043231063	0.026380954597106	0.0100001163480669	0.00207487385930416	0.000636036098926883	1.69674264195434e-05	
8.29340303694662e-06	7.70798635198568e-05	0.000510776057628418	0.00175137158250814	0.0039744914436473	0.0084436599860866	0.0160882261972015	0.030857313464291	0.0580265018133282	0.0944321019093365	0.126582210552916	0.148860242499105	0.150179381429217	0.138357867170906	0.104518343543976	0.0661325715110873	0.0330160374900845	0.0137690004302813	0.00345932476088168	0.000687864604829102	0.000267340286132162	
0.000106833145080382	0.00020541100167728	0.00125091900785029	0.00264023549910017	0.00553881296721291	0.0132356554650495	0.0269282654279202	0.0471823729195459	0.0834682506460977	0.115345318717264	0.143627937061681	0.151946354221803	0.146437648777295	0.115065124514031	0.0782960696085925	0.0420441842463844	0.0189818218547594	0.00606860824577062	0.00147332619169945	0.000144710351063427	1.21401301227707e-05	
3.86928023649041e-06	0.000246666615076264	0.000404339784713248	0.00256726743691139	0.0049067309998994	0.0101481547402552	0.0216374987424839	0.0388040441717032	0.0697529658033013	0.105149625066745	0.139126742143426	0.151225014122873	0.151987745989491	0.127254823057815	0.0894466348869783	0.0524147210635878	0.0228011847736084	0.00864252106823089	0.0031370189517346	0.000342431300929401	
0.000104060236841099	0.000384780875761273	0.00160833566057196	0.00395477300106335	0.00773917761436825	0.0168292023032644	0.0312209750589392	0.055456846219782	0.0941779023489057	0.131600383522473	0.153015012262168	0.154680944053829	0.135272983881311	0.102442705159597	0.063219739888128	0.030900566329689	0.0127737570730711	0.0035728961319116	0.00104205437171575	2.90400660951904e-06	
5.2677753897196e-06	0.000178625474578674	0.000962087341631516	0.00273062320656192	0.00635197934265825	0.0129113174802027	0.0246651610406825	0.0466451932986235	0.0820398550308213	0.119398439206041	0.151843625608668	0.157672179633056	0.143071821807441	0.113682902908195	0.0745289651024247	0.0386946835695212	0.0166557480049498	0.00596503729584976	0.00189065247623754	0.000105834396466185	
0.000109568001951263	0.000295833605268411	0.00178405290133687	0.00496295410577504	0.00936520587112993	0.0188657044055388	0.0374541541278792	0.0696771507365113	0.109766653502627	0.143206331315535	0.16280566495153	0.152163277283743	0.122839545283264	0.085889880346978	0.0477287744152046	0.0214800922086194	0.00859394241391647	0.00250577256636367	0.000447799660148641	5.7642296678708e-05	
2.37950088541228e-06	0.000278877503770319	0.000878987627071296	0.00304147803173398	0.00754825270870483	0.0144045465599318	0.027766871732053	0.0573236040301131	0.0983633317009957	0.128903749665085	0.162217237961034	0.161625218140744	0.135217993214615	0.0999185734797012	0.0587684369677354	0.0274123261001265	0.0113740142322707	0.0036511061585766	0.00108695600445633	0.000216058680395435	
5.36404542064797e-05	0.000889102395829526	0.00229324809089826	0.00569395794873207	0.0108353717497089	0.0216740663594129	0.0451747563275561	0.0813972531340503	0.121294358400831	0.15227433152364	0.165861980737855	0.146647305469095	0.112830559299047	0.071633266385616	0.0384160590975397	0.0149936936864236	0.00597592635402985	0.0016239291490298	0.000434819965071995	2.37347142506547e-06	
0.000263886047120869	0.0017367717557792	0.0040366916338562	0.00757525054832844	0.0165483322593044	0.0333572041846973	0.0676815124877379	0.110507540830629	0.141738836950931	0.164610395198039	0.157287557390435	0.127416326132559	0.0849316286549652	0.049823311081493	0.0206371318263783	0.00886647557237457	0.00246245838536159	0.00050482548144862	1.38635785625094e-05	
0.000523707433437257	0.0041632381915769	0.00577635144826337	0.0121740746891726	0.0260622296537303	0.0529671092859461	0.0937469332447591	0.134412107738414	0.162238429368381	0.166553118088005	0.139693060263156	0.101719553253969	0.0572270682197344	0.0287699386271505	0.009093165193366	0.00401414670602179	0.000658644664034604	0.000207123930881942	
