# <P(U)> as a function of N_tot.
# number_of_species: 1
# species_total_upper_bound: 369
# species_total_lower_bound: 342
# volume: 729
# Bin widths for each
10	10	10	10	10	10	10	10	10	10	10	10	10	10	10	10	10	10	10	10	10	10	10	10	10	10	10	10	
# Bin lower bound for each
-1450	-1480	-1480	-1490	-1500	-1500	-1510	-1520	-1520	-1530	-1530	-1530	-1530	-1540	-1540	-1550	-1550	-1550	-1570	-1570	-1580	-1580	-1590	-1590	-1600	-1600	-1600	-1600	
# Bin upper bound for each
-1240	-1250	-1250	-1250	-1260	-1260	-1270	-1290	-1300	-1300	-1310	-1310	-1320	-1340	-1340	-1350	-1360	-1360	-1370	-1370	-1380	-1380	-1390	-1390	-1410	-1410	-1420	-1430	
# Normalized histogram for each
0.000128015101630151	0.000393732934203006	0.000981218454657051	0.00251220987280143	0.00575583575870053	0.01471654688605	0.0279740676002773	0.0499213918078639	0.072340295970915	0.103062882401868	0.133179300027264	0.147151975376814	0.144991634040115	0.120663228942208	0.0832727856501299	0.0486381269107119	0.0273595951124526	0.0120842796071251	0.00386640205599173	0.000908907221574074	6.1239656725775e-05	3.63286099220699e-05	
2.80389194221038e-06	0	2.03282165810253e-05	0.000255855139726698	0.000658914606419441	0.00187194835791821	0.00347927941379031	0.0112755009591063	0.0221416336946499	0.0430628734214526	0.0637524415765303	0.0885721425624839	0.119977134261211	0.1456975855336	0.150610004216353	0.128938022422023	0.0996738022211731	0.059683994368383	0.0349095061399976	0.016886439221962	0.00625688486904247	0.00184951722238053	0.000343126276427996	8.02614068457723e-05	
3.35240676339242e-05	0	0.000121745298249514	0.000483805228695896	0.000860333440963235	0.0028820111617501	0.00665682117732997	0.0174639219277398	0.0336885120077917	0.0562876153272037	0.0798232752308309	0.110766695426788	0.135847638405878	0.147483665839152	0.139263917340236	0.109674163706844	0.0769260900174149	0.045081401729489	0.022908936281334	0.00994500288483424	0.00310468154782385	0.00063236978105255	6.03433217410636e-05	3.5288492246236e-06	
1.80370587286632e-05	3.32447749116538e-05	1.41467127283633e-05	0.000302385984568766	0.000997343247349613	0.00224968099162798	0.0053032489340452	0.0125148894151466	0.0255440118379692	0.046679200654144	0.0721903213850198	0.100185604870996	0.12857239863173	0.143669416787621	0.14204431316295	0.12220178022233	0.089946567866025	0.0563155876968869	0.029934797801035	0.0144017072252921	0.00515895246421589	0.00158584649684953	0.000113881037463325	1.30857092737361e-05	9.54903109164523e-06	
1.05266777594458e-06	3.40362580888746e-05	2.45622481053734e-06	6.31600665566746e-05	0.00063651311518782	0.00193550515070343	0.00430260408954413	0.00999016808297268	0.0203242076394206	0.0377932293812208	0.0620231853586544	0.0904943398053688	0.118414949005264	0.140222365540991	0.143242118500917	0.128364764823492	0.101946663429128	0.0699150356749109	0.0397606654544612	0.0196933087523711	0.00799571353681635	0.00232674667409616	0.000368433721580602	8.00027509717878e-05	6.87742946950457e-05	
4.9259471804758e-06	6.22780464960154e-05	3.27223634131607e-05	0.000294149417348412	0.00131452419044697	0.00338482941972694	0.00634989776900334	0.016233458933258	0.0291221997309729	0.0516840933776622	0.0815680556547587	0.1082976524695	0.133310908545216	0.142215613634037	0.134065634023939	0.119565404791469	0.0808963675713638	0.0502812539913367	0.0259403897057556	0.0105133786966155	0.0037757385138347	0.00097287456814397	7.81114481475448e-05	1.47778415414274e-05	2.07593488320051e-05	
1.56521244201599e-05	2.41896468311563e-05	1.49406642192436e-05	0.000112410711744785	0.000908534676570193	0.00247517003898802	0.00551168217649905	0.0113328495403967	0.0243130851760153	0.041757022112183	0.0674190358291357	0.101084265346197	0.124103560146845	0.142556347647913	0.137817666979709	0.126554540539002	0.0961328580779191	0.0617679074532571	0.0339903668288796	0.014600941973306	0.0057791912120436	0.00154956031759583	0.000145849341187854	8.89325251145451e-06	2.34781866302399e-05	
1.84946427777531e-05	6.54425821366647e-05	8.18032276708309e-06	3.94789490063575e-05	0.000298403947894901	0.00161045658649358	0.00389418930333882	0.00867612146000978	0.0189111279064598	0.0344409371804561	0.0570093806962166	0.0883417952251812	0.119214333348153	0.139268928110968	0.143258435957854	0.130229671453341	0.107922286933713	0.0733028053172098	0.0427286711421331	0.0199205086026764	0.00783852754190193	0.00241283955008225	0.000581158582670164	7.82465655981861e-06	
2.95274365026708e-05	2.739292302055e-05	7.89769988384689e-05	0.000204557542036575	0.000958752305719251	0.0028435277104319	0.006786329864156	0.0136498579659154	0.0289223019304896	0.0473947373570098	0.0769499225349482	0.107162182113133	0.13317051738828	0.144966550394974	0.139357404716208	0.117504967190749	0.0850308348260105	0.0521600387058445	0.0271406946774128	0.0111983692316997	0.00341842334161643	0.00095555053549607	8.85823095080124e-05	
3.95912471242844e-05	6.8838835089972e-05	8.88127976031245e-05	0.000266438392809373	0.00054108037736522	0.00244003352772279	0.00494890589053555	0.0099948281704207	0.021889679524905	0.0403552511904125	0.065875555079985	0.096551994721167	0.125790665739304	0.142669734096624	0.143133772047153	0.128443279296631	0.0977083444795178	0.062269541490557	0.0339107948567047	0.0161575089615323	0.00524815865033082	0.00138569364934995	0.000216146808624472	5.3501685303087e-06	
7.10795202132386e-07	0.000141448245224345	0.0001250999555753	0.000599911150599733	0.00156659262549978	0.00444282541092848	0.00797405597512217	0.0160277210128832	0.0320252332296757	0.0536362505553088	0.0852836961350511	0.116020968458463	0.140861839182586	0.148234917814305	0.134476410484229	0.109688138605064	0.0742610395379831	0.0422304753442914	0.0218171479342514	0.00780630830741893	0.00220453131941359	0.000486539315859618	8.81386050644158e-05	
5.02683251383995e-05	0.000156908986324861	0.000443438439613738	0.00116119831069703	0.00265344944837694	0.00608605793639908	0.0131343952397332	0.0266770410914833	0.0468231495690927	0.0743913762533868	0.106341923711354	0.134321991602317	0.144774930755382	0.142844627070068	0.119508634302961	0.0867789278053496	0.0525156783315512	0.0258210433262694	0.011707133865268	0.00308791140135882	0.000648102334820079	5.8526692839708e-05	1.32852002151484e-05	
0.000116738070850974	0.000266365195718785	0.000866680786070076	0.00185949651556737	0.00502443548287998	0.00932892595914963	0.0201490633125132	0.0381498569868278	0.0648087844856188	0.0959948360571012	0.124131241059418	0.147495119047533	0.147356334467945	0.12868366440443	0.0993878298934756	0.0617352843168365	0.033605384841688	0.0148076640892732	0.00483758228588322	0.00126785496144029	0.000106979780098725	1.98779996805063e-05	
2.98161651611927e-05	0.000152716943508548	0.000745767740800077	0.00156062171794926	0.00385501198828007	0.0077882005071657	0.0145688327989452	0.0285198892002214	0.055047913122967	0.0843612032058923	0.115964883829676	0.138765887107272	0.153765599853974	0.139823997358724	0.110837594257261	0.0737808279149119	0.0421026068782257	0.0184758412703723	0.0073427760885991	0.00216712615074035	0.000342885899353716	
3.05409677996396e-05	0.000577733307543183	0.00118128100453606	0.00247963571897074	0.00590458710793033	0.0113943260699155	0.0226097693284332	0.0434612515106872	0.07372589626833	0.105639026121253	0.13392723396272	0.150474621182924	0.14749251382706	0.122488914355855	0.0873995238517687	0.0519538220566869	0.0250188699551048	0.00994399368238266	0.00352202803660844	0.000748980876991162	2.54508064996997e-05	
3.99996654573434e-06	0.000216361826791994	0.000967264637423032	0.00202834667200965	0.00480686888800566	0.00918174138907202	0.0182463928483507	0.0344637117580471	0.0628612924328269	0.0933704918104321	0.127970929697679	0.147005315955539	0.153758350384706	0.130309455593644	0.101387515668051	0.062866746932662	0.0323353659223941	0.0121009897008134	0.00475850565613451	0.00121635346322558	0.000143998795646436	
6.45279832708469e-05	0.000537368629046488	0.00139737717444721	0.00378090234181895	0.00734014923827815	0.0138272166638231	0.0271396677209883	0.0524514071475132	0.0825670179613824	0.117792734659475	0.143527733908471	0.152529569857193	0.139054158299903	0.111693928828186	0.0783493668966342	0.0418356424872657	0.0180142442788834	0.00601203939050586	0.00181735591302357	0.000267590619891535	
0.000185593924118909	0.00101641672505746	0.00265776299148407	0.00643923919540684	0.0105498546241342	0.0210054623336769	0.0398040969133773	0.0725643244254291	0.107287425177918	0.136001197660792	0.150932808837171	0.147680565307493	0.123893006552698	0.0894932452148848	0.0532379071240155	0.0248358744355607	0.00944970314034344	0.00237719717650743	0.000575631155275054	1.26870846565661e-05	
6.19156934065978e-06	5.75451738720144e-05	0.000510622365623824	0.00189753389793162	0.00460652758945088	0.00934854128447384	0.0163136925827549	0.0304370264587611	0.0597661262155052	0.0953971509311574	0.128431722833306	0.149662978312389	0.151064094033185	0.136357660009273	0.101876810351138	0.0647015353999335	0.0323596908440165	0.0127338728739699	0.00352373137475785	0.000747358840413757	0.000199587058745974	
8.00319545767728e-05	0.000162974162047247	0.00120229822671016	0.00308123025120575	0.00633380164152814	0.0140383323959894	0.0266211745635166	0.0471195408202984	0.0828330729869599	0.118655012073912	0.145793484089284	0.151346974173688	0.146570885393513	0.114151031939298	0.0752358578079539	0.0414314515395602	0.0173887610398625	0.00632288819317677	0.00146494855036666	0.000156789874648132	9.4583219045277e-06	
2.89454345994187e-06	0.000189592596626192	0.000396190636079544	0.00244154740846097	0.00515554372008896	0.0112677340536887	0.0225162917569553	0.0392358984174445	0.0698503991394522	0.105541929090198	0.140466405024059	0.152083655200536	0.152015271611295	0.126335243852623	0.0874586306421436	0.0505029088352683	0.0223712027660257	0.00855771773931814	0.00311525239876244	0.00041030153544676	8.53890320682852e-05	
7.7545382082328e-05	0.000339756976379316	0.00154730087968924	0.00392415700956153	0.00831971780694446	0.0178361592313269	0.0317474401007008	0.0565998333675976	0.0941317982954443	0.131212557302431	0.1543434430871	0.155343237501668	0.135589723613831	0.100104956772958	0.0609990009269378	0.0302592901171116	0.0123131246460865	0.00402911378251947	0.00122233162733493	4.43631720750062e-05	1.51484002207338e-05	
3.9234555228165e-06	0.000133040810000959	0.000874217226038476	0.00261088131154698	0.00620940338151931	0.0137905894849252	0.0257820962737516	0.0466434659663417	0.0825659113777	0.118416307878548	0.151415778925408	0.158590352365541	0.144336795128923	0.113464550330979	0.0732666084330753	0.0374686435651228	0.0162509527755059	0.00591799763950649	0.00210867900462647	0.000127690643378937	2.2114022037693e-05	
8.17659162688577e-05	0.000235699141244577	0.00173130440099712	0.00471327181692398	0.0102427807806014	0.0201599199120625	0.0374445236033315	0.068767268606012	0.108093830299462	0.142521547096457	0.161639129328083	0.153946378623119	0.124224468059389	0.0862761953110447	0.0474245869399212	0.0207895174673327	0.00836607525023925	0.00277008704159539	0.000509792712737139	4.58600139073158e-05	1.59976792699939e-05	
1.76735462712882e-06	0.000207133962299498	0.000784705454445197	0.00311867397503152	0.00795627706040854	0.0157534922043755	0.0291599374639239	0.0569063446970701	0.0960140144152513	0.128194007466013	0.161421688339736	0.163499036968464	0.135933960320061	0.100201937939696	0.0575659214439146	0.0266987194101843	0.0112113908126544	0.00369200381607211	0.00148952647974417	0.00018946041602821	
3.98463131229072e-05	0.000701365635411172	0.00212454899615501	0.0057593790463402	0.0117892193507801	0.0236101747031626	0.0463722929190633	0.0799179518571908	0.119054436410926	0.153836741544824	0.165318121680062	0.149269225669771	0.112769650226948	0.070202856522242	0.0366758865628359	0.0146570960289094	0.00554921619128487	0.00186255067181589	0.000487676557955581	1.76311120012864e-06	
0.000194688461428583	0.0014654539080358	0.00408634151107167	0.0082432223197624	0.0179279151863701	0.035362407985895	0.0673036600372659	0.106931226653697	0.144411929747092	0.164899010651081	0.157296990546676	0.128647807515186	0.0845286511228622	0.0480873445798838	0.0195002361302988	0.00787500718619094	0.00248404136565491	0.000736077570654806	1.79875208928582e-05	
0.000480374832420259	0.00376316960557795	0.00602709356070142	0.0135663874867258	0.0282216712772614	0.0556037369800739	0.0920180399656455	0.133262350832586	0.165081231314137	0.165390743961265	0.139603858824419	0.0993010406137314	0.0564538463773891	0.0280000406147818	0.00850739626687133	0.00370784947181527	0.000731066071496721	0.000280101943102192	
