# <P(U)> as a function of N_tot.
# number_of_species: 1
# species_total_upper_bound: 369
# species_total_lower_bound: 342
# volume: 729
# Bin widths for each
10	10	10	10	10	10	10	10	10	10	10	10	10	10	10	10	10	10	10	10	10	10	10	10	10	10	10	10	
# Bin lower bound for each
-1440	-1450	-1450	-1450	-1460	-1470	-1470	-1490	-1500	-1510	-1510	-1520	-1530	-1530	-1540	-1550	-1550	-1550	-1560	-1570	-1580	-1580	-1590	-1590	-1590	-1600	-1600	-1600	
# Bin upper bound for each
-1260	-1260	-1270	-1280	-1280	-1290	-1300	-1300	-1310	-1310	-1320	-1330	-1340	-1340	-1350	-1350	-1360	-1360	-1370	-1370	-1390	-1400	-1400	-1410	-1410	-1420	-1420	-1430	
# Normalized histogram for each
0.000361819933590536	0.000738112664524693	0.00186078822989418	0.00391592545268843	0.00984356973614023	0.0170386175583977	0.0362750327705483	0.0657251078223402	0.0940649125636286	0.120006368030831	0.146685936162558	0.143934037124793	0.141105639015354	0.1037575516989	0.0567085550772641	0.0425066057982161	0.0135175927189424	0.00174707339362287	0.00020675424776602	
6.37308010961698e-06	0.000531090009134748	0.0013128545025811	0.00256197820406603	0.00886920315255029	0.0149894844178191	0.0267456928600259	0.0559556433624371	0.0821341320927071	0.111314341554607	0.138145008816094	0.15014126994243	0.13388141822276	0.125611284600514	0.0712722792258832	0.0454761753021902	0.0246744418244004	0.00553820661525715	0.000694665731948251	0.000144456482484651	
0.000209307945933816	0.000565347235408863	0.00283968306029795	0.00595772411054912	0.0122089109081807	0.0218586545598923	0.0402216506413023	0.074202903554351	0.103976419409967	0.126048697543545	0.146785288888122	0.143501096169449	0.124805796751195	0.0953192701410347	0.0562973640145696	0.0307855305632757	0.0122089109081807	0.0019398746741701	0.000267568920575187	
0.000428782346544545	0.00181458920883026	0.0054172450071169	0.00835020466621283	0.017449673329738	0.0325764072459796	0.0562854187479555	0.0933728815057775	0.121504539788349	0.139911237633829	0.141405345191891	0.132246200634775	0.111998390961091	0.0696019838919292	0.0390766592108637	0.020285383384463	0.00679200077799683	0.00148305646665665	
0.000248071355953602	0.0023079495794969	0.00341762591282507	0.009756735026568	0.0138964257790437	0.0268758735101875	0.0472886022286553	0.076195559965713	0.109091593703417	0.138919959334017	0.143994347516961	0.134804632732572	0.113284442603597	0.0894695924320517	0.0471623516278575	0.028182677974586	0.0122042247437888	0.00269556107317441	0.000203772899533316	
0.00024593601711012	0.00135703980869691	0.00277336776437573	0.00622745129039554	0.0151601987690024	0.019150071475155	0.0400831790743583	0.0676389922771699	0.0999707950979682	0.121964501770959	0.145302073108873	0.136766775800774	0.131711912306243	0.0934622740737325	0.0623250176217548	0.034077509370821	0.015526906937372	0.00480453576282984	0.00145146167240883	
0.000742854137631807	0.00228991909682961	0.00466529928913899	0.0131500521531813	0.0191739637294346	0.0317455100055221	0.0547060576577524	0.0890022526668244	0.109760533627845	0.134265954929133	0.144212311656893	0.131912487838229	0.111130102465662	0.0771713692182282	0.0438985160447729	0.020922629221559	0.00907202398169818	0.00217816227966377	
0.000111290776613225	6.98295068945727e-05	0.00124820243574049	0.0028084554804161	0.00783181563264442	0.0186226566199464	0.0291145400308559	0.0442697251990686	0.0768561010258391	0.103709910770983	0.122408943414096	0.14159678260547	0.138936714827205	0.123456386017514	0.088724935025826	0.0558832450644723	0.028056186566985	0.0126893307059981	0.00343692104246725	0.000168027250965066	
6.488913690959e-06	4.97483382973523e-05	0.000179526612116532	0.00221920848230798	0.00599791922167643	0.0121558983143965	0.0263341747291419	0.0370343934055333	0.0652417012201321	0.0904879014204232	0.118465934284608	0.142539804078066	0.146177921687464	0.135685348249183	0.100128264193958	0.0612834638686471	0.0320422558059555	0.0166375747036189	0.00640023187051589	0.000932240600267776	
9.45813674706083e-05	0.000303540202580092	2.19956668536298e-05	0.000743453539652688	0.00382284689916087	0.00834075687089643	0.0207991025767924	0.0358573361047874	0.0508319860987385	0.0830688354394184	0.112239488820702	0.138079998240347	0.14809682492549	0.137750063237542	0.114313680205	0.0769474413540533	0.037315648817183	0.0186237311249684	0.0102455816204208	0.00239752768704565	0.000105579200897423	
0.000251100475125769	0.000674696059250978	0.000495650503074343	0.00215509712129681	0.00741510620458357	0.0134786368082728	0.0305556525992174	0.0432089330631638	0.0708059670206819	0.103621523896031	0.129255607182784	0.152236759362773	0.140378266489659	0.123696461011738	0.0930207168809391	0.0493314176914477	0.0219418145612074	0.0121925656791504	0.00475780813303522	0.000526219256567915	
8.6590082549212e-05	0.000634993938694222	0.000470694807703409	0.00198491112305117	0.00420738990848094	0.0133393132296325	0.0232438865181462	0.042151608133251	0.0578643777281427	0.0968498972020302	0.118781610930777	0.139434455748027	0.153517555584172	0.129703062624612	0.104829506347719	0.0635615611081754	0.0290476423074703	0.013394819692805	0.00589034587187332	0.001005777112687	
0.000194472510081276	0.000865067372430504	0.00134118972469846	0.00229119911302653	0.00426945395695675	0.00770066433597697	0.0185754776870736	0.0349648161228887	0.0550893679419891	0.0801137328886544	0.117264688262802	0.138254307454332	0.14430530842893	0.137594889173022	0.113480297922944	0.075403921638755	0.0423368889763146	0.0162485135147218	0.00674841963144106	0.0029573233429601	
0.000310759068720852	0.00137006187961602	0.00124303627488341	0.0046364345727403	0.0062741575480429	0.013144881775455	0.0277687045202969	0.0503202859890758	0.0712091930244796	0.10525659172156	0.132542145280999	0.153020487415392	0.142475093908215	0.117181120365834	0.0881013301395467	0.0535276825085742	0.0195755530150435	0.00842225125664616	0.0031779084326855	0.000442321302193914	
0.000109726825922963	0.00111555606355012	0.00171676763058635	0.00207566579037604	0.0056852211681335	0.0099668533546691	0.0200800091439022	0.0393576408732427	0.0648919876557321	0.0964933135215453	0.125010858383815	0.145593782146531	0.146528746142416	0.128842153388959	0.0972408275231455	0.0667619156475026	0.0316950508629558	0.0109132472282547	0.00423134072465425	0.00168933592410561	
2.51997076833909e-05	0.00104464242760239	0.000838463001101914	0.00155550922882022	0.00521404860794524	0.00875117121368665	0.0166661703087881	0.0302419401025857	0.0556569907425438	0.083640120683691	0.122124656081262	0.145432094805882	0.15041705516216	0.12693092760124	0.118951783795672	0.0718420757228307	0.0396551763635905	0.0130992662303299	0.00606854778666386	0.00164485364697042	0.000199306778950455	
0.000374534465363755	0.00153559130799139	0.000955062886677575	0.00416669592717177	0.00738769232930007	0.0118446524671287	0.0260114186195128	0.0433008658768671	0.0685070353958478	0.104153353136843	0.153402294491768	0.150040847665129	0.130689120007865	0.122634288162136	0.0894996921794863	0.0514282637752606	0.0235980121583251	0.00734555720194664	0.0023642488126087	0.000760773132770127	
0.000614985466163788	0.00174406034544887	0.00247435558651837	0.00685372474595815	0.0111418070002643	0.0197035577870132	0.0372979076080429	0.0605328272515435	0.0974343575083479	0.129396785740025	0.160347851154299	0.140406466956543	0.11841833425421	0.101996300478055	0.0646143128258102	0.0329233430225575	0.0109664400509285	0.00274821630191943	0.000360343046580345	2.4022869772023e-05	
0.000345125107851596	0.00126306202665133	0.00278736458632921	0.00446984948710574	0.00897564950627936	0.0162280701754386	0.0292685265075256	0.0545129901255872	0.0857635893011217	0.121771642220305	0.153635797143131	0.151553062985332	0.129515386827725	0.106044482791679	0.0739047071229988	0.0373070654779024	0.018200556034896	0.00372207842009395	0.000457770108330937	0.000273224043715847	
0.000256186070998797	0.000643990673886883	0.00193902301444043	0.00371352286401925	0.00482522939229844	0.0144498345367028	0.0272168321299639	0.0464989470517449	0.0750155121841155	0.112538545427196	0.144644065884477	0.155307517298436	0.14422100631769	0.104136112364621	0.0802449984957882	0.0518388989169675	0.0218134213297232	0.00822380791215403	0.00239263688327316	6.5809265944645e-05	1.41019855595668e-05	
1.87957559183136e-05	0.000756529175712124	0.000723636602855075	0.00234946948978921	0.00511714454876089	0.0111435337900702	0.0234453560386065	0.0394076517522343	0.0673733870891953	0.102965500390012	0.136708581202365	0.159066132867199	0.15103094721212	0.118345127670172	0.0821163081376225	0.0582621444077927	0.0265067147838018	0.00905955435262718	0.00487749866080239	0.000725986072344865	
3.51176206173209e-05	0.000924764009589452	0.00229201003895715	0.00320272700029967	0.00685261836979323	0.0179802217560683	0.0349537383877735	0.0551814878633503	0.095021257866347	0.131274348216961	0.154547965987414	0.155985447258016	0.129722149385676	0.0936001648186994	0.0614698831285586	0.0383929240335631	0.0117761087803416	0.00444354959544501	0.00234351588252922	
1.62198108770052e-05	0.000412446619443846	0.0022058942792727	0.0033134756505882	0.00427044449233151	0.0136339096000426	0.026744151020342	0.0485991876191866	0.0803737971272398	0.135989211508651	0.149484094158319	0.154146131227538	0.144319242951913	0.103862400392983	0.0657527961795394	0.0409967305495504	0.0183700943761281	0.00452996146636359	0.00279212458668446	0.000187686383005346	
0.000141938142441794	0.00059751379318239	0.00305395938737666	0.00492433781277901	0.00946635837091642	0.0209770838579703	0.0431469059774273	0.0742153338980335	0.115283532886152	0.150465877612692	0.155454316522058	0.149552436986333	0.114930976854925	0.0786245736132415	0.0420686339598452	0.0251963096082965	0.008353746480163	0.00313408575810993	0.000412078478056821	
0.000562566209279167	0.00084158090178456	0.00525591091491867	0.00660561613476183	0.0166342661800166	0.0319914163284842	0.0610747283009366	0.104489868137203	0.135009084990597	0.15550645703514	0.152053933766903	0.133595864230997	0.0985194074000141	0.0518196067934407	0.028518477351039	0.0132656741607442	0.0030510143204858	0.00112966924282671	7.48576004282762e-05	
0.000115369737386808	0.000918433595667527	0.00314665303343234	0.00844461234637162	0.00873416776569537	0.0257070920718369	0.0519525762514789	0.0861472615522433	0.124725996873706	0.150534885772649	0.153561644765268	0.148265947604042	0.108433980233318	0.0666565623890132	0.0380312946068041	0.0178212311986916	0.00489303415622872	0.000778180189432584	0.00113107585673341	
0.00034488355108334	0.00291911240949624	0.00768887446238741	0.00889483982075072	0.0180105854454633	0.0396142714165923	0.0808222204189095	0.11693806522582	0.134908076135862	0.156441883740431	0.154354549307077	0.121360689586771	0.0821115889889727	0.044003083664692	0.0193856113680832	0.00990920320628995	0.00135023037319556	0.000901656342701543	4.05745354215694e-05	
0.000470653938742926	0.0087329950930386	0.00918788550273272	0.0132323566701121	0.0322972190882825	0.0673643154237124	0.109182706057474	0.135647419397698	0.144682173475385	0.162456678444275	0.132183946872403	0.0999092471113333	0.0496551165037393	0.0233367787903969	0.00873524702575986	0.0026122419566593	0.00026122419566593	5.17944525889345e-05	
