# <N_i^j*N_k^m*U^p> as a function of N_tot.
# number_of_species: 1
# max_order: 2
# species_total_upper_bound: 369
# species_total_lower_bound: 342
# volume: 729
#	N_tot	N_1^0*N_1^0*U^0	N_1^0*N_1^0*U^1	N_1^0*N_1^0*U^2	N_1^0*N_1^1*U^0	N_1^0*N_1^1*U^1	N_1^0*N_1^1*U^2	N_1^0*N_1^2*U^0	N_1^0*N_1^2*U^1	N_1^0*N_1^2*U^2	N_1^1*N_1^0*U^0	N_1^1*N_1^0*U^1	N_1^1*N_1^0*U^2	N_1^1*N_1^1*U^0	N_1^1*N_1^1*U^1	N_1^1*N_1^1*U^2	N_1^1*N_1^2*U^0	N_1^1*N_1^2*U^1	N_1^1*N_1^2*U^2	N_1^2*N_1^0*U^0	N_1^2*N_1^0*U^1	N_1^2*N_1^0*U^2	N_1^2*N_1^1*U^0	N_1^2*N_1^1*U^1	N_1^2*N_1^1*U^2	N_1^2*N_1^2*U^0	N_1^2*N_1^2*U^1	N_1^2*N_1^2*U^2	
342	1	-1339.90986289097	1796075.39700015	342	-458249.173108711	614257785.774052	116964	-156721217.203179	210076162731.405	342	-458249.173108711	614257785.774052	116964	-156721217.203179	210076162731.405	40001688	-53598656283.4846	71846047655440.2	116964	-156721217.203179	210076162731.405	40001688	-53598656283.4846	71846047655440.2	13680577296	-18330740448940.5	2.45713482980459e+16	
343	1	-1346.03651432273	1812532.5239005	343	-461690.524412696	621698655.697872	117649	-158359849.873555	213242638903.815	343	-461690.524412696	621698655.697872	117649	-158359849.873555	213242638903.815	40353607	-54317428506.6369	73142225143989.7	117649	-158359849.873555	213242638903.815	40353607	-54317428506.6369	73142225143989.7	13841287200.4432	-18630877977768.4	2.50877832245087e+16	
344	1	-1352.01616586271	1828668.20528934	344	-465093.561056772	629061862.619533	118336	-159992185.00353	216397280741.119	344	-465093.561056772	629061862.619533	118336	-159992185.00353	216397280741.119	40707584	-55037311641.2142	74440664575092.5	118336	-159992185.00353	216397280741.119	40707584	-55037311641.2142	74440664575092.5	14003408896	-18932835204577.7	2.56075886137959e+16	
345	1	-1357.93910834077	1844732.53804138	345	-468488.992377567	636432725.624275	119025	-161628702.370261	219569290339.845	345	-468488.992377567	636432725.624275	119025	-161628702.370261	219569290339.845	41063625	-55761902317.7322	75751405167569.8	119025	-161628702.370261	219569290339.845	41063625	-55761902317.7322	75751405167569.8	14166950624.4327	-19237856299613.7	2.61342347827139e+16	
346	1	-1364.18869920031	1861759.26622861	346	-472009.289923306	644168706.115099	119716	-163315214.313464	222882372312.857	346	-472009.289923306	644168706.115099	119716	-163315214.313464	222882372312.857	41421736	-56507064152.4649	77117300821244.8	119716	-163315214.313464	222882372312.857	41421736	-56507064152.4649	77117300821244.8	14331920656	-19551444196771.9	2.66825860841476e+16	
347	1	-1370.28305371679	1878420.33661164	347	-475488.219639725	651811856.80424	120409	-164994412.214984	226178714310.706	347	-475488.219639725	651811856.80424	120409	-164994412.214984	226178714310.706	41781923	-57253061038.5987	78484013865880.9	120409	-164994412.214984	226178714310.706	41781923	-57253061038.5987	78484013865880.9	14498327280.4236	-19866812180381.1	2.72339528115124e+16	
348	1	-1376.58908299011	1895739.56259827	348	-479053.000880559	659717367.784199	121104	-166710444.306435	229581643984.352	348	-479053.000880559	659717367.784199	121104	-166710444.306435	229581643984.352	42144192	-58015234618.6392	79894412107997	121104	-166710444.306435	229581643984.352	42144192	-58015234618.6392	79894412107997	14666178816	-20189301647282.7	2.78032554136533e+16	
349	1	-1382.67083785863	1912504.63366765	349	-482552.122412661	667464117.150009	121801	-168410690.722019	232944976885.077	349	-482552.122412661	667464117.150009	121801	-168410690.722019	232944976885.077	42508549	-58775331062.0142	81297796932757.1	121801	-168410690.722019	232944976885.077	42508549	-58775331062.0142	81297796932757.1	14835483600.4181	-20512590540635.1	2.83729311296129e+16	
350	1	-1389.17480566901	1930525.46629973	350	-486211.181984155	675683913.204905	122500	-170173913.694454	236489369618.944	350	-486211.181984155	675683913.204905	122500	-170173913.694454	236489369618.944	42875000	-59560869793.0626	82771279367699	122500	-170173913.694454	236489369618.944	42875000	-59560869793.0626	82771279367699	15006250000	-20846304427570.2	2.89699477786999e+16	
351	1	-1395.60571097639	1948433.16040861	351	-489857.604552712	683900039.303422	123201	-171940019.198002	240048913795.31	351	-489857.604552712	683900039.303422	123201	-171940019.198002	240048913795.31	43243551	-60350946738.5129	84257168741804.7	123201	-171940019.198002	240048913795.31	43243551	-60350946738.5129	84257168741804.7	15178486400.4096	-21183182305217.2	2.95742662285054e+16	
352	1	-1402.14858779711	1966736.9326161	352	-493556.302904581	692291400.280867	123904	-173731818.622413	243686572898.865	352	-493556.302904581	692291400.280867	123904	-173731818.622413	243686572898.865	43614208	-61153600155.0893	85777673660400.6	123904	-173731818.622413	243686572898.865	43614208	-61153600155.0893	85777673660400.6	15352201216	-21526067254591.4	3.01937411279091e+16	
353	1	-1409.1208675737	1986328.57764425	353	-497419.666253517	701173987.908422	124609	-175589142.187491	247514417731.509	353	-497419.666253517	701173987.908422	124609	-175589142.187491	247514417731.509	43986977	-61982967192.1768	87372589459390.7	124609	-175589142.187491	247514417731.509	43986977	-61982967192.1768	87372589459390.7	15527402880.4023	-21879987418833.5	3.08425240791988e+16	
354	1	-1415.81187584949	2005231.71931055	354	-501197.404050718	709852028.635934	125316	-177423881.033954	251287618134.554	354	-501197.404050718	709852028.635934	125316	-177423881.033954	251287618134.554	44361864	-62808053886.0171	88955816820853.5	125316	-177423881.033954	251287618134.554	44361864	-62808053886.0171	88955816820853.5	15704099856	-22234051075666.9	3.14903591544587e+16	
355	1	-1422.43827985945	2024030.32350718	355	-504965.589350103	718530764.845048	126025	-179262784.219287	255078421519.899	355	-504965.589350103	718530764.845048	126025	-179262784.219287	255078421519.899	44738875	-63638288397.8424	90552839639390.3	126025	-179262784.219287	255078421519.899	44738875	-63638288397.8424	90552839639390.3	15882300624.401	-22591592381163.6	3.21462580720975e+16	
356	1	-1428.66350979485	2041771.08173516	356	-508604.209486968	726870505.097717	126736	-181063098.577361	258765899809.935	356	-508604.209486968	726870505.097717	126736	-181063098.577361	258765899809.935	45118016	-64458463093.5404	92120660334221.2	126736	-181063098.577361	258765899809.935	45118016	-64458463093.5404	92120660334221.2	16062013696	-22947212861302.1	3.27949550788557e+16	
357	1	-1435.5774357482	2061569.52356148	357	-512501.144562108	735980319.911447	127449	-182962908.608673	262744974208.343	357	-512501.144562108	735980319.911447	127449	-182962908.608673	262744974208.343	45499293	-65317758373.3001	93799955792626.3	127449	-182962908.608673	262744974208.343	45499293	-65317758373.3001	93799955792626.3	16243247600.3936	-23318439739274.5	3.34865842178365e+16	
358	1	-1441.97788800002	2079984.84814234	358	-516228.083904008	744634575.634956	128164	-184809654.037635	266579178074.903	358	-516228.083904008	744634575.634956	128164	-184809654.037635	266579178074.903	45882712	-66161856145.4636	95435345751770.9	128164	-184809654.037635	266579178074.903	45882712	-66161856145.4636	95435345751770.9	16426010896	-23685944500091.3	3.41658537791618e+16	
359	1	-1448.46838835085	2098736.50853333	359	-520000.151417954	753446406.563465	128881	-186680054.359046	270487259956.285	359	-520000.151417954	753446406.563465	128881	-186680054.359046	270487259956.285	46268279	-67018139514.8934	97104926324161.1	128881	-186680054.359046	270487259956.285	46268279	-67018139514.8934	97104926324161.1	16610312160.3878	-24059512085749.9	3.48606685504457e+16	
360	1	-1455.07669369594	2117908.49010046	360	-523827.609730537	762447056.436167	129600	-188577939.502993	274480940317.02	360	-523827.609730537	762447056.436167	129600	-188577939.502993	274480940317.02	46656000	-67888058221.0777	98813138514085.6	129600	-188577939.502993	274480940317.02	46656000	-67888058221.0777	98813138514085.6	16796160000	-24439700959588	3.55727298651472e+16	
361	1	-1461.79845528816	2137517.37642663	361	-527709.242359025	771643772.890013	130321	-190503036.491608	278563402013.337	361	-527709.242359025	771643772.890013	130321	-190503036.491608	278563402013.337	47045881	-68771596173.4614	100561388126659	130321	-190503036.491608	278563402013.337	47045881	-68771596173.4614	100561388126659	16983563040.3792	-24826546218642.9	3.63026611138099e+16	
362	1	-1468.85720224308	2158196.97234019	362	-531726.307211995	781267303.987147	131044	-192484923.210742	282818764041.236	362	-531726.307211995	781267303.987147	131044	-192484923.210742	282818764041.236	47437928	-69679542202.2809	102380392583934	131044	-192484923.210742	282818764041.236	47437928	-69679542202.2809	102380392583934	17172529936	-25223994277218.8	3.70617021153269e+16	
363	1	-1475.43550536894	2177556.0657972	363	-535583.088448924	790452851.884382	131769	-194416661.106959	286934385234.187	363	-535583.088448924	790452851.884382	131769	-194416661.106959	286934385234.187	47832147	-70573247981.8237	104157181839548	131769	-194416661.106959	286934385234.187	47832147	-70573247981.8237	104157181839548	17363069360.3699	-25618089017394.2	3.78090570078244e+16	
364	1	-1482.70612400329	2199055.9405038	364	-539705.029137196	800456362.343383	132496	-196452630.605939	291366115887.727	364	-539705.029137196	800456362.343383	132496	-196452630.605939	291366115887.727	48228544	-71508757540.5619	106057266185199	132496	-196452630.605939	291366115887.727	48228544	-71508757540.5619	106057266185199	17555190016	-26029187744758	3.86048448914446e+16	
365	1	-1489.44482524329	2219067.31841783	365	-543647.361213802	809959571.22251	133225	-198431286.843038	295635243496.311	365	-543647.361213802	809959571.22251	133225	-198431286.843038	295635243496.311	48627125	-72427419697.6897	107906863876128	133225	-198431286.843038	295635243496.311	48627125	-72427419697.6897	107906863876128	17748900624.3536	-26436008189661.6	3.93860053145667e+16	
366	1	-1496.07312652579	2238833.63505499	366	-547562.764308439	819413110.430127	133956	-200407971.736889	299905198415.672	366	-547562.764308439	819413110.430127	133956	-200407971.736889	299905198415.672	49027896	-73349317655.7338	109765302620486	133956	-200407971.736889	299905198415.672	49027896	-73349317655.7338	109765302620486	17944209936	-26845850261989.3	4.01741007591717e+16	
367	1	-1502.18541633651	2257164.91300238	367	-551302.047795501	828379523.071872	134689	-202327851.540949	304015284967.626	367	-551302.047795501	828379523.071872	134689	-202327851.540949	304015284967.626	49430863	-74254321515.5493	111573609582805	134689	-202327851.540949	304015284967.626	49430863	-74254321515.5493	111573609582805	18141126720.3421	-27251335996277.3	4.09475147170437e+16	
368	1	-1508.56748830442	2276370.58601399	368	-555152.835696027	837704375.653148	135424	-204296243.536138	308275210240.358	368	-555152.835696027	837704375.653148	135424	-204296243.536138	308275210240.358	49836032	-75181017621.2988	113445277370432	135424	-204296243.536138	308275210240.358	49836032	-75181017621.2988	113445277370432	18339659776	-27666614484638	4.17478620716076e+16	
369	1	-1515.55999841193	2297500.9623519	369	-559241.639414004	847777855.10785	136161	-206360164.943767	312830028535.359	369	-559241.639414004	847777855.10785	136161	-206360164.943767	312830028535.359	50243409	-76146900864.2766	115434280529258	136161	-206360164.943767	312830028535.359	50243409	-76146900864.2766	115434280529258	18539817920.3326	-28098206418898.5	4.25952495154295e+16	
