# <N_i^j*N_k^m*U^p> as a function of N_tot.
# number_of_species: 1
# max_order: 2
# species_total_upper_bound: 369
# species_total_lower_bound: 342
# volume: 729
#	N_tot	N_1^0*N_1^0*U^0	N_1^0*N_1^0*U^1	N_1^0*N_1^0*U^2	N_1^0*N_1^1*U^0	N_1^0*N_1^1*U^1	N_1^0*N_1^1*U^2	N_1^0*N_1^2*U^0	N_1^0*N_1^2*U^1	N_1^0*N_1^2*U^2	N_1^1*N_1^0*U^0	N_1^1*N_1^0*U^1	N_1^1*N_1^0*U^2	N_1^1*N_1^1*U^0	N_1^1*N_1^1*U^1	N_1^1*N_1^1*U^2	N_1^1*N_1^2*U^0	N_1^1*N_1^2*U^1	N_1^1*N_1^2*U^2	N_1^2*N_1^0*U^0	N_1^2*N_1^0*U^1	N_1^2*N_1^0*U^2	N_1^2*N_1^1*U^0	N_1^2*N_1^1*U^1	N_1^2*N_1^1*U^2	N_1^2*N_1^2*U^0	N_1^2*N_1^2*U^1	N_1^2*N_1^2*U^2	
342	1	-1339.8550704798	1795947.99729419	342	-458230.434104093	614214215.074613	116964	-156714808.4636	210061261553.24	342	-458230.434104093	614214215.074613	116964	-156714808.4636	210061261553.24	40001688	-53596464494.5487	71840951451444.5	116964	-156714808.4636	210061261553.24	40001688	-53596464494.5487	71840951451444.5	13680577296	-18329990857146.8	2.45696053966782e+16	
343	1	-1346.1151260238	1812765.44154908	343	-461717.488226163	621778546.451334	117649	-158369098.461574	213270041433.055	343	-461717.488226163	621778546.451334	117649	-158369098.461574	213270041433.055	40353607	-54320600772.2749	73151624211172	117649	-158369098.461574	213270041433.055	40353607	-54320600772.2749	73151624211172	13841287200.1676	-18631966064898.7	2.50910071045903e+16	
344	1	-1352.28811706766	1829423.36123487	344	-465187.112271275	629321636.264796	118336	-160024366.621319	216486642865.194	344	-465187.112271275	629321636.264796	118336	-160024366.621319	216486642865.194	40707584	-55048382117.7336	74471405149930.3	118336	-160024366.621319	216486642865.194	40707584	-55048382117.7336	74471405149930.3	14003408896	-18936643448499.8	2.56181633713686e+16	
345	1	-1358.5057504065	1846286.27673449	345	-468684.483890244	636968765.473399	119025	-161696146.942134	219754224088.553	345	-468684.483890244	636968765.473399	119025	-161696146.942134	219754224088.553	41063625	-55785170695.0327	75815207310219.5	119025	-161696146.942134	219754224088.553	41063625	-55785170695.0327	75815207310219.5	14166950624.1655	-19245883889799.5	2.615624652235e+16	
346	1	-1364.84383648368	1863553.54867196	346	-472235.967423353	644789527.840498	119716	-163393644.72848	223097176630.391	346	-472235.967423353	644789527.840498	119716	-163393644.72848	223097176630.391	41421736	-56534201076.047	77191623114779.9	119716	-163393644.72848	223097176630.391	41421736	-56534201076.047	77191623114779.9	14331920656	-19560833572297.7	2.67083015978499e+16	
347	1	-1371.13860267531	1880769.64448443	347	-475785.095128332	652627066.636098	120409	-165097428.009531	226461592122.912	347	-475785.095128332	652627066.636098	120409	-165097428.009531	226461592122.912	41781923	-57288807519.3413	78582172466589.1	120409	-165097428.009531	226461592122.912	41781923	-57288807519.3413	78582172466589.1	14498327280.1613	-19879216209201.4	2.72680138459144e+16	
348	1	-1377.54412948533	1898374.93132368	348	-479385.357060895	660634476.100641	121104	-166826104.257192	229900797671.057	348	-479385.357060895	660634476.100641	121104	-166826104.257192	229900797671.057	42144192	-58055484281.5026	80005477593921.6	121104	-166826104.257192	229900797671.057	42144192	-58055484281.5026	80005477593921.6	14666178816	-20203308529969.3	2.78419062029074e+16	
349	1	-1384.07716987381	1916407.24375953	349	-483042.932285961	668826128.072077	121801	-168581983.367801	233420318697.339	349	-483042.932285961	668826128.072077	121801	-168581983.367801	233420318697.339	42508549	-58835112195.381	81463691225125.8	121801	-168581983.367801	233420318697.339	42508549	-58835112195.381	81463691225125.8	14835483600.1576	-20533454156169.6	2.84308282377472e+16	
350	1	-1390.53574254225	1934320.99665351	350	-486687.509889787	677012348.828727	122500	-170340628.461426	236954322087.423	350	-486687.509889787	677012348.828727	122500	-170340628.461426	236954322087.423	42875000	-59619219961.4861	82934012731329.3	122500	-170340628.461426	236954322087.423	42875000	-59619219961.4861	82934012731329.3	15006250000	-20866726986504.7	2.90269044561155e+16	
351	1	-1397.02733286262	1952410.77538077	351	-490356.593834778	685296182.158649	123201	-172115164.436007	240538959937.747	351	-490356.593834778	685296182.158649	123201	-172115164.436007	240538959937.747	43243551	-60412422717.0419	84429174937859.6	123201	-172115164.436007	240538959937.747	43243551	-60412422717.0419	84429174937859.6	15178486400.1541	-21204760373661.3	2.96346404032912e+16	
352	1	-1403.55577112238	1970691.25063823	352	-494051.631435077	693683320.224655	123904	-173906174.265147	244176528719.079	352	-494051.631435077	693683320.224655	123904	-173906174.265147	244176528719.079	43614208	-61214973341.3318	85950138110916	123904	-173906174.265147	244176528719.079	43614208	-61214973341.3318	85950138110916	15352201216	-21547670616148.8	3.02544486139719e+16	
353	1	-1410.1756268238	1989308.97525053	353	-497791.996268801	702226068.263436	124609	-175720574.682887	247885802096.891	353	-497791.996268801	702226068.263436	124609	-175720574.682887	247885802096.891	43986977	-62029362863.0407	87503688139994.2	124609	-175720574.682887	247885802096.891	43986977	-62029362863.0407	87503688139994.2	15527402880.1511	-21896365090617.8	3.08888019136164e+16	
354	1	-1416.73120702375	2007828.87263397	354	-501522.847286409	710771420.912424	125316	-177539087.939389	251613083000.164	354	-501522.847286409	710771420.912424	125316	-177539087.939389	251613083000.164	44361864	-62848837130.5481	89071031383094.5	125316	-177539087.939389	251613083000.164	44361864	-62848837130.5481	89071031383094.5	15704099856	-22248488344235.1	3.15311451096484e+16	
355	1	-1423.1560829647	2026068.14397987	355	-505220.409452467	719254191.112854	126025	-179353245.355626	255335237845.022	355	-505220.409452467	719254191.112854	126025	-179353245.355626	255335237845.022	44738875	-63670402101.2756	90644009435483.9	126025	-179353245.355626	255335237845.022	44738875	-63670402101.2756	90644009435483.9	15882300624.1483	-22602992746095.3	3.21786233492878e+16	
356	1	-1429.62191492096	2044502.26130106	356	-508945.401711863	727842805.023178	126736	-181184563.009423	259112038575.018	356	-508945.401711863	727842805.023178	126736	-181184563.009423	259112038575.018	45118016	-64501704431.3546	92243885737364.5	126736	-181184563.009423	259112038575.018	45118016	-64501704431.3546	92243885737364.5	16062013696	-22962606777551.2	3.28388233226912e+16	
357	1	-1436.32678126767	2063707.02607979	357	-512768.66091256	736743408.310484	127449	-183058411.945784	263017396766.876	357	-512768.66091256	736743408.310484	127449	-183058411.945784	263017396766.876	45499293	-65351853064.6627	93897210645596.5	127449	-183058411.945784	263017396766.876	45499293	-65351853064.6627	93897210645596.5	16243247600.145	-23330611544051.2	3.35213042004699e+16	
358	1	-1442.77750409607	2082275.6968548	358	-516514.346466391	745454699.474018	128164	-184912136.034968	266872782408.8	358	-516514.346466391	745454699.474018	128164	-184912136.034968	266872782408.8	45882712	-66198544700.5241	95540456103757.4	128164	-184912136.034968	266872782408.8	45882712	-66198544700.5241	95540456103757.4	16426010896	-23699079002729.6	3.42034832850127e+16	
359	1	-1449.32311870594	2101202.77634373	359	-520306.999615431	754331796.707399	128881	-186790212.86194	270805115017.873	359	-520306.999615431	754331796.707399	128881	-186790212.86194	270805115017.873	46268279	-67057686417.4267	97219036291196.7	128881	-186790212.86194	270805115017.873	46268279	-67057686417.4267	97219036291196.7	16610312160.1409	-24073709423117.1	3.49016340284667e+16	
360	1	-1455.92664303514	2120378.92837504	360	-524133.591492651	763336414.215014	129600	-188688092.937354	274801109102.915	360	-524133.591492651	763336414.215014	129600	-188688092.937354	274801109102.915	46656000	-67927713457.4475	98928399281637.3	129600	-188688092.937354	274801109102.915	46656000	-67927713457.4475	98928399281637.3	16796160000	-24453976844668.5	3.56142237415908e+16	
361	1	-1462.59721424435	2139843.78659467	361	-527997.594342211	772483606.960675	130321	-190607131.557538	278866582112.55	361	-527997.594342211	772483606.960675	130321	-190607131.557538	278866582112.55	47045881	-68809174492.2735	100670836142829	130321	-190607131.557538	278866582112.55	47045881	-68809174492.2735	100670836142829	16983563040.1369	-24840111991699.6	3.63421718476033e+16	
362	1	-1469.30158083256	2159497.57255377	362	-531887.172261387	781738121.264464	131044	-192543156.358622	282989199894.732	362	-531887.172261387	781738121.264464	131044	-192543156.358622	282989199894.732	47437928	-69700622601.8074	102442090362044	131044	-192543156.358622	282989199894.732	47437928	-69700622601.8074	102442090362044	17172529936	-25231625381819.3	3.70840367115217e+16	
363	1	-1475.79237834935	2178606.2747024	363	-535712.633340812	790834077.716973	131769	-194463685.902715	287072770210.83	363	-535712.633340812	790834077.716973	131769	-194463685.902715	287072770210.83	47832147	-70590317982.6633	104207415586398	131769	-194463685.902715	287072770210.83	47832147	-70590317982.6633	104207415586398	17363069360.1321	-25624285427728.2	3.78272918578792e+16	
364	1	-1482.54594326507	2198576.89237976	364	-539646.723348485	800281988.826233	132496	-196431407.298849	291302643918.102	364	-539646.723348485	800281988.826233	132496	-196431407.298849	291302643918.102	48228544	-71501032256.7809	106034162391935	132496	-196431407.298849	291302643918.102	48228544	-71501032256.7809	106034162391935	17555190016	-26026375741462.9	3.85964351100275e+16	
365	1	-1489.23107366072	2218436.50532747	365	-543569.341886163	809729324.444525	133225	-198402809.788449	295551203422.206	365	-543569.341886163	809729324.444525	133225	-198402809.788449	295551203422.206	48627125	-72417025572.738	107876189248616	133225	-198402809.788449	295551203422.206	48627125	-72417025572.738	107876189248616	17748900624.1275	-26432214334218.1	3.93748090760152e+16	
366	1	-1495.86834215013	2238239.24234571	366	-547487.813226946	819195562.69853	133956	-200380539.641062	299825575945.041	366	-547487.813226946	819195562.69853	133956	-200380539.641062	299825575945.041	49027896	-73339277508.6506	109736160796692	133956	-200380539.641062	299825575945.041	49027896	-73339277508.6506	109736160796692	17944209936	-26842175568130.4	4.01634348519702e+16	
367	1	-1502.56346967755	2258312.62866307	367	-551440.793371659	828800734.719348	134689	-202378771.167399	304169869642.257	367	-551440.793371659	828800734.719348	134689	-202378771.167399	304169869642.257	49430863	-74273009018.4564	111630342158015	134689	-202378771.167399	304169869642.257	49430863	-74273009018.4564	111630342158015	18141126720.1246	-27258194309720.9	4.09683355725505e+16	
368	1	-1509.02413490153	2277758.65751781	368	-555320.881643764	838215185.966554	135424	-204358084.444905	308463188435.692	368	-555320.881643764	838215185.966554	135424	-204358084.444905	308463188435.692	49836032	-75203775075.7251	113514453346035	135424	-204358084.444905	308463188435.692	49836032	-75203775075.7251	113514453346035	18339659776	-27674989227866.8	4.17733188308953e+16	
369	1	-1515.89062186192	2298517.8155826	369	-559363.639467049	848153073.949979	136161	-206405182.963341	312968484287.655	369	-559363.639467049	848153073.949979	136161	-206405182.963341	312968484287.655	50243409	-76163512513.5013	115485370700751	136161	-206405182.963341	312968484287.655	50243409	-76163512513.5013	115485370700751	18539817920.122	-28104336117455	4.26141017891294e+16	
