# <N_i^j*N_k^m*U^p> as a function of N_tot.
# number_of_species: 1
# max_order: 2
# species_total_upper_bound: 369
# species_total_lower_bound: 342
# volume: 729
#	N_tot	N_1^0*N_1^0*U^0	N_1^0*N_1^0*U^1	N_1^0*N_1^0*U^2	N_1^0*N_1^1*U^0	N_1^0*N_1^1*U^1	N_1^0*N_1^1*U^2	N_1^0*N_1^2*U^0	N_1^0*N_1^2*U^1	N_1^0*N_1^2*U^2	N_1^1*N_1^0*U^0	N_1^1*N_1^0*U^1	N_1^1*N_1^0*U^2	N_1^1*N_1^1*U^0	N_1^1*N_1^1*U^1	N_1^1*N_1^1*U^2	N_1^1*N_1^2*U^0	N_1^1*N_1^2*U^1	N_1^1*N_1^2*U^2	N_1^2*N_1^0*U^0	N_1^2*N_1^0*U^1	N_1^2*N_1^0*U^2	N_1^2*N_1^1*U^0	N_1^2*N_1^1*U^1	N_1^2*N_1^1*U^2	N_1^2*N_1^2*U^0	N_1^2*N_1^2*U^1	N_1^2*N_1^2*U^2	
342	1	-1339.97830483196	1796281.22865963	342	-458272.580252531	614328180.201594	116964	-156729222.446366	210100237626.3	342	-458272.580252531	614328180.201594	116964	-156729222.446366	210100237626.3	40001688	-53601394076.6485	71854281268721.1	116964	-156729222.446366	210100237626.3	40001688	-53601394076.6485	71854281268721.1	13680577296	-18331676774210.8	2.45741641941769e+16	
343	1	-1346.222968021	1813057.88395	343	-461754.478031204	621878854.194848	117649	-158381785.964703	213304446988.945	343	-461754.478031204	621878854.194848	117649	-158381785.964703	213304446988.945	40353607	-54324952585.8421	73163425317081.5	117649	-158381785.964703	213304446988.945	40353607	-54324952585.8421	73163425317081.5	13841287200.1488	-18633458736959.6	2.5095054883895e+16	
344	1	-1352.35626438715	1829608.18802717	344	-465210.554949181	629385216.681348	118336	-160032430.902518	216508514526.006	344	-465210.554949181	629385216.681348	118336	-160032430.902518	216508514526.006	40707584	-55051156230.4663	74478929002010.6	118336	-160032430.902518	216508514526.006	40707584	-55051156230.4663	74478929002010.6	14003408896	-18937597743276	2.56207515765176e+16	
345	1	-1358.55475436406	1846417.76976807	345	-468701.390255601	637014130.569983	119025	-161701979.638182	219769875046.74	345	-468701.390255601	637014130.569983	119025	-161701979.638182	219769875046.74	41063625	-55787182975.1665	75820606890706.3	119025	-161701979.638182	219769875046.74	41063625	-55787182975.1665	75820606890706.3	14166950624.1465	-19246578126445.7	2.61581093777435e+16	
346	1	-1364.87875044893	1863648.33028268	346	-472248.047655329	644822322.277809	119716	-163397824.488744	223108523505.368	346	-472248.047655329	644822322.277809	119716	-163397824.488744	223108523505.368	41421736	-56535647273.113	77195549133562	119716	-163397824.488744	223108523505.368	41421736	-56535647273.113	77195549133562	14331920656	-19561333956490.4	2.67096600003803e+16	
347	1	-1371.17251425451	1880859.13676067	347	-475796.862446315	652658120.455954	120409	-165101511.268871	226472367798.342	347	-475796.862446315	652658120.455954	120409	-165101511.268871	226472367798.342	41781923	-57290224410.335	78585911625706	120409	-165101511.268871	226472367798.342	41781923	-57290224410.335	78585911625706	14498327280.143	-19879707870390.7	2.72693113341895e+16	
348	1	-1377.55360773292	1898397.56899876	348	-479388.655491054	660642354.011569	121104	-166827252.110887	229903539182.756	348	-479388.655491054	660642354.011569	121104	-166827252.110887	229903539182.756	42144192	-58055883734.5887	80006431640331.8	121104	-166827252.110887	229903539182.756	42144192	-58055883734.5887	80006431640331.8	14666178816	-20203447539655.3	2.78422382111353e+16	
349	1	-1384.06814593273	1916377.86440255	349	-483039.782930522	668815874.676492	121801	-168580884.242752	233416740262.198	349	-483039.782930522	668815874.676492	121801	-168580884.242752	233416740262.198	42508549	-58834728600.7474	81462442351390.8	121801	-168580884.242752	233416740262.198	42508549	-58834728600.7474	81462442351390.8	14835483600.1397	-20533320281638.4	2.84303923807757e+16	
350	1	-1390.54305887866	1934336.30934954	350	-486690.07060753	677017708.27234	122500	-170341524.712635	236956197892.379	350	-486690.07060753	677017708.27234	122500	-170341524.712635	236956197892.379	42875000	-59619533649.4187	82934669263260.6	122500	-170341524.712635	236956197892.379	42875000	-59619533649.4187	82934669263260.6	15006250000	-20866836777275.4	2.90271342422769e+16	
351	1	-1397.01968763941	1952382.85305577	351	-490353.910361431	685286381.422576	123201	-172114222.536862	240535519879.25	351	-490353.910361431	685286381.422576	123201	-172114222.536862	240535519879.25	43243551	-60412092110.4232	84427967477267.3	123201	-172114222.536862	240535519879.25	43243551	-60412092110.4232	84427967477267.3	15178486400.1365	-21204644330736.9	2.96342165846502e+16	
352	1	-1403.56038117066	1970695.30015324	352	-494053.254172073	693684745.65394	123904	-173906745.46857	244177030470.187	352	-494053.254172073	693684745.65394	123904	-173906745.46857	244177030470.187	43614208	-61215174404.9365	85950314728966.5	123904	-173906745.46857	244177030470.187	43614208	-61215174404.9365	85950314728966.5	15352201216	-21547741390537.7	3.0254510783048e+16	
353	1	-1410.15563544548	1989245.42765834	353	-497784.939312255	702203635.963392	124609	-175718083.577226	247877883494.935	353	-497784.939312255	702203635.963392	124609	-175718083.577226	247877883494.935	43986977	-62028483502.7421	87500892873572.2	124609	-175718083.577226	247877883494.935	43986977	-62028483502.7421	87500892873572.2	15527402880.1338	-21896054676427.6	3.08878151845721e+16	
354	1	-1416.72076866414	2007795.75838993	354	-501519.152107107	710759698.470037	125316	-177537779.845916	251608933255.257	354	-501519.152107107	710759698.470037	125316	-177537779.845916	251608933255.257	44361864	-62848374065.4575	89069562373412.5	125316	-177537779.845916	251608933255.257	44361864	-62848374065.4575	89069562373412.5	15704099856	-22248324419199	3.15306250802665e+16	
355	1	-1423.18860945307	2026156.77966828	355	-505231.956355842	719285656.782239	126025	-179357344.506324	255346408157.471	355	-505231.956355842	719285656.782239	126025	-179357344.506324	255346408157.471	44738875	-63671857299.7911	90647974896447.5	126025	-179357344.506324	255346408157.471	44738875	-63671857299.7911	90647974896447.5	15882300624.1313	-22603509341516	3.21800310879021e+16	
356	1	-1429.60872770127	2044461.54028191	356	-508940.707061651	727828308.340361	126736	-181182891.713948	259106877754.769	356	-508940.707061651	727828308.340361	126736	-181182891.713948	259106877754.769	45118016	-64501109450.1654	92242048485825.3	126736	-181182891.713948	259106877754.769	45118016	-64501109450.1654	92242048485825.3	16062013696	-22962394964243.1	3.28381692611734e+16	
357	1	-1436.2912925392	2063604.12011242	357	-512755.991436495	736706670.880135	127449	-183053888.942829	263004281504.078	357	-512755.991436495	736706670.880135	127449	-183053888.942829	263004281504.078	45499293	-65350238352.6046	93892528496430.1	127449	-183053888.942829	263004281504.078	45499293	-65350238352.6046	93892528496430.1	16243247600.1279	-23330035091855.8	3.35196326733469e+16	
358	1	-1442.74035516278	2082166.79011539	358	-516501.047148275	745415710.86131	128164	-184907374.879082	266858824485.155	358	-516501.047148275	745415710.86131	128164	-184907374.879082	266858824485.155	45882712	-66196840206.7038	95535459167289.9	128164	-184907374.879082	266858824485.155	45882712	-66196840206.7038	95535459167289.9	16426010896	-23698468793911.7	3.42016943817273e+16	
359	1	-1449.28238978441	2101082.28767648	359	-520292.377932603	754288541.275856	128881	-186784963.677805	270789586317.954	359	-520292.377932603	754288541.275856	128881	-186784963.677805	270789586317.954	46268279	-67055801960.3148	97213461487629.9	128881	-186784963.677805	270789586317.954	46268279	-67055801960.3148	97213461487629.9	16610312160.1244	-24073032902608.6	3.48996326740699e+16	
360	1	-1455.86887401598	2120206.60868595	360	-524112.794645752	763274379.12694	129600	-188680606.072471	274778776469.169	360	-524112.794645752	763274379.12694	129600	-188680606.072471	274778776469.169	46656000	-67925018186.0894	98920359534355.8	129600	-188680606.072471	274778776469.169	46656000	-67925018186.0894	98920359534355.8	16796160000	-24453006546983.9	3.56113294324538e+16	
361	1	-1462.5293902314	2139639.3437846	361	-527973.109873535	772409803.106242	130321	-190598292.664346	278839938921.715	361	-527973.109873535	772409803.106242	130321	-190598292.664346	278839938921.715	47045881	-68805983651.8326	100661217950858	130321	-190598292.664346	278839938921.715	47045881	-68805983651.8326	100661217950858	16983563040.1211	-24838960098299.5	3.63386996801434e+16	
362	1	-1469.18818136191	2159155.23829831	362	-531846.12165301	781614196.26399	131044	-192528296.03839	282944339045.38	362	-531846.12165301	781614196.26399	131044	-192528296.03839	282944339045.38	47437928	-69695243165.8846	102425850734111	131044	-192528296.03839	282944339045.38	47437928	-69695243165.8846	102425850734111	17172529936	-25229678026012.8	3.70781579662596e+16	
363	1	-1475.68433526762	2178279.38483434	363	-535673.413702147	790715416.694865	131769	-194449449.173879	287029696260.165	363	-535673.413702147	790715416.694865	131769	-194449449.173879	287029696260.165	47832147	-70585150050.0851	104191779741895	131769	-194449449.173879	287029696260.165	47832147	-70585150050.0851	104191779741895	17363069360.1168	-25622409468198.8	3.78216160464503e+16	
364	1	-1482.34731015152	2197981.64635514	364	-539574.420895152	800065319.273271	132496	-196405089.205835	291223776203.489	364	-539574.420895152	800065319.273271	132496	-196405089.205835	291223776203.489	48228544	-71491452470.9241	106005454542809	132496	-196405089.205835	291223776203.489	48228544	-71491452470.9241	106005454542809	17555190016	-26022888699414.6	3.85859854529616e+16	
365	1	-1489.08230288525	2217988.5075163	365	-543515.040553118	809565805.24345	133225	-198382989.801888	295491518915.095	365	-543515.040553118	809565805.24345	133225	-198382989.801888	295491518915.095	48627125	-72409791277.6629	107854404402788	133225	-198382989.801888	295491518915.095	48627125	-72409791277.6629	107854404402788	17748900624.1128	-26429573816518.3	3.93668576074099e+16	
366	1	-1495.7224728857	2237797.19596675	366	-547434.425076166	819033773.723832	133956	-200360999.577877	299766361181.692	366	-547434.425076166	819033773.723832	133956	-200360999.577877	299766361181.692	49027896	-73332125845.513	109714488192821	133956	-200360999.577877	299766361181.692	49027896	-73332125845.513	109714488192821	17944209936	-26839558059410.2	4.01555026788982e+16	
367	1	-1502.41908894799	2257871.00002267	367	-551387.805643912	828638657.008319	134689	-202359324.671316	304110387122.989	367	-551387.805643912	828638657.008319	134689	-202359324.671316	304110387122.989	49430863	-74265872154.3403	111608512073140	134689	-202359324.671316	304110387122.989	49430863	-74265872154.3403	111608512073140	18141126720.1103	-27255575080522.5	4.09603239314425e+16	
368	1	-1508.87591765658	2277302.07627278	368	-555266.33769762	838047164.068382	135424	-204338012.272724	308401356377.165	368	-555266.33769762	838047164.068382	135424	-204338012.272724	308401356377.165	49836032	-75196388516.3625	113491699148054	135424	-204338012.272724	308401356377.165	49836032	-75196388516.3625	113491699148054	18339659776	-27672270974021.4	4.17649452862246e+16	
369	1	-1515.74724209135	2298072.93361324	369	-559310.732331708	847988912.503285	136161	-206385660.2304	312907908714.662	369	-559310.732331708	847988912.503285	136161	-206385660.2304	312907908714.662	50243409	-76156308625.0682	115463018313447	136161	-206385660.2304	312907908714.662	50243409	-76156308625.0682	115463018313447	18539817920.1078	-28101677882614.7	4.26058537583389e+16	
