# <N_i^j*N_k^m*U^p> as a function of N_tot.
# number_of_species: 1
# max_order: 2
# species_total_upper_bound: 369
# species_total_lower_bound: 342
# volume: 729
#	N_tot	N_1^0*N_1^0*U^0	N_1^0*N_1^0*U^1	N_1^0*N_1^0*U^2	N_1^0*N_1^1*U^0	N_1^0*N_1^1*U^1	N_1^0*N_1^1*U^2	N_1^0*N_1^2*U^0	N_1^0*N_1^2*U^1	N_1^0*N_1^2*U^2	N_1^1*N_1^0*U^0	N_1^1*N_1^0*U^1	N_1^1*N_1^0*U^2	N_1^1*N_1^1*U^0	N_1^1*N_1^1*U^1	N_1^1*N_1^1*U^2	N_1^1*N_1^2*U^0	N_1^1*N_1^2*U^1	N_1^1*N_1^2*U^2	N_1^2*N_1^0*U^0	N_1^2*N_1^0*U^1	N_1^2*N_1^0*U^2	N_1^2*N_1^1*U^0	N_1^2*N_1^1*U^1	N_1^2*N_1^1*U^2	N_1^2*N_1^2*U^0	N_1^2*N_1^2*U^1	N_1^2*N_1^2*U^2	
342	1	-1340.28021555472	1797060.60295585	342	-458375.833719715	614594726.210901	116964	-156764535.132142	210191396362.441	342	-458375.833719715	614594726.210901	116964	-156764535.132142	210191396362.441	40001688	-53613471015.1927	71885457556566.6	116964	-156764535.132142	210191396362.441	40001688	-53613471015.1927	71885457556566.6	13680577296	-18335807087190.6	2.4584826484324e+16	
343	1	-1346.5794929867	1813992.55753389	343	-461876.766094439	622199447.234126	117649	-158423730.770393	213414410401.047	343	-461876.766094439	622199447.234126	117649	-158423730.770393	213414410401.047	40353607	-54339339654.2337	73201142767630.6	117649	-158423730.770393	213414410401.047	40353607	-54339339654.2337	73201142767630.6	13841287200.9188	-18638393501408.9	2.51079919692952e+16	
344	1	-1352.46899777585	1829892.87921413	344	-465249.335234894	629483150.449662	118336	-160045771.320803	216542203754.684	344	-465249.335234894	629483150.449662	118336	-160045771.320803	216542203754.684	40707584	-55055745334.3564	74490518091812.9	118336	-160045771.320803	216542203754.684	40707584	-55055745334.3564	74490518091812.9	14003408896	-18939176395018.6	2.5624738223535e+16	
345	1	-1358.41421992387	1846015.4297211	345	-468652.905873735	636875323.253779	119025	-161685252.526439	219721986522.275	345	-468652.905873735	636875323.253779	119025	-161685252.526439	219721986522.275	41063625	-55781412121.632	75804085350319	119025	-161685252.526439	219721986522.275	41063625	-55781412121.632	75804085350319	14166950624.8973	-19244587181951.1	2.61524094458499e+16	
346	1	-1364.66691897524	1863055.05808808	346	-472174.753965434	644617050.098476	119716	-163372464.87204	223037499332.199	346	-472174.753965434	644617050.098476	119716	-163372464.87204	223037499332.199	41421736	-56526872845.7259	77170974769643.7	119716	-163372464.87204	223037499332.199	41421736	-56526872845.7259	77170974769643.7	14331920656	-19558298004618.5	2.67011572702739e+16	
347	1	-1370.80800156701	1879861.10176919	347	-475670.376543754	652311802.313908	120409	-165057620.660683	226352195402.615	347	-475670.376543754	652311802.313908	120409	-165057620.660683	226352195402.615	41781923	-57274994369.2573	78544211804809	120409	-165057620.660683	226352195402.615	41781923	-57274994369.2573	78544211804809	14498327280.8692	-19874423046131.7	2.7254841496305e+16	
348	1	-1377.07835395608	1897104.65801913	348	-479223.267176717	660192420.990658	121104	-166769696.977498	229746962503.715	348	-479223.267176717	660192420.990658	121104	-166769696.977498	229746962503.715	42144192	-58035854548.1691	79951942951641.5	121104	-166769696.977498	229746962503.715	42144192	-58035854548.1691	79951942951641.5	14666178816	-20196477382759.2	2.78232761471559e+16	
349	1	-1383.2937039429	1914245.55372021	349	-482769.502676072	668071698.248352	121801	-168486556.433949	233157022688.288	349	-482769.502676072	668071698.248352	121801	-168486556.433949	233157022688.288	42508549	-58801808195.4458	81371800918275	121801	-168486556.433949	233157022688.288	42508549	-58801808195.4458	81371800918275	14835483600.8469	-20521831060215.7	2.83987585204963e+16	
350	1	-1389.7509874888	1932139.09436405	350	-486412.845621079	676248683.027419	122500	-170244495.967378	236687039057.458	350	-486412.845621079	676248683.027419	122500	-170244495.967378	236687039057.458	42875000	-59585573588.5822	82840463670787.3	122500	-170244495.967378	236687039057.458	42875000	-59585573588.5822	82840463670787.3	15006250000	-20854950755999.5	2.89941622847947e+16	
351	1	-1396.54498928312	1951063.43736726	351	-490187.291238375	684823266.515908	123201	-172055739.22467	240372966546.71	351	-490187.291238375	684823266.515908	123201	-172055739.22467	240372966546.71	43243551	-60391564467.8675	84370911258043.6	123201	-172055739.22467	240372966546.71	43243551	-60391564467.8675	84370911258043.6	15178486400.8275	-21197439128210.4	2.96141898515354e+16	
352	1	-1403.13611582718	1969519.24535471	352	-493903.912771166	693270774.364859	123904	-173854177.29545	244031312576.431	352	-493903.912771166	693270774.364859	123904	-173854177.29545	244031312576.431	43614208	-61196670407.9986	85899022026903.5	123904	-173854177.29545	244031312576.431	43614208	-61196670407.9986	85899022026903.5	15352201216	-21541227983615.5	3.02364557531765e+16	
353	1	-1410.01897367672	1988877.53877321	353	-497736.697707882	702073771.186945	124609	-175701054.290882	247832041228.613	353	-497736.697707882	702073771.186945	124609	-175701054.290882	247832041228.613	43986977	-62022472164.679	87484710553947.3	124609	-175701054.290882	247832041228.613	43986977	-62022472164.679	87484710553947.3	15527402880.8175	-21893932674135.7	3.08821028255225e+16	
354	1	-1416.86013230557	2008222.63156032	354	-501568.486836172	710910811.572352	125316	-177555244.340005	251662427294.267	354	-501568.486836172	710910811.572352	125316	-177555244.340005	251662427294.267	44361864	-62854556496.3617	89088499263082.1	125316	-177555244.340005	251662427294.267	44361864	-62854556496.3617	89088499263082.1	15704099856	-22250512999711.1	3.15373287391055e+16	
355	1	-1423.39725198658	2026765.19165466	355	-505306.024455237	719501643.037405	126025	-179383638.681609	255423083277.781	355	-505306.024455237	719501643.037405	126025	-179383638.681609	255423083277.781	44738875	-63681191731.9706	90675194563732.2	126025	-179383638.681609	255423083277.781	44738875	-63681191731.9706	90675194563732.2	15882300624.7979	-22606823064855.2	3.21896940701408e+16	
356	1	-1429.53045487641	2044255.16046474	356	-508912.841936001	727754837.125449	126736	-181172971.729216	259080722014.931	356	-508912.841936001	727754837.125449	126736	-181172971.729216	259080722014.931	45118016	-64497577935.601	92232737037937.3	126736	-181172971.729216	259080722014.931	45118016	-64497577935.601	92232737037937.3	16062013696	-22961137745075.1	3.28348543855288e+16	
357	1	-1436.66052402398	2064685.48704853	357	-512887.807076561	737092718.876327	127449	-183100947.126332	263142100638.359	357	-512887.807076561	737092718.876327	127449	-183100947.126332	263142100638.359	45499293	-65367038124.1058	93941729928087.3	127449	-183100947.126332	263142100638.359	45499293	-65367038124.1058	93941729928087.3	16243247600.7802	-23336032610300.8	3.35371975843007e+16	
358	1	-1443.18044512637	2083464.07546728	358	-516658.599355241	745880139.017287	128164	-184963778.569176	267025089765.671	358	-516658.599355241	745880139.017287	128164	-184963778.569176	267025089765.671	45882712	-66217032727.7651	95594982137062.3	128164	-184963778.569176	267025089765.671	45882712	-66217032727.7651	95594982137062.3	16426010896	-23705697716547	3.42230036051117e+16	
359	1	-1449.64288125622	2102153.91694217	359	-520421.794370984	754673256.18224	128881	-186831424.179183	270927698968.946	359	-520421.794370984	754673256.18224	128881	-186831424.179183	270927698968.946	46268279	-67072481280.3201	97263043929869	128881	-186831424.179183	270927698968.946	46268279	-67072481280.3201	97263043929869	16610312160.7724	-24079020779619.3	3.49174327708826e+16	
360	1	-1456.1756096656	2121129.92350086	360	-524223.219479617	763606772.460311	129600	-188720359.012662	274898438085.712	360	-524223.219479617	763606772.460311	129600	-188720359.012662	274898438085.712	46656000	-67939329244.5584	98963437710522.6	129600	-188720359.012662	274898438085.712	46656000	-67939329244.5584	98963437710522.6	16796160000	-24458158528041	3.56268375759248e+16	
361	1	-1463.07535342626	2141280.90659988	361	-528170.202586881	773002407.282555	130321	-190669443.133864	279053869028.535	361	-528170.202586881	773002407.282555	130321	-190669443.133864	279053869028.535	47045881	-68831668971.3423	100738446719359	130321	-190669443.133864	279053869028.535	47045881	-68831668971.3423	100738446719359	16983563040.7477	-24848232498657.2	3.63665792657171e+16	
362	1	-1470.47093007735	2162957.84249875	362	-532310.476688	782990738.984549	131044	-192696392.561056	283442647509.651	362	-532310.476688	782990738.984549	131044	-192696392.561056	283442647509.651	47437928	-69756094107.1023	102606238399281	131044	-192696392.561056	283442647509.651	47437928	-69756094107.1023	102606238399281	17172529936	-25251706066781.4	3.7143458300627e+16	
363	1	-1477.11844042161	2182540.80982279	363	-536193.993873045	792262313.965674	131769	-194638419.775915	287591219969.033	363	-536193.993873045	792262313.965674	131769	-194638419.775915	287591219969.033	47832147	-70653746378.653	104395612848883	131769	-194638419.775915	287591219969.033	47832147	-70653746378.653	104395612848883	17363069360.7287	-25647309935454.4	3.78956074641714e+16	
364	1	-1484.50631427878	2204407.64611391	364	-540360.298397477	802404383.185462	132496	-196691148.616682	292075195476.918	364	-540360.298397477	802404383.185462	132496	-196691148.616682	292075195476.918	48228544	-71595578096.4721	106315371154575	132496	-196691148.616682	292075195476.918	48228544	-71595578096.4721	106315371154575	17555190016	-26060790427114.5	3.86987951003202e+16	
365	1	-1491.2754518058	2224536.5512024	365	-544315.539909118	811955841.188878	133225	-198675172.066828	296363882033.347	365	-544315.539909118	811955841.188878	133225	-198675172.066828	296363882033.347	48627125	-72516437804.3748	108172816942478	133225	-198675172.066828	296363882033.347	48627125	-72516437804.3748	108172816942478	17748900624.6861	-26468499798610.7	3.94830781839846e+16	
366	1	-1497.77914438144	2243957.92292588	366	-548187.166843606	821288599.790872	133956	-200636503.06476	300591627520.42	366	-548187.166843606	821288599.790872	133956	-200636503.06476	300591627520.42	49027896	-73432960121.7021	110016535673434	133956	-200636503.06476	300591627520.42	49027896	-73432960121.7021	110016535673434	17944209936	-26876463404542.3	4.02660520564771e+16	
367	1	-1503.89404078652	2262317.42346905	367	-551929.112968652	830270494.413141	134689	-202557984.459495	304709271448.945	367	-551929.112968652	830270494.413141	134689	-202557984.459495	304709271448.945	49430863	-74338780296.6438	111828302621950	134689	-202557984.459495	304709271448.945	49430863	-74338780296.6438	111828302621950	18141126720.6569	-27282332368852.2	4.10409870623166e+16	
368	1	-1510.40473766223	2281933.50323831	368	-555828.9434597	839751529.191697	135424	-204545051.19317	309028562742.544	368	-555828.9434597	839751529.191697	135424	-204545051.19317	309028562742.544	49836032	-75272578839.0864	113722511090423	135424	-204545051.19317	309028562742.544	49836032	-75272578839.0864	113722511090423	18339659776	-27700309012783.8	4.18498840808865e+16	
369	1	-1517.43907938316	2303209.38237435	369	-559935.020292386	849884262.096134	136161	-206616022.48789	313607292712.833	369	-559935.020292386	849884262.096134	136161	-206616022.48789	313607292712.833	50243409	-76241312298.0487	115721091011364	136161	-206616022.48789	313607292712.833	50243409	-76241312298.0487	115721091011364	18539817920.6303	-28133044237967.1	4.27010825832753e+16	
