# <N_i^j*N_k^m*U^p> as a function of N_tot.
# number_of_species: 1
# max_order: 2
# species_total_upper_bound: 542
# species_total_lower_bound: 521
# volume: 729
#	N_tot	N_1^0*N_1^0*U^0	N_1^0*N_1^0*U^1	N_1^0*N_1^0*U^2	N_1^0*N_1^1*U^0	N_1^0*N_1^1*U^1	N_1^0*N_1^1*U^2	N_1^0*N_1^2*U^0	N_1^0*N_1^2*U^1	N_1^0*N_1^2*U^2	N_1^1*N_1^0*U^0	N_1^1*N_1^0*U^1	N_1^1*N_1^0*U^2	N_1^1*N_1^1*U^0	N_1^1*N_1^1*U^1	N_1^1*N_1^1*U^2	N_1^1*N_1^2*U^0	N_1^1*N_1^2*U^1	N_1^1*N_1^2*U^2	N_1^2*N_1^0*U^0	N_1^2*N_1^0*U^1	N_1^2*N_1^0*U^2	N_1^2*N_1^1*U^0	N_1^2*N_1^1*U^1	N_1^2*N_1^1*U^2	N_1^2*N_1^2*U^0	N_1^2*N_1^2*U^1	N_1^2*N_1^2*U^2	
521	1	-2938.48505153343	8634989.94929681	521	-1530950.71184892	4498829763.09923	271441	-797625320.874404	2343890306644.57	521	-1530950.71184892	4498829763.09923	271441	-797625320.874404	2343890306644.57	141420760.88458	-415562792174.272	1.22116684960887e+15	271441	-797625320.874404	2343890306644.57	141420760.88458	-415562792174.272	1.22116684960887e+15	73680216486.4813	-216508214726796	6.36227928713851e+17	
522	1	-2949.06656971526	8697289.63343862	522	-1539412.74939137	4539985187.50134	272484	-803573455.183723	2369872268395.16	522	-1539412.74939137	4539985187.50134	272484	-803573455.183723	2369872268395.16	142236648	-419465343596.297	1.2370733242486e+15	272484	-803573455.183723	2369872268395.16	142236648	-419465343596.297	1.2370733242486e+15	74247530385.6231	-218960909369915	6.45752275288658e+17	
523	1	-2959.40367703348	8758367.66946538	523	-1547768.12308851	4580626291.63609	273529	-809482728.370837	2395667550269.46	523	-1547768.12308851	4580626291.63609	273529	-809482728.370837	2395667550269.46	143055667.110177	-423359466981.425	1.25293412876634e+15	273529	-809482728.370837	2395667550269.46	143055667.110177	-423359466981.425	1.25293412876634e+15	74818113877.0405	-221417001209784	6.55284549294278e+17	
524	1	-2969.8053466138	8820035.72483689	524	-1556178.00162563	4621698720.45526	274576	-815437272.851832	2421770128979.16	524	-1556178.00162563	4621698720.45526	274576	-815437272.851832	2421770128979.16	143877824	-427289130992.007	1.26900754763843e+15	274576	-815437272.851832	2421770128979.16	143877824	-427289130992.007	1.26900754763843e+15	75391979627.2734	-223899504631609	6.64959955048018e+17	
525	1	-2980.18901438271	8881821.24121558	525	-1564599.23255092	4662956150.99579	275625	-821414597.089395	2448051979761.01	525	-1564599.23255092	4662956150.99579	275625	-821414597.089395	2448051979761.01	144703124.844036	-431242663469.298	1.28522728932253e+15	275625	-821414597.089395	2448051979761.01	144703124.844036	-431242663469.298	1.28522728932253e+15	75969140710.896	-226402398298224	6.74744326825992e+17	
526	1	-2990.9986592086	8946366.78280687	526	-1573265.29474372	4705788928.65083	276676	-827537545.042688	2475244975880.08	526	-1573265.29474372	4705788928.65083	276676	-827537545.042688	2475244975880.08	145531576	-435284748684.004	1.30197885742005e+15	276676	-827537545.042688	2475244975880.08	145531576	-435284748684.004	1.30197885742005e+15	76549609061.1807	-228959777813033	6.8484087897639e+17	
527	1	-3001.54960330513	9009595.50794622	527	-1581816.6409418	4748056832.82715	277729	-833617369.774504	2502225951109.11	527	-1581816.6409418	4748056832.82715	277729	-833617369.774504	2502225951109.11	146363183.202268	-439316353971.851	1.31867307622569e+15	277729	-833617369.774504	2502225951109.11	146363183.202268	-439316353971.851	1.31867307622569e+15	77133397382.6146	-231519718492140	6.94940710995464e+17	
528	1	-3011.94421292284	9072103.01995103	528	-1590306.54442326	4790070389.68955	278784	-839681855.455481	2529157168553.99	528	-1590306.54442326	4790070389.68955	278784	-839681855.455481	2529157168553.99	147197952	-443352019680.494	1.33539498479613e+15	278784	-839681855.455481	2529157168553.99	147197952	-443352019680.494	1.33539498479613e+15	77720518656	-234089866388471	7.05088551978213e+17	
529	1	-3022.35611718698	9134929.00763693	529	-1598826.38599191	4832377444.8834	279841	-845779158.189909	2556327667910.99	529	-1598826.38599191	4832377444.8834	279841	-845779158.189909	2556327667910.99	148035888.801346	-447417174673.383	1.35229733644181e+15	279841	-845779158.189909	2556327667910.99	148035888.801346	-447417174673.383	1.35229733644181e+15	78310985349.5117	-236683685395781	7.15365291026249e+17	
530	1	-3033.044928253	9199658.62573593	530	-1607513.81197409	4875819070.68531	280900	-851982320.347845	2584184108183.6	530	-1607513.81197409	4875819070.68531	280900	-851982320.347845	2584184108183.6	148877000	-451550629811.37	1.36961757692315e+15	280900	-851982320.347845	2584184108183.6	148877000	-451550629811.37	1.36961757692315e+15	78904810093.8002	-239321833781380	7.2589731592577e+17	
531	1	-3044.30082262641	9268058.79572432	531	-1616523.73681462	4921339221.31517	281961	-858374104.247575	2613231126725.33	531	-1616523.73681462	4921339221.31517	281961	-858374104.247575	2613231126725.33	149721291.185145	-455796649377.909	1.38762572800183e+15	281961	-858374104.247575	2613231126725.33	149721291.185145	-455796649377.909	1.38762572800183e+15	79502005550.8884	-242028020820623	7.36829261681006e+17	
532	1	-3054.57341378039	9330710.77583154	532	-1625033.05613117	4963938131.55725	283024	-864517585.861782	2640815086742.08	532	-1625033.05613117	4963938131.55725	283024	-864517585.861782	2640815086742.08	150568768	-459923355700.078	1.40491362594351e+15	283024	-864517585.861782	2640815086742.08	150568768	-459923355700.078	1.40491362594351e+15	80102584417.0767	-244679225185552	7.47414049011093e+17	
533	1	-3065.00394831696	9394535.48296966	533	-1633647.10445294	5007287411.58165	284089	-870733906.681081	2668884190222.93	533	-1633647.10445294	5007287411.58165	284089	-870733906.681081	2668884190222.93	151419436.805693	-464101172221.7	1.42251527389011e+15	284089	-870733906.681081	2668884190222.93	151419436.805693	-464101172221.7	1.42251527389011e+15	80706559981.0397	-247365924811785	7.58200640928591e+17	
534	1	-3075.78725759664	9460755.71081401	534	-1642470.3955566	5052043550.37325	285156	-877079191.229439	2697791255499.12	534	-1642470.3955566	5052043550.37325	285156	-877079191.229439	2697791255499.12	152273304	-468360288103.867	1.44062053026568e+15	285156	-877079191.229439	2697791255499.12	152273304	-468360288103.867	1.44062053026568e+15	81313944481.438	-250104393849898	7.69291363374388e+17	
535	1	-3086.01160886998	9523756.3719656	535	-1651016.21074544	5095209659.02703	286225	-883293672.755221	2725937167710.61	535	-1651016.21074544	5095209659.02703	286225	-883293672.755221	2725937167710.61	153130375.219575	-472562114925.521	1.45837638429798e+15	286225	-883293672.755221	2725937167710.61	153130375.219575	-472562114925.521	1.45837638429798e+15	81924750627.2823	-252820731489404	7.802313656651e+17	
536	1	-3096.89800176193	9591070.08482052	536	-1659937.3289444	5140813566.72153	287296	-889726408.314197	2755476071694.75	536	-1659937.3289444	5140813566.72153	287296	-889726408.314197	2755476071694.75	153990656	-476893354855.344	1.47693517433532e+15	287296	-889726408.314197	2755476071694.75	153990656	-476893354855.344	1.47693517433532e+15	82538991616	-255614838206196	7.91637253405579e+17	
537	1	-3106.9623022041	9653503.74402629	537	-1668438.7562836	5183931510.5099	288369	-895951612.125134	2783771221734.15	537	-1668438.7562836	5183931510.5099	288369	-895951612.125134	2783771221734.15	154854152.798035	-481126015710.18	1.4948851459149e+15	288369	-895951612.125134	2783771221734.15	154854152.798035	-481126015710.18	1.4948851459149e+15	83156680068.0517	-258364670429759	8.02753323147285e+17	
538	1	-3117.0175876541	9716092.54585443	538	-1676955.4621579	5227257788.8469	289444	-902202038.642196	2812264690735.18	538	-1676955.4621579	5227257788.8469	289444	-902202038.642196	2812264690735.18	155720872	-485384696806.623	1.51299840362342e+15	289444	-902202038.642196	2812264690735.18	155720872	-485384696806.623	1.51299840362342e+15	83777829154.0737	-261136966863320	8.13993141123885e+17	
539	1	-3127.62816071573	9782356.40785411	539	-1685791.57862578	5272690104.62595	290521	-908641660.87434	2841979966070.63	539	-1685791.57862578	5272690104.62595	290521	-908641660.87434	2841979966070.63	156590819.159416	-489757855226.754	1.53182720165327e+15	290521	-908641660.87434	2841979966070.63	156590819.159416	-489757855226.754	1.53182720165327e+15	84402451455.6023	-263979483968540	8.2565486188933e+17	
540	1	-3137.939136566	9846955.94736761	540	-1694487.13374564	5317356214.04524	291600	-915023052.222646	2871372353933.38	540	-1694487.13374564	5317356214.04524	291600	-915023052.222646	2871372353933.38	157464000	-494112448200.977	1.5505410715487e+15	291600	-915023052.222646	2871372353933.38	157464000	-494112448200.977	1.5505410715487e+15	85030559843.7463	-266820722025772	8.37292178527727e+17	
541	1	-3148.68049640702	9914473.82647019	541	-1703436.1485562	5363730339.42375	292681	-921558956.372378	2901778114485.74	541	-1703436.1485562	5363730339.42375	292681	-921558956.372378	2901778114485.74	158340420.862354	-498563395308.461	1.56986195961207e+15	292681	-921558956.372378	2901778114485.74	158340420.862354	-498563395308.461	1.56986195961207e+15	85662167745.3036	-269722796909321	8.49295320094024e+17	
542	1	-3159.3286480434	9981647.21310263	542	-1712356.12723952	5410052790.33073	293764	-928097020.963087	2932248611903.35	542	-1712356.12723952	5410052790.33073	293764	-928097020.963087	2932248611903.35	159220088	-503028585390.542	1.58927874745534e+15	293764	-928097020.963087	2932248611903.35	159220088	-503028585390.542	1.58927874745534e+15	86297287680.4214	-272641493297394	8.61389081200178e+17	
