# <P(U)> as a function of N_tot.
# number_of_species: 1
# species_total_upper_bound: 408
# species_total_lower_bound: 383
# volume: 729
# Bin widths for each
10	10	10	10	10	10	10	10	10	10	10	10	10	10	10	10	10	10	10	10	10	10	10	10	10	10	
# Bin lower bound for each
-1710	-1720	-1730	-1740	-1750	-1750	-1750	-1760	-1770	-1770	-1780	-1790	-1790	-1800	-1810	-1820	-1820	-1830	-1830	-1840	-1850	-1860	-1870	-1890	-1890	-1900	
# Bin upper bound for each
-1540	-1540	-1550	-1550	-1570	-1580	-1580	-1590	-1600	-1600	-1610	-1610	-1630	-1640	-1640	-1650	-1660	-1670	-1680	-1690	-1700	-1700	-1700	-1720	-1730	-1740	
# Normalized histogram for each
0.000206975631275675	0.000130475397949964	0.00166345507353797	0.00419433779273027	0.0105009320278427	0.0249271760278869	0.0486150482758972	0.0926575076053982	0.142221158774534	0.165033103350965	0.169303941377021	0.146263771104502	0.104007592223156	0.0534770631050425	0.0246751502592083	0.00719697195076445	0.00406258739089154	0.000862752631395526	
0.000102500417202111	0.000387553230330297	0.000769176684458819	0.00302757430644914	0.00905180337200959	0.0200617035569339	0.0406469216413959	0.0764441334606259	0.126488056160063	0.165219236532843	0.174244355911945	0.158418630340293	0.114915674346856	0.0655977256766933	0.0291723811355183	0.0101009502042808	0.00422920109819455	0.0010648183836616	5.76035402458146e-05	
3.16625498315763e-05	0.000489714104061714	0.0007712997138972	0.00206819775499857	0.00639119122533646	0.0176487052761207	0.0343437345513142	0.065372611218928	0.109800234640603	0.161431299232626	0.177683052810178	0.163806834804657	0.129347848571956	0.0774356205374275	0.0352467504725108	0.0128123563311801	0.00398779260945427	0.00126312465461435	6.79689403051172e-05	
3.32607071057922e-05	0.000183144399886324	0.000602902943993601	0.00177965834096435	0.00478701569358047	0.0137303567105582	0.0280147778584736	0.0545020893197343	0.0955281189807067	0.148346121864705	0.179683602260886	0.171922910943404	0.142492237414085	0.0892170050627848	0.0447764901533571	0.0171764185796836	0.00559579820434284	0.00136537307777322	0.000249665814097909	1.30516698769564e-05	
1.65332910533275e-05	0.000234857519065216	0.000523130286148875	0.00157405409438474	0.00325917799020466	0.00965798555838223	0.0220261590578907	0.0477095668828854	0.085601326393873	0.132437596364711	0.172136147836449	0.178172070862533	0.152847308274234	0.105334021231289	0.0567308087704446	0.0225403868027031	0.00656541227033033	0.00231678040016499	0.000316676113252196	
8.79967685869565e-05	0.00051767855080912	0.0017101420782948	0.00284036398897508	0.00690323918251431	0.0185492895656007	0.0407995944422099	0.0740031361189819	0.118417036861202	0.165727962926318	0.176272551318213	0.169434558520212	0.118642823691821	0.0655511538093372	0.0287457541559157	0.00921733957008642	0.00234414806465058	0.000235230386271474	
0.000147717191369548	0.000644389486988899	0.00248807130158969	0.00572029471506424	0.0141513069332027	0.0340961249284963	0.065244756681955	0.108079745018719	0.152942954617853	0.181129963725796	0.1728946232655	0.130159825719404	0.0790060045967877	0.0375026118112097	0.0121487756171581	0.00285201220786249	0.000774123715930849	1.66984651113402e-05	
1.69767181287582e-05	0.000387918009242125	0.00194298538983638	0.00552464849705114	0.0115365288043976	0.0253504843457682	0.0564683842578288	0.0974480597308851	0.142662153123207	0.181603349166952	0.176403380404114	0.145584270731119	0.089423165071421	0.0448219312035475	0.0155842028242468	0.00398443574481955	0.00111155061948044	0.000145575357954102	
2.98842050191154e-05	0.000142686556358875	0.000829181463206441	0.00402552868736365	0.00910752715779744	0.0214804298443033	0.0465052947655921	0.0848383117191962	0.134183868674492	0.174372652669354	0.18285682056471	0.150636596702552	0.106406710561373	0.054581606398082	0.0231270074504269	0.0054561823896168	0.0010417381327086	0.000377972057847403	
0.000164016343846243	0.000404941905920905	0.00236463977591798	0.00719462366322431	0.0148481531589718	0.0376795681526151	0.0748815343091598	0.124613329344818	0.169684255790712	0.184289358823569	0.163878247183678	0.116046662224911	0.0650329052478431	0.0273002229942416	0.00968546254308616	0.00165121117146761	0.000235401695572069	4.54656704444248e-05	
0.000119568902861369	0.000612363595368584	0.00138913443217155	0.00498388809033943	0.0113556295174626	0.0290492649501697	0.06288171304659	0.111736285660358	0.162902808417309	0.18606287786976	0.172508888666832	0.129040468095173	0.0746267955619439	0.0359108118472285	0.0117040874629443	0.0044552227269738	0.000584606528632909	7.55846278802227e-05	
7.17580421330761e-05	0.000448060632128553	0.00137621673662364	0.00389201952331303	0.0104266998006579	0.0246164255012705	0.0487454942997205	0.0998004870149979	0.151975417744995	0.184905524984826	0.177739544789192	0.143552817549625	0.0898457671938462	0.041419339902896	0.0155462944018903	0.00463052937359928	0.000904236757117394	9.95215703393258e-05	3.84418082855765e-06	
0.000256758148161182	0.00150492423896841	0.00302461967427774	0.00755807361008473	0.0190348587200237	0.0441233012581149	0.0807819350006538	0.139696851606389	0.184750303787031	0.188184172489342	0.15631531638382	0.0999271432462832	0.0486884698213598	0.0192494755139182	0.00539930670955527	0.00136372897982732	0.000140760812189886	
5.89149536264572e-05	0.000674444319873025	0.00320822698964372	0.00635490104266278	0.0164403497086128	0.0387233920944046	0.0716590494907594	0.12329229071452	0.174563248939861	0.191844675561066	0.166284378963844	0.112622968478301	0.0614773144453751	0.0228159149514281	0.007666418256601	0.00200618607013078	0.000307325019290251	
0.000106219036821575	0.000470085076181434	0.00186146667421612	0.00559098384724474	0.0131364857563344	0.0341007000361232	0.0611984053098984	0.106544277756636	0.16033324686577	0.193999414478533	0.178710018079182	0.128778731261887	0.0708415137353943	0.0317305231814269	0.00934420278882031	0.0025207269771335	0.000700957858694445	3.2041279702376e-05	
3.14570238072873e-05	0.00033160945930182	0.0014544504479786	0.00379756181851307	0.0111711755795629	0.0252556210861673	0.0526075032866036	0.0950889032290198	0.147888206980226	0.184135873371498	0.193077969291828	0.144108995092267	0.084007292786686	0.0391028282048918	0.0136195805992301	0.00387139844383851	0.000366124804868149	8.34484937109982e-05	
0.000171899918380344	0.000666166859270392	0.0030347115361904	0.0089274232420937	0.0205964970908235	0.044360676647068	0.0833819581194061	0.135143079344278	0.177667532435721	0.19268100011635	0.162121306229426	0.101512369358249	0.0466596740287655	0.0173614543520423	0.00487837096614753	0.000797388171011113	3.84915847772781e-05	
8.06095836909288e-05	0.00032156214363664	0.0022093159269204	0.00688773844993904	0.0167895743770172	0.0368709988184563	0.0747176364569109	0.122028014458906	0.176187140405685	0.195569802423282	0.168728563436457	0.11307509352245	0.0565191467475566	0.0229846837410032	0.00584550910428295	0.00109961986447952	8.49905393263054e-05	
0.000115428391447204	0.00138021933183962	0.00474553855845151	0.0132993192409286	0.0319562159530985	0.0667059779379657	0.108503582754104	0.171469770288553	0.193367609898566	0.175446233634223	0.125942665196819	0.067050026127977	0.0296928352076279	0.00845132680014603	0.00173813682469917	0.000135113853554479	
2.59539532121821e-05	0.000771458885134515	0.00361386424382039	0.00921812820984398	0.0252599087047322	0.0580097703209385	0.0967120368617733	0.158325379341638	0.194336936905492	0.188245812575764	0.132757155572023	0.0807986836870902	0.036634004958995	0.0127483133286527	0.00240163563603071	0.000140956814859265	
6.14800813511617e-05	0.000567232283415097	0.00236855379103234	0.00775950428206523	0.0216396423564552	0.0477830372416715	0.0929704482750574	0.141508748121941	0.187640798361489	0.193915805496768	0.146652432008415	0.0913567083295189	0.0456532236205575	0.0157003074901587	0.00388132280004523	0.000540755460059488	
8.82411571387553e-05	0.000619516932243593	0.00201948803669369	0.00572378780424911	0.0174740351538139	0.0388603997461581	0.0846827067449163	0.132425287629596	0.184198157634369	0.195691911257743	0.162211936056708	0.0979650583306053	0.0532972017037401	0.0192141690609129	0.00473804720947628	0.000777710923798046	1.23446178380642e-05	
5.35706946133281e-05	0.000375918494959044	0.00218808578515473	0.00430551367137981	0.0130730967509836	0.0348528168256315	0.0696756155896263	0.125944241219602	0.174886150728538	0.200183063994351	0.171389739272353	0.10848712202065	0.0634942039741143	0.0234676587713007	0.00643725786392397	0.00110466466823346	7.38906132597629e-05	7.38906132597629e-06	
4.33363853213209e-05	0	0.00033101621979477	0.0018053753714712	0.00393715670897958	0.0103993494009897	0.0270202362478436	0.0663337141402937	0.11854161076734	0.169182943167558	0.196330422419111	0.174624425677638	0.123327976218467	0.0675042575693451	0.0308896222265866	0.00781852934749235	0.00145914531427639	0.00045088281749204	
6.88757762970256e-05	0.000232513526693986	0.00142512763975658	0.0032108130346251	0.0094549337475125	0.0221974146159944	0.0564910796624625	0.108030037234522	0.158214591957251	0.187382789838743	0.181907396749895	0.138493007259692	0.0811107027871577	0.0382745924657297	0.0109114946274583	0.00238846400085055	0.000206165075358882	
0.000287549605741102	0.000427203474771414	0.00146247363174694	0.00329033673066172	0.00789754076404861	0.0178724900651153	0.0443320904902126	0.0933483091121631	0.154450768805996	0.186368775043258	0.185511620804489	0.150518940040871	0.0923464643074473	0.0427382048571158	0.01517098899207	0.00349729918574926	0.0004789440885433	
