# <P(U)> as a function of N_tot.
# number_of_species: 1
# species_total_upper_bound: 408
# species_total_lower_bound: 383
# volume: 729
# Bin widths for each
10	10	10	10	10	10	10	10	10	10	10	10	10	10	10	10	10	10	10	10	10	10	10	10	10	10	
# Bin lower bound for each
-1730	-1740	-1740	-1740	-1750	-1750	-1750	-1760	-1780	-1790	-1790	-1800	-1800	-1800	-1810	-1830	-1830	-1840	-1840	-1850	-1850	-1860	-1870	-1890	-1890	-1900	
# Bin upper bound for each
-1530	-1540	-1550	-1550	-1560	-1560	-1580	-1590	-1600	-1600	-1610	-1610	-1630	-1640	-1640	-1650	-1660	-1670	-1670	-1690	-1690	-1700	-1700	-1700	-1710	-1720	
# Normalized histogram for each
6.29810309674527e-05	1.33434387642908e-06	0.000136103075395766	0.000132366912541765	0.00133754630173251	0.00449753946989187	0.0106136380618922	0.023187694147034	0.047040158413305	0.0900044300216697	0.136870323124713	0.167449214872063	0.176815775147045	0.148344079249352	0.106140116781776	0.0537278899219676	0.0231308510978981	0.00647637143863619	0.00319762166547465	0.000813416027071169	2.05488956970079e-05	
2.67675983575402e-07	3.96160455691594e-05	0.000120989544576082	0.00029631731381797	0.000650452640088226	0.00292783990834774	0.00880814591553217	0.0189806363193482	0.0393804907036131	0.0747514628492502	0.12299657910093	0.162909745011858	0.177957150428549	0.161328850652862	0.117457024620837	0.0676393119656518	0.0292098740316821	0.00989410738089757	0.00352368664778659	0.00103349697258463	9.3954270234966e-05	
3.39417660059955e-05	8.19375444988485e-05	0.000442038468218707	0.000637203622753181	0.00175542571062258	0.0060769019653078	0.0162026853770652	0.0319100331064804	0.0635469410646312	0.106751361979654	0.156116743764858	0.180234224702446	0.170035519527785	0.130847629313488	0.0797562556928694	0.0373112817922313	0.0132091807173645	0.00378503724976234	0.00116170997556458	0.000103946658393361	
3.20865711600595e-05	0.000211877440966013	0.000584452916006373	0.00135479580212185	0.00448549050555708	0.0131883762816066	0.0260535002471462	0.0516066090911598	0.0940239954516622	0.143075877050624	0.178580330984915	0.177504237548819	0.143702758490478	0.0932406588301183	0.0471158150201217	0.0180347744181458	0.00553930896663209	0.0013497574149149	0.000232561346341919	8.27356215036245e-05	
1.04044614330625e-05	0.00019048167854376	0.000532228219460505	0.00117036852068834	0.0028396176280389	0.00919194150451714	0.0216434140292691	0.0450254402421092	0.0837764566779568	0.127916183792944	0.169351551278522	0.181571457841122	0.15711697175749	0.107574928129182	0.0583204744861263	0.0239350633551667	0.00752055814866748	0.00194803531754416	0.000309199251305627	5.52236799139471e-05	
5.78374470442767e-05	0.000477834609225613	0.00122296470969791	0.00239214599901352	0.00645968608320214	0.0180696076377862	0.0384191998702711	0.0726138336903129	0.115727866703603	0.162068904939831	0.180585806852656	0.171352085458882	0.120354051661813	0.06707306031716	0.0300011486408876	0.0102877683258897	0.00263457679340004	0.000197025695772326	0	4.59456355024628e-06	
0.000109492780775987	0.000767801228157542	0.00204575770896765	0.00503099051224778	0.0132594405756995	0.032218183155198	0.0628334460703446	0.107710076093427	0.151426082640285	0.179702255335002	0.175691034622969	0.132149405467718	0.0796582960111645	0.0395517662942831	0.0138525940597057	0.00341211947203392	0.000565307171858247	1.59508001624278e-05	
4.62454974496415e-05	0.000478049386427108	0.00175974872562735	0.00434788336777996	0.0107273421932895	0.0247316618453943	0.0531164491201391	0.096695302129632	0.141056833296543	0.178015320703114	0.179928593725508	0.147057455459805	0.0928695626923591	0.0461616102682212	0.0171605748530428	0.00485120645630163	0.00090393815363776	9.22221257280641e-05	
1.23416015803689e-05	7.43179051687432e-05	0.000229661107669474	0.000785033178786075	0.00328232942900507	0.00832575174439148	0.0207513298746442	0.0432624111572371	0.0825586071805048	0.133211759614577	0.17310598672312	0.183079610574177	0.155505789686767	0.107791011611569	0.0571469812308387	0.0232395040715212	0.00626631405458905	0.00113032972734987	0.000240929526503724	
4.07460658994273e-06	7.25279973009806e-05	0.000224646643325509	0.000491397554747093	0.00199275426292132	0.00656500613771573	0.0153104700819295	0.0372258774461561	0.072708909833574	0.121896474025605	0.166775005928553	0.181695943620484	0.167711622163361	0.11908282235503	0.0674817328595562	0.0289392142039699	0.00981491235385405	0.00175452559762934	0.000223016800689532	2.90655270082581e-05	
2.30429347481695e-05	0.000168707200834813	0.000572507200231307	0.00123691181880353	0.00488208463944254	0.0113832097655957	0.0290124264512043	0.0610201600990188	0.107915275518061	0.159359175984653	0.184234847007258	0.174746369983395	0.133775757680498	0.0777144920034158	0.0368599173362148	0.0121545994383559	0.00429997621639949	0.000591983966506546	4.85547553622144e-05	
2.73334647161871e-06	0.000114253882513662	0.000389775206852828	0.00126089272735771	0.00360391732282926	0.00997097459381788	0.0236612137315673	0.0488074546011651	0.0967238382525825	0.145703220346812	0.183550775600728	0.178438051025565	0.14815831214762	0.0927763392782708	0.0439893847756428	0.0166772401619344	0.00508921779550687	0.000988378084137324	9.15671067992267e-05	2.46001182445684e-06	
3.84190266498139e-05	0.000183526861118535	0.00137700425013937	0.00286097370397283	0.00815837704764429	0.018585687834629	0.0432418582758038	0.0796478937666926	0.136464935451889	0.17993399113709	0.183985678271332	0.159540674278793	0.104152875664145	0.0521210757659137	0.0219223388397841	0.00620481100188253	0.0014024326706558	0.000177446151864608	
0.000113753960976579	0.0006653638009433	0.00308215111784717	0.00660326520919519	0.0168876196665376	0.0369467883326631	0.0705274558054791	0.122508587593733	0.172397864303979	0.188404790287238	0.164953484040264	0.117105689607787	0.064199303582198	0.0253079037414536	0.00800927523781082	0.0020367771260989	0.000249926585795258	
0.000118829837061527	0.000444223689949633	0.00187045937449417	0.0056199849574753	0.0137048561145586	0.0328539511892562	0.0604791119079991	0.105505625121294	0.159841401037096	0.19175054396579	0.176362080066323	0.130760019534737	0.0735301262789131	0.0336341190447303	0.0103140411612118	0.00261814337264065	0.000572215640616372	2.0267705853952e-05	
2.76888197529825e-07	9.85721983206177e-05	0.000440529122269952	0.00153479127890782	0.00393430439870128	0.0111854525156123	0.0255495815388671	0.0522720614824705	0.094921427436187	0.143744569530226	0.185908550473673	0.187702509105468	0.144728076407852	0.0869570153224391	0.0414418565242889	0.0150048483123387	0.00391104579010878	0.000594202071899004	7.03296021725756e-05	
0.000108242411088662	0.000339362049050932	0.000958718498213862	0.00321496528649309	0.00934557245738714	0.0215258811194585	0.045506545490392	0.0820557553345975	0.131181794510066	0.176428779116725	0.193472264676994	0.158393715754876	0.103275409836971	0.0492444983447471	0.0185925670046757	0.00543421084241037	0.000819825812556727	0.000101891453295194	
2.14225043686607e-05	0.0001997578978792	0.000715567288781758	0.00276878913606378	0.00703353679148197	0.0174640707042801	0.038210514220787	0.0737743754018458	0.120835166070314	0.171959277210267	0.194359148563955	0.167526488092009	0.11476202518897	0.0579720789650204	0.0235842298094983	0.00718655467982954	0.00147203208590369	0.000154965388744727	
4.17243312900628e-05	0.000523245668069976	0.00197316618039966	0.00545940321237882	0.0140306521597557	0.033410194438203	0.0658810275800649	0.107399838346408	0.164978005920908	0.189941842484447	0.176992357963187	0.127017040160515	0.0699779058388973	0.0296211740832135	0.0101497255074651	0.00233515294645669	0.000262750518664449	4.79265967520991e-06	
2.36445148525553e-05	0.000227719196615682	0.00141078938620247	0.00399141929296708	0.0103571419523783	0.0272857701398489	0.0586240412360339	0.0972372228841748	0.153121596702829	0.190912287012884	0.186708911533203	0.135767367248012	0.0817818731578741	0.0366211312718131	0.0123638294093291	0.00321537253762785	0.000349882523353884	
0.000182120113110298	0.00103816857104811	0.00280090103296514	0.00967502610108533	0.0239111679074707	0.0505670062139047	0.0899046708913311	0.140161988986629	0.181170067174626	0.19090747850647	0.150590113927181	0.0929626662160756	0.0448804385653747	0.0153683078551678	0.00512901713327835	0.000692671889494775	5.81889147879294e-05	
5.47599987806021e-05	0.000767486787033284	0.00263073808574851	0.00677161015848786	0.0196639203868653	0.042174513906217	0.084594036466772	0.130494206166315	0.178379284687637	0.192880804983273	0.162371017621429	0.101055061461042	0.052802469958213	0.0187764696849776	0.00550196853727575	0.000980881421456661	0.000100769688477706	
3.31271264902209e-05	0.000291575828849272	0.0025299414963523	0.00511728430670921	0.0142323845076995	0.0390360348885758	0.0746371294545276	0.122344760859272	0.170708366484258	0.193669177664777	0.170317980433291	0.1119702586943	0.0640367345563335	0.0226481025295988	0.00696440718721567	0.00130452339489077	0.000125083460368248	3.31271264902209e-05	
2.69235131633066e-05	0	0.000256632636109816	0.00173943080256129	0.00444810807900161	0.0118641038537286	0.0306982469928727	0.0710775019104238	0.117829323257447	0.163054237703688	0.18919095415785	0.172291580501877	0.125838495582825	0.0695420023990569	0.0312630679285966	0.00881888266274691	0.00164004294013929	0.000387813157692735	2.83556149273122e-05	4.29630529201701e-06	
4.31254800965779e-05	0.000145584674419991	0.00116294079884597	0.00355857568984849	0.0111605269296916	0.0241624250296813	0.0605221251078861	0.111339859463033	0.154057239378831	0.185058670913224	0.176910270636989	0.137919626840141	0.0807670778348346	0.0388268248590318	0.0114531434422932	0.00265091457855408	0.000199998031857284	3.06798717465588e-05	3.03904389942328e-05	
0.000179973789167584	0.00026738144154993	0.000919356553582181	0.00332808218726617	0.00833811687234213	0.0189161623054069	0.0498169167910673	0.0988357014120205	0.153770981060625	0.182910972870098	0.181761490595653	0.1465342006083	0.0899894738259934	0.0436562535016795	0.0157419749028271	0.00445349153449722	0.000460538024191572	6.21883953015378e-05	5.67433284318179e-05	
