# <N_i^j*N_k^m*U^p> as a function of N_tot.
# number_of_species: 1
# max_order: 2
# species_total_upper_bound: 408
# species_total_lower_bound: 383
# volume: 729
#	N_tot	N_1^0*N_1^0*U^0	N_1^0*N_1^0*U^1	N_1^0*N_1^0*U^2	N_1^0*N_1^1*U^0	N_1^0*N_1^1*U^1	N_1^0*N_1^1*U^2	N_1^0*N_1^2*U^0	N_1^0*N_1^2*U^1	N_1^0*N_1^2*U^2	N_1^1*N_1^0*U^0	N_1^1*N_1^0*U^1	N_1^1*N_1^0*U^2	N_1^1*N_1^1*U^0	N_1^1*N_1^1*U^1	N_1^1*N_1^1*U^2	N_1^1*N_1^2*U^0	N_1^1*N_1^2*U^1	N_1^1*N_1^2*U^2	N_1^2*N_1^0*U^0	N_1^2*N_1^0*U^1	N_1^2*N_1^0*U^2	N_1^2*N_1^1*U^0	N_1^2*N_1^1*U^1	N_1^2*N_1^1*U^2	N_1^2*N_1^2*U^0	N_1^2*N_1^2*U^1	N_1^2*N_1^2*U^2	
383	1	-1615.56989375514	2610597.20840566	383	-618763.269308218	999858730.881202	146689	-236986332.145047	382945893906.066	383	-618763.269308218	999858730.881202	146689	-236986332.145047	382945893906.066	56181887	-90765765206.0457	146668277363453	146689	-236986332.145047	382945893906.066	56181887	-90765765206.0457	146668277363453	21517662720.0407	-34763288076120.8	5.61739502310302e+16	
384	1	-1622.80329152691	2634012.8549571	384	-623156.463946334	1011460936.30353	147456	-239292082.155392	388400999540.555	384	-623156.463946334	1011460936.30353	147456	-239292082.155392	388400999540.555	56623104	-91888159547.6706	149145983823573	147456	-239292082.155392	388400999540.555	56623104	-91888159547.6706	149145983823573	21743271936	-35285053266305.5	5.7272057788252e+16	
385	1	-1630.03176675831	2657520.24344441	385	-627562.230201949	1023145293.6503	148225	-241611458.62775	393910938082.434	385	-627562.230201949	1023145293.6503	148225	-241611458.62775	393910938082.434	57066625	-93020411580.346	151655711158893	148225	-241611458.62775	393910938082.434	57066625	-93020411580.346	151655711158893	21970650624.0395	-35812858455375.6	5.83874487976054e+16	
386	1	-1637.27034390652	2681165.96071746	386	-631986.352747919	1034930060.83694	148996	-243946732.160697	399483003484.402	386	-631986.352747919	1034930060.83694	148996	-243946732.160697	399483003484.402	57512456	-94163438614.0772	154200439344452	148996	-243946732.160697	399483003484.402	57512456	-94163438614.0772	154200439344452	22199808009.9698	-36347087305342.3	5.95213695870609e+16	
387	1	-1644.55801258811	2705076.67596655	387	-636443.950871598	1046864673.68382	149769	-246303808.987308	405136628685.944	387	-636443.950871598	1046864673.68382	149769	-246303808.987308	405136628685.944	57960603	-95319574078.2979	156787875300935	149769	-246303808.987308	405136628685.944	57960603	-95319574078.2979	156787875300935	22430753366.124	-36888675168268.1	6.0676907741813e+16	
388	1	-1652.09813904676	2729925.62134427	388	-641014.077950144	1059211141.08158	150544	-248713462.244656	410973922727.523	388	-641014.077950144	1059211141.08158	150544	-248713462.244656	410973922727.523	58411072	-96500823350.8797	159457882021976	150544	-248713462.244656	410973922727.523	58411072	-96500823350.8797	159457882021976	22663495936	-37442319460336	6.18696582261774e+16	
389	1	-1659.53303833892	2754542.76037738	389	-645558.351913842	1071517133.69202	151321	-251122198.894484	416820165048.683	389	-645558.351913842	1071517133.69202	151321	-251122198.894484	416820165048.683	58863869	-97686535369.9274	162143044202058	151321	-251122198.894484	416820165048.683	58863869	-97686535369.9274	162143044202058	22898045046.3286	-38000062258893.6	6.30736441947569e+16	
390	1	-1667.08117908188	2779643.1959816	390	-650161.659841932	1084060846.43282	152100	-253563047.338354	422783730109.121	390	-650161.659841932	1084060846.43282	152100	-253563047.338354	422783730109.121	59319000	-98889588461.918	164885654742095	152100	-253563047.338354	422783730109.121	59319000	-98889588461.918	164885654742095	23134409993.5498	-38566939499907.2	6.43054053499013e+16	
391	1	-1674.53961779814	2804560.90423322	391	-654744.990559074	1096583313.66058	152881	-256005291.308598	428764075610.117	391	-654744.990559074	1096583313.66058	152881	-256005291.308598	428764075610.117	59776471	-100098068901.878	167646753556879	152881	-256005291.308598	428764075610.117	59776471	-100098068901.878	167646753556879	23372600160.0371	-39138344940578.8	6.55498806418747e+16	
392	1	-1682.05032291325	2829766.18083678	392	-659363.726581992	1109268342.88802	153664	-258470580.820141	434833190354.357	392	-659363.726581992	1109268342.88802	153664	-258470580.820141	434833190354.357	60236288	-101320467681.495	170454610642566	153664	-258470580.820141	434833190354.357	60236288	-101320467681.495	170454610642566	23612624896	-39717623331092.8	6.6818207372056e+16	
393	1	-1689.48716400595	2854830.90762262	393	-663968.455454337	1121948546.58592	154449	-260939602.993555	440925778858.537	393	-663968.455454337	1121948546.58592	154449	-260939602.993555	440925778858.537	60698457	-102549263976.784	173283831085282	154449	-260939602.993555	440925778858.537	60698457	-102549263976.784	173283831085282	23854493600.0367	-40301860742887.1	6.81005456178117e+16	
394	1	-1696.94368001486	2880073.22122535	394	-668595.809925856	1134748849.16279	155236	-263426749.110787	447091046567.304	394	-668595.809925856	1134748849.16279	155236	-263426749.110787	447091046567.304	61162984	-103790139149.639	176153872349442	155236	-263426749.110787	447091046567.304	61162984	-103790139149.639	176153872349442	24098215689.2206	-40893314824866	6.94046257059148e+16	
395	1	-1704.53688780711	2905893.33106518	395	-673292.070683809	1147827865.8899	156025	-265950367.920105	453392006976.151	395	-673292.070683809	1147827865.8899	156025	-265950367.920105	453392006976.151	61629875	-105050395330.383	179089842751934	156025	-265950367.920105	453392006976.151	61629875	-105050395330.383	179089842751934	24343800630.8514	-41494906154522.7	7.0740487888207e+16	
396	1	-1712.15306467597	2931910.30054982	396	-678012.613611684	1161036479.01773	156816	-268492994.990227	459770445679.464	396	-678012.613611684	1161036479.01773	156816	-268492994.990227	459770445679.464	62099136	-106323226016.097	182069096489247	156816	-268492994.990227	459770445679.464	62099136	-106323226016.097	182069096489247	24591257856	-42103997502566.2	7.20993622109703e+16	
397	1	-1719.7423796625	2957952.70621769	397	-682737.724726012	1174307224.23946	157609	-271046876.716227	466199968072.911	397	-682737.724726012	1174307224.23946	157609	-271046876.716227	466199968072.911	62570773	-107605610056.965	185081387322768	157609	-271046876.716227	466199968072.911	62570773	-107605610056.965	185081387322768	24840596887.0554	-42719427192079.6	7.34773107675381e+16	
398	1	-1727.29391421221	2983980.85522833	398	-687462.977856458	1187624380.38087	158404	-273610265.18687	472674503389.857	398	-687462.977856458	1187624380.38087	158404	-273610265.18687	472674503389.857	63044792	-108896885544.309	188124452352740	158404	-273610265.18687	472674503389.857	63044792	-108896885544.309	188124452352740	25091827208.8564	-43340960446728.2	7.4873532035647e+16	
399	1	-1734.9325764798	3010422.26898755	399	-692238.098015439	1201158485.46352	159201	-276203001.10816	479262235640.475	399	-692238.098015439	1201158485.46352	159201	-276203001.10816	479262235640.475	63521199	-110204997441.57	191225632026709	159201	-276203001.10816	479262235640.475	63521199	-110204997441.57	191225632026709	25344958400.0343	-43971793978552	7.62990271777786e+16	
400	1	-1742.67496264781	3037341.55892351	400	-697069.985059122	1214936623.5694	160000	-278827994.023649	485974649359.014	400	-697069.985059122	1214936623.5694	160000	-278827994.023649	485974649359.014	64000000	-111531197609.46	194389859773275	160000	-278827994.023649	485974649359.014	64000000	-111531197609.46	194389859773275	25600000000	-44612479043783.8	7.77559439094884e+16	
401	1	-1750.48566541698	3064620.74951122	401	-701944.751832207	1228912920.40901	160801	-281479845.484715	492794081145.342	401	-701944.751832207	1228912920.40901	160801	-281479845.484715	492794081145.342	64481201	-112873418039.756	197610426540720	160801	-281479845.484715	492794081145.342	64481201	-112873418039.756	197610426540720	25856961600.0338	-45262240633229.9	7.92417810424216e+16	
402	1	-1758.14019717723	3091473.03034787	402	-706772.359265245	1242772158.19984	161604	-284122488.424628	499594407597.034	402	-706772.359265245	1242772158.19984	161604	-284122488.424628	499594407597.034	64964808	-114217240346.678	200836951852773	161604	-284122488.424628	499594407597.034	64964808	-114217240346.678	200836951852773	26115852808.5691	-45915330619438.5	8.07364546485847e+16	
403	1	-1765.996741722	3119159.8892044	403	-711696.686913968	1257021435.49994	162409	-286813764.826329	506579638437.478	403	-711696.686913968	1257021435.49994	162409	-286813764.826329	506579638437.478	65450827	-115585947224.382	204151594295676	162409	-286813764.826329	506579638437.478	65450827	-115585947224.382	204151594295676	26376683287.5009	-46581136732168.9	8.22730924989531e+16	
404	1	-1773.93564980095	3147253.23247247	404	-716670.002519583	1271490305.91888	163216	-289534681.017912	513682083584.522	404	-716670.002519583	1271490305.91888	163216	-289534681.017912	513682083584.522	65939264	-116972011131.292	207527561765315	163216	-289534681.017912	513682083584.522	65939264	-116972011131.292	207527561765315	26639462656	-47256692497203.6	8.3841134957169e+16	
405	1	-1781.80201366209	3175221.83062568	405	-721629.815533148	1285964841.25081	164025	-292260075.290925	520815760750.358	405	-721629.815533148	1285964841.25081	164025	-292260075.290925	520815760750.358	66430125	-118365330493.025	210930383113322	164025	-292260075.290925	520815760750.358	66430125	-118365330493.025	210930383113322	26904200631.5219	-47937958849453.9	8.54268051572428e+16	
406	1	-1789.71913102158	3203496.25728784	406	-726625.967194763	1300619480.45886	164836	-295010142.681074	528051509074.115	406	-726625.967194763	1300619480.45886	164836	-295010142.681074	528051509074.115	66923416	-119774117928.574	214388912673047	164836	-295010142.681074	528051509074.115	66923416	-119774117928.574	214388912673047	27170906888.4554	-48628291878990.4	8.70418985502749e+16	
407	1	-1797.47365834177	3231310.75598394	407	-731571.778945099	1315143477.84236	165649	-297749714.030655	535263395408.747	407	-731571.778945099	1315143477.84236	165649	-297749714.030655	535263395408.747	67419143	-121184133610.619	217852201934553	165649	-297749714.030655	535263395408.747	67419143	-121184133610.619	217852201934553	27439591200.0329	-49321942379524.5	8.86658461862822e+16	
408	1	-1805.27231576896	3259403.70294863	408	-736551.104833737	1329836710.80304	166464	-300512850.772165	542573377961.905	408	-736551.104833737	1329836710.80304	166464	-300512850.772165	542573377961.905	67917312	-122609243115.043	221369938219675	166464	-300512850.772165	542573377961.905	67917312	-122609243115.043	221369938219675	27710263296	-50024571190950.8	9.03189347980898e+16	
