# <N_i^j*N_k^m*U^p> as a function of N_tot.
# number_of_species: 1
# max_order: 2
# species_total_upper_bound: 408
# species_total_lower_bound: 383
# volume: 729
#	N_tot	N_1^0*N_1^0*U^0	N_1^0*N_1^0*U^1	N_1^0*N_1^0*U^2	N_1^0*N_1^1*U^0	N_1^0*N_1^1*U^1	N_1^0*N_1^1*U^2	N_1^0*N_1^2*U^0	N_1^0*N_1^2*U^1	N_1^0*N_1^2*U^2	N_1^1*N_1^0*U^0	N_1^1*N_1^0*U^1	N_1^1*N_1^0*U^2	N_1^1*N_1^1*U^0	N_1^1*N_1^1*U^1	N_1^1*N_1^1*U^2	N_1^1*N_1^2*U^0	N_1^1*N_1^2*U^1	N_1^1*N_1^2*U^2	N_1^2*N_1^0*U^0	N_1^2*N_1^0*U^1	N_1^2*N_1^0*U^2	N_1^2*N_1^1*U^0	N_1^2*N_1^1*U^1	N_1^2*N_1^1*U^2	N_1^2*N_1^2*U^0	N_1^2*N_1^2*U^1	N_1^2*N_1^2*U^2	
383	1	-1615.45047478934	2610193.02103629	383	-618717.531844318	999703927.0569	146689	-236968814.696374	382886604066.542	383	-618717.531844318	999703927.0569	146689	-236968814.696374	382886604066.542	56181887	-90759056029.122	146645569356095	146689	-236968814.696374	382886604066.542	56181887	-90759056029.122	146645569356095	21517662720.1003	-34760718459140.1	5.61652530634023e+16	
384	1	-1622.67447627655	2633579.86838854	384	-623106.998890196	1011294669.4612	147456	-239273087.573835	388337153073.1	384	-623106.998890196	1011294669.4612	147456	-239273087.573835	388337153073.1	56623104	-91880865628.3527	149121466780070	147456	-239273087.573835	388337153073.1	56623104	-91880865628.3527	149121466780070	21743271936	-35282252401287.4	5.7262643243547e+16	
385	1	-1629.99736346391	2657386.91865877	385	-627548.984933604	1023093963.68363	148225	-241606359.199437	393891176021.049	385	-627548.984933604	1023093963.68363	148225	-241606359.199437	393891176021.049	57066625	-93018448291.6514	151648102767869	148225	-241606359.199437	393891176021.049	57066625	-93018448291.6514	151648102767869	21970650624.0975	-35812102592466.5	5.83845195657984e+16	
386	1	-1637.18437672218	2680863.32894986	386	-631953.169414762	1034813244.97464	148996	-243933923.394098	399437912560.999	386	-631953.169414762	1034813244.97464	148996	-243933923.394098	399437912560.999	57512456	-94158494430.1655	154183034248571	148996	-243933923.394098	399437912560.999	57512456	-94158494430.1655	154183034248571	22199808016	-36345178850241.9	5.95146512199903e+16	
387	1	-1644.4243737581	2704619.672924	387	-636392.232644385	1046687813.42159	149769	-246283794.033377	405068183797.566	387	-636392.232644385	1046687813.42159	149769	-246283794.033377	405068183797.566	57960603	-95311828290.7397	156761387128323	149769	-246283794.033377	405068183797.566	57960603	-95311828290.7397	156761387128323	22430753360.0957	-36885677548632.7	6.06666568186504e+16	
388	1	-1652.04884203493	2729747.72261415	388	-640994.950709554	1059142116.37429	150544	-248706040.875307	410947141145.683	388	-640994.950709554	1059142116.37429	150544	-248706040.875307	410947141145.683	58411072	-96497943859.619	159447490769134	150544	-248706040.875307	410947141145.683	58411072	-96497943859.619	159447490769134	22663495936	-37441202217960.4	6.18656264179626e+16	
389	1	-1659.46620242428	2754306.41586223	389	-645532.352743043	1071425195.77041	151321	-251112085.217044	416784401157.666	389	-645532.352743043	1071425195.77041	151321	-251112085.217044	416784401157.666	58863869	-97682601149.625	162129132050468	151321	-251112085.217044	416784401157.666	58863869	-97682601149.625	162129132050468	22898045040.095	-37998531847135	6.30682323672011e+16	
390	1	-1666.99644306745	2779348.90486629	390	-650128.612796307	1083946072.89785	152100	-253550158.99056	422738968431.308	390	-650128.612796307	1083946072.89785	152100	-253550158.99056	422738968431.308	59319000	-98884562006.3241	164868197687275	152100	-253550158.99056	422738968431.308	59319000	-98884562006.3241	164868197687275	23134410000	-38564979182512.4	6.4298597097438e+16	
391	1	-1674.3846729769	2804029.05215032	391	-654684.407133966	1096375359.39077	152881	-255981603.189381	428682765522.302	391	-654684.407133966	1096375359.39077	152881	-255981603.189381	428682765522.302	59776471	-100088806847.179	167614961318063	152881	-255981603.189381	428682765522.302	59776471	-100088806847.179	167614961318063	23372600160.0922	-39134723477175.1	6.55374498753217e+16	
392	1	-1681.8949087264	2829230.57005424	392	-659302.804220748	1109058383.46126	153664	-258446699.254533	434750886295.06	392	-659302.804220748	1109058383.46126	153664	-258446699.254533	434750886295.06	60236288	-101311106107.777	170422347436938	153664	-258446699.254533	434750886295.06	60236288	-101311106107.777	170422347436938	23612624896	-39713953594273	6.68055601948431e+16	
393	1	-1689.2563821034	2854042.15329223	393	-663877.758166635	1121638566.24385	154449	-260903958.959488	440803956536.026	393	-663877.758166635	1121638566.24385	154449	-260903958.959488	440803956536.026	60698457	-102535255870.939	173235954920047	154449	-260903958.959488	440803956536.026	60698457	-102535255870.939	173235954920047	23854493600.0919	-40296355557332.6	6.80817302822596e+16	
394	1	-1696.73973772452	2879378.48058208	394	-668515.456663459	1134475121.34934	155236	-263395089.925403	446983197813.317	394	-668515.456663459	1134475121.34934	155236	-263395089.925403	446983197813.317	61162984	-103777665430.563	176111379937639	155236	-263395089.925403	446983197813.317	61162984	-103777665430.563	176111379937639	24098215696	-40888400179653.9	6.93878836958936e+16	
395	1	-1704.4438212549	2905576.0808747	395	-673255.309395684	1147702551.94551	156025	-265935847.211295	453342508021.997	395	-673255.309395684	1147702551.94551	156025	-265935847.211295	453342508021.997	61629875	-105044659648.508	179070290667203	156025	-265935847.211295	453342508021.997	61629875	-105044659648.508	179070290667203	24343800624.0911	-41492640560989.2	7.07327648134518e+16	
396	1	-1712.3388699787	2932552.21177101	396	-678086.192511567	1161290675.86132	156816	-268522132.234581	459871107635.202	396	-678086.192511567	1161290675.86132	156816	-268522132.234581	459871107635.202	62099136	-106334764364.894	182108958625762	156816	-268522132.234581	459871107635.202	62099136	-106334764364.894	182108958625762	24591257856	-42108566688455	7.21151476167657e+16	
397	1	-1719.85734777981	2958356.10308236	397	-682783.367068584	1174467372.9237	157609	-271064996.726228	466263547051.218	397	-682783.367068584	1174467372.9237	157609	-271064996.726228	466263547051.218	62570773	-107612803700.023	185106628177118	157609	-271064996.726228	466263547051.218	62570773	-107612803700.023	185106628177118	24840596880.0898	-42722283068901.9	7.34873313873154e+16	
398	1	-1727.29877789399	2984006.31526368	398	-687464.913601809	1187634513.47494	158404	-273611035.61352	472678536365.197	398	-687464.913601809	1187634513.47494	158404	-273611035.61352	472678536365.197	63044792	-108897192174.179	188126057472065	158404	-273611035.61352	472678536365.197	63044792	-108897192174.179	188126057472065	25091827216	-43341082485205	7.4874170873424e+16	
399	1	-1734.91046737093	3010357.84055078	399	-692229.276481002	1201132778.37976	159201	-276199481.31592	479251978575.758	399	-692229.276481002	1201132778.37976	159201	-276199481.31592	479251978575.758	63521199	-110203593044.917	191221539451035	159201	-276199481.31592	479251978575.758	63521199	-110203593044.917	191221539451035	25344958400.0879	-43971233624566.1	7.62973942394923e+16	
400	1	-1742.71200845619	3037483.22131784	400	-697084.803382475	1214993288.52714	160000	-278833921.35299	485997315410.854	400	-697084.803382475	1214993288.52714	160000	-278833921.35299	485997315410.854	64000000	-111533568541.196	194398926162304	160000	-278833921.35299	485997315410.854	64000000	-111533568541.196	194398926162304	25600000000	-44613427416478.4	7.77595704654964e+16	
401	1	-1750.46889439061	3064578.65034838	401	-701938.026650636	1228896038.7897	160801	-281477148.686905	492787311558.579	401	-701938.026650636	1228896038.7897	160801	-281477148.686905	492787311558.579	64481201	-112872336623.526	197607711933493	160801	-281477148.686905	492787311558.579	64481201	-112872336623.526	197607711933493	25856961600.087	-45261806985984.9	7.92406924849215e+16	
402	1	-1758.27155680314	3091947.50930605	402	-706825.165834862	1242962898.74103	161604	-284143716.665614	499671085296.135	402	-706825.165834862	1242962898.74103	161604	-284143716.665614	499671085296.135	64964808	-114225774099.611	200867776287124	161604	-284143716.665614	499671085296.135	64964808	-114225774099.611	200867776287124	26115852816	-45918761188136.6	8.07488460691831e+16	
403	1	-1766.11445366751	3119595.09685772	403	-711744.124828007	1257196824.03366	162409	-286832882.305687	506650320086.597	403	-711744.124828007	1257196824.03366	162409	-286832882.305687	506650320086.597	65450827	-115593651568.981	204180078995436	162409	-286832882.305687	506650320086.597	65450827	-115593651568.981	204180078995436	26376683280.0846	-46584241582313.8	8.2284571835332e+16	
404	1	-1774.20906196859	3148246.28930654	404	-716780.461035311	1271891500.87984	163216	-289579306.258265	513844166350.723	404	-716780.461035311	1271891500.87984	163216	-289579306.258265	513844166350.723	65939264	-116990039728.339	207593043204334	163216	-289579306.258265	513844166350.723	65939264	-116990039728.339	207593043204334	26639462656	-47263976050351.6	8.3867589456366e+16	
405	1	-1782.1818989505	3176598.75025624	405	-721783.669074951	1286522493.85378	164025	-292322385.975355	521041610015.388	405	-721783.669074951	1286522493.85378	164025	-292322385.975355	521041610015.388	66430125	-118390566320.079	211021852052348	164025	-292322385.975355	521041610015.388	66430125	-118390566320.079	211021852052348	26904200624.0849	-47948179359676.7	8.54638500823859e+16	
406	1	-1790.40399902668	3205976.47321799	406	-726904.023604831	1301626448.1265	164836	-295123033.583562	528460337941.824	406	-726904.023604831	1301626448.1265	164836	-295123033.583562	528460337941.824	66923416	-119819951634.869	214554897204509	164836	-295123033.583562	528460337941.824	66923416	-119819951634.869	214554897204509	27170906896	-48646900363807.1	8.71092882646501e+16	
407	1	-1798.31084077308	3234351.84684914	407	-731912.512194645	1316381201.6676	165649	-297888392.463221	535767149078.365	407	-731912.512194645	1316381201.6676	165649	-297888392.463221	535767149078.365	67419143	-121240575732.652	218057229675217	165649	-297888392.463221	535767149078.365	67419143	-121240575732.652	218057229675217	27439591200.0844	-49344914323204	8.87492924780092e+16	
408	1	-1806.24153650914	3262935.18947605	408	-736946.54689573	1331277557.30623	166464	-300674191.133458	543161243357.659	408	-736946.54689573	1331277557.30623	166464	-300674191.133458	543161243357.659	67917312	-122675069982.451	221609787300525	166464	-300674191.133458	543161243357.659	67917312	-122675069982.451	221609787300525	27710263296	-50051428552903.9	9.0416793218553e+16	
