# <P(N_2)> as a function of N_tot.
# number_of_species: 2
# species_total_upper_bound: 100
# species_total_lower_bound: 0
# volume: 512
# Bin widths for each species index 
1	1	1	1	1	1	1	1	1	1	1	1	1	1	1	1	1	1	1	1	1	1	1	1	1	1	1	1	1	1	1	1	1	1	1	1	1	1	1	1	1	1	1	1	1	1	1	1	1	1	1	1	1	1	1	1	1	1	1	1	1	1	1	1	1	1	1	1	1	1	1	1	1	1	1	1	1	1	1	1	1	1	1	1	1	1	1	1	1	1	1	1	1	1	1	1	1	1	1	1	1	
# Bin lower bound for each species index 
0	0	0	0	0	0	0	0	0	0	0	0	0	0	0	0	0	0	0	0	0	0	0	0	0	0	0	0	0	0	0	0	0	0	0	0	0	0	0	0	0	0	0	0	0	1	1	1	2	1	1	1	1	2	2	2	2	2	2	3	2	2	3	3	3	3	3	3	3	3	4	4	3	4	4	4	5	5	5	5	5	6	6	7	6	6	6	7	7	7	7	7	7	8	7	7	7	6	6	6	7	
# Bin upper bound for each species index 
0	1	2	3	4	5	6	7	8	9	10	10	10	11	11	11	12	13	13	14	14	15	15	15	16	16	17	18	18	19	20	20	20	20	21	21	22	22	23	23	23	24	23	23	24	24	24	24	25	25	25	26	27	28	28	28	29	30	31	31	31	31	32	32	32	33	33	33	34	35	36	36	35	36	36	37	37	37	38	38	38	39	39	39	40	40	40	41	42	43	43	44	44	45	46	47	47	47	48	49	47	
# Normalized histogram for each species index 
1	
0.7509321686177	0.2490678313823	
0.564441281394456	0.373684671355863	0.0618740472496806	
0.421551543876769	0.423008519258831	0.139856146165209	0.0155837906991908	
0.315438148630912	0.422980646499817	0.210989685048959	0.0467420179778727	0.00384950184243878	
0.23868378631255	0.393581260075077	0.264818676797168	0.0873101940051179	0.0147245488056454	0.000881534004441488	
0.178965654763112	0.35577501537796	0.295396526045645	0.132113010542634	0.033126266006034	0.00442074098108004	0.000202786283535782	
0.133841615488612	0.312015726954076	0.312604810624271	0.171651307607756	0.0574616136378512	0.0112016178359188	0.00111045657369978	0.000112851277815019	
0.100616307829542	0.268956646708745	0.310670054557659	0.206354998716025	0.0859474606585664	0.023388611820676	0.00372352647015097	0.00030184667090153	4.05465677330414e-05	
0.0757310217452849	0.22774579721477	0.300257042838975	0.230549900912682	0.117592605075248	0.038089075229968	0.00882573663894019	0.0010897358120891	0.000107850142227375	1.12343898153516e-05	
0.0559078842728973	0.188835000392029	0.28223210385421	0.249241142933949	0.146023140940199	0.0581570134074082	0.0162927452144401	0.00297046337884609	0.000306903079111549	3.13623584493554e-05	2.24016846066824e-06	
0.0420682492714437	0.154809814358042	0.259207115902	0.25715910057434	0.172004190037916	0.0802956304529807	0.0271994341658199	0.00620447922215706	0.000919928196358785	0.000127581282706693	4.47653623532256e-06	
0.0311321999923937	0.12636997563742	0.232632433774723	0.257610230046287	0.194616518679096	0.10373447696517	0.0396087669492189	0.0114654013337897	0.00246534093069976	0.000326624116045522	3.80315751559854e-05	
0.0235242039318609	0.101473829912972	0.206441798436513	0.251782460098285	0.209879761185176	0.126730497426022	0.0557646545970955	0.018751502704306	0.00468281984850494	0.000856120135451238	0.000107857654859999	4.49406895249994e-06	
0.0182018927444795	0.0820527264533574	0.179405137449301	0.240914826498423	0.221746282109058	0.146388012618297	0.0734339792699414	0.0278391167192429	0.00798557908968004	0.00170797656602073	0.000299684542586751	2.4785939612438e-05	
0.0138846646886145	0.066737858521958	0.153301296998452	0.225263646419793	0.226579343998594	0.165804929810688	0.0920357491253089	0.0392005785464696	0.0131704932288886	0.00336584277864515	0.000606031932701168	4.95639498863408e-05	
0.0101201756726807	0.0537013835806652	0.133421229980144	0.20646741416508	0.225479775479097	0.18130831821903	0.109553445835011	0.0529030769857028	0.0197066392875396	0.00590927799613737	0.00117823721239478	0.000228410668813576	2.26149177043145e-05	
0.00723312914125635	0.0431350077993188	0.113356162826127	0.189578018199926	0.221591606750617	0.191535806376796	0.127006107571479	0.0665852626983369	0.0276205028855206	0.00928869303427607	0.00249669154262794	0.000470687749839693	9.77757161502744e-05	4.54770772791974e-06	
0.0053622970329535	0.0336944676233078	0.0948593080995308	0.170578954808056	0.213780556201524	0.19942182035393	0.143176978600969	0.0822538062733403	0.0377344295035771	0.0136451308427835	0.00422007304761775	0.00101227035826163	0.000250787701371125	9.11955277713181e-06	
0.003982156655809	0.0267148689216265	0.0794060728458857	0.152949462853339	0.202344617250238	0.203650728162532	0.156924781232121	0.0956880104488873	0.0500972175050774	0.0193819565222347	0.00657614307499083	0.0017688343245036	0.000439929155449993	6.61033446012943e-05	9.11770270362679e-06	
0.00325457504159129	0.0204797316339239	0.0660551459558723	0.13315121046555	0.190924462949663	0.203365485140774	0.169394721770198	0.11236693060846	0.0613028300257275	0.0264502404567314	0.00948190438094892	0.00297275429776634	0.000665915144683134	0.00010681915290139	2.72729752088655e-05	
0.0023926489100155	0.0164940535971534	0.0538130143740712	0.117282968793314	0.175717681061945	0.199966825570668	0.179146462833278	0.12620825361624	0.0744947716190485	0.0348058841439861	0.0138946325591118	0.00438765911228863	0.00109066616980763	0.000245399888206718	5.45333084903817e-05	4.54444237419847e-06	
0.00168650162286005	0.0128510514496641	0.0446468347410243	0.10049004009419	0.162231455300888	0.194413633842769	0.184685565182606	0.138384049604059	0.0876571719504323	0.0454650835068324	0.0184765117145948	0.00656871925884845	0.00197288869089289	0.000409124382904056	5.90957441972525e-05	2.27291323835587e-06	
0.00131659550346063	0.010123613688936	0.0367663865853547	0.0867101569857277	0.145876953178572	0.186323407056586	0.186641127152039	0.150889616267269	0.0998258253865213	0.0565153191372642	0.0252187468570854	0.00972132061843417	0.00306748466257669	0.00079772887275653	0.000196575023086136	9.14302432958774e-06	
0.000860006495793745	0.00786357003334812	0.030747519475945	0.0754129632255733	0.131468918541832	0.175036481658532	0.186648856603066	0.1583212490222	0.112702021472715	0.0679016298952896	0.0333412624712378	0.0132935046637054	0.00463397117148438	0.00131745675951382	0.000368247462294662	8.00537961510135e-05	2.28725131860039e-06	
0.000579993423696613	0.00577481641153045	0.0250767235395126	0.0646738336195243	0.117256859449783	0.164690731065726	0.183593036425414	0.164859705527748	0.124933780278397	0.0784269847648972	0.0421819626612108	0.0183382960067224	0.00657401994812027	0.00216926674217237	0.000675897848087392	0.000184958532753644	9.13375470388367e-06	
0.000478524769953224	0.00433648762818854	0.0199240313307797	0.0548586291295657	0.104572544584084	0.152855464913144	0.179126245824356	0.168344556151104	0.135342374169737	0.0893032541973949	0.0515066661476924	0.0245993786046767	0.00971702929991139	0.00360152853175321	0.00106237078114017	0.000283909432890908	7.55565426241932e-05	1.14479610036656e-05	
0.000383943834501924	0.00320638809408452	0.0159839474911099	0.0454104999497216	0.0928092804709711	0.139410463383642	0.173087822581382	0.170996699911327	0.143473868965454	0.10164455942445	0.0609008053679005	0.031234288012725	0.0136048669451783	0.00530436690404147	0.00192428993244417	0.000502783592800139	9.82713385927544e-05	2.05684197054602e-05	2.28537996727336e-06	
0.000276313746266339	0.00282479424902034	0.012904537026042	0.0380445207669191	0.0799597175662468	0.129205221188012	0.16465102258922	0.17273262877134	0.149704960859359	0.111514290672927	0.0709989312823698	0.038085625291157	0.0177366022086831	0.00758835189126483	0.00273573444650475	0.000760433698402404	0.000246627145427807	2.51194314787581e-05	4.5671693597742e-06	
0.000211814705406741	0.0021227022090224	0.0104176393820477	0.0311595374695659	0.0699216285589995	0.117270186738577	0.154854770272148	0.171768060620002	0.154611069482056	0.120675165067428	0.0811136442833944	0.0469704803183142	0.0228304366343782	0.010183048901866	0.00414063585408017	0.00129821916217035	0.000353024509011235	7.74376342347226e-05	1.82206198199347e-05	2.27757747749184e-06	
0.000170492906358476	0.00186178253743456	0.00826322286150748	0.0260013048390433	0.0590155512262986	0.104578075521538	0.145328153379965	0.168672042118568	0.160347441810771	0.129154059663424	0.0906158431101543	0.0549396341449553	0.0294429883087331	0.0132757143084467	0.00577402642867372	0.00190270083496059	0.000479653376555179	0.000154580235098352	2.04591487630171e-05	0	2.27323875144635e-06	
0.000148225174563648	0.00136823238058752	0.00708972411874433	0.021159713765786	0.0504467278722618	0.0920387118548214	0.135760577576496	0.162479875582069	0.162844737550226	0.13842635033134	0.100448780220833	0.0632739064402698	0.034972019647817	0.0174746078874036	0.00786733618837823	0.00301923278649646	0.000866547174372095	0.000214356406292045	9.80566539421055e-05	0	2.2803873009792e-06	
0.00012070720758679	0.00109775234069495	0.00537944196830183	0.0182062908952603	0.0439374235615914	0.0809763163348737	0.124244156518531	0.154796745004885	0.162394466599405	0.144502469942767	0.110303612789498	0.0728365510534551	0.0426939115739992	0.0220689215380376	0.0101416829317731	0.00427485714415857	0.0015213663144901	0.000375786589656987	0.00011615221862125	9.10997793107846e-06	2.27749448276962e-06	
9.10228694959609e-05	0.00083741039936284	0.00506542268745022	0.0151644100580271	0.037747183979975	0.072540675844806	0.113382637387644	0.146567300034134	0.160129707589032	0.14744567072477	0.119315052907043	0.0828353623847992	0.0501649789509614	0.0269541472294914	0.0129070428945272	0.00555239503925361	0.00235521674820799	0.000705427238593697	0.000195699169416316	3.64091477983843e-05	6.82671521219706e-06	
8.42461901368204e-05	0.000776431103693399	0.00394363246802629	0.0129989594457056	0.032314106227615	0.0650335049375098	0.103181090601085	0.138391444230161	0.157510775543103	0.150506957141458	0.125406146328801	0.0919763473128881	0.0576927017753177	0.0323892447215208	0.0161411146454032	0.00719508002249601	0.00295772435101972	0.00106332353497014	0.000302830899681003	0.000107015430714339	2.50461646352709e-05	2.2769240577519e-06	
3.42209486959537e-05	0.000604570093628516	0.00327836688507237	0.0108434779434579	0.0275592706831414	0.0564349071927871	0.0938133087550875	0.130304247047873	0.152374477560183	0.153428482780019	0.131547608183826	0.0997609096384443	0.0655239911664324	0.0391738606705481	0.0196336989651585	0.0094358562537643	0.00392400211713603	0.00144868682812871	0.000611414283367706	0.000200762899016262	5.47535179135259e-05	9.12558631892099e-06	
3.42682472705341e-05	0.000493462760695691	0.0025472730471097	0.00891888248961101	0.0235719850224914	0.049341706969933	0.0842496281895171	0.121757367102026	0.147312341366572	0.153348121985822	0.136876517797785	0.107026589875332	0.0741382106948915	0.0453780130356413	0.0242345044697217	0.0115918057767127	0.00554231785855438	0.00222972062240275	0.000886405329397815	0.00035867432143159	0.000123365690173923	3.42682472705341e-05	4.56909963607121e-06	
2.74212382060112e-05	0.000287923001163117	0.00186235909482493	0.00738316838696851	0.0202208780737494	0.0438419896850442	0.0758242938459886	0.113087471464774	0.141219376760958	0.151957076621795	0.138575512377261	0.114920124218209	0.0816855835125235	0.0530578108254478	0.0292287548244241	0.0149102982745186	0.00705868373486405	0.00292036186894019	0.00120653448106449	0.000447880224031516	0.000185093357890576	6.8553095515028e-05	2.28510318383427e-05	
9.11205319616656e-06	0.000216411263408956	0.00131669168684607	0.0059683948434891	0.0178641802910845	0.0381635567988446	0.0688711760699259	0.103241840725866	0.134446066896139	0.147455800846965	0.141769879652557	0.11991917608815	0.0898402884876042	0.0603559623581082	0.0360199462844464	0.0190555812464833	0.00920545174142727	0.00375872194341871	0.00156499513644161	0.000649233790226867	0.000173129010727165	0.000120734704849207	1.13900664952082e-05	2.27801329904164e-06	
2.05536702003754e-05	0.000205536702003754	0.00106650710928615	0.00460630586601748	0.0143007869771946	0.0339363932419532	0.0613983803707882	0.0948848766094666	0.126450746554977	0.144535692590174	0.142731537094807	0.124628321130543	0.09726225112931	0.0678339628846391	0.0419865807371003	0.0240089705351719	0.0116699171915465	0.00505391912815898	0.0021238792540388	0.000838132995948643	0.000294602606205381	0.000130173244602378	2.28374113337505e-05	9.1349645335002e-06	
9.13554870389403e-06	0.000191846522781775	0.000929542080621217	0.00366107114308553	0.0121137375813635	0.0283202009820715	0.0549069315975791	0.0858330478474363	0.118154619161813	0.140287769784173	0.143985383122074	0.129249743062693	0.10427086901907	0.0746808267671577	0.048272239351376	0.0284823569715656	0.0152860568687907	0.00682882265616079	0.00280689733927144	0.00115564691104259	0.000367705835331735	0.000132465456206463	5.93810665753112e-05	1.3703323055841e-05	
1.82542543821619e-05	0.000116370871686282	0.000757551556859721	0.00298685237328125	0.010119702273111	0.0238309290959124	0.0479356720075573	0.0782719610089126	0.11094935813478	0.134595462905073	0.143530920425142	0.133048414846185	0.110524946720395	0.0827465351143401	0.0547969898734524	0.0327641048341829	0.0177887708954168	0.00914309966366536	0.00367138691261232	0.00158127478585478	0.000590981485622493	0.000173415416630538	4.56356359554049e-05	6.84534539331073e-06	4.56356359554049e-06	
1.37496419364079e-05	9.85391005442567e-05	0.000588942996276139	0.0024405614437124	0.00809853910054426	0.0203655113148095	0.0413222572328846	0.0708885706101404	0.104009166427958	0.129402463477514	0.141110283586365	0.136297908908622	0.116849040389573	0.0895491263248353	0.0613325694643369	0.037898596390719	0.0205075909481524	0.0108874248066457	0.00502320252076769	0.00210140360928101	0.000815812088226869	0.000325408192494987	4.58321397880264e-05	2.74992838728158e-05	
4.58688243361634e-06	6.88032365042452e-05	0.000479329214312908	0.00209161838972905	0.00636659281785949	0.0169026617678762	0.0357960305119419	0.0635879511772234	0.0951044203786013	0.123088990106095	0.137824349924087	0.138615587143886	0.12182759743685	0.0967923931141721	0.06936742304358	0.0436900551801957	0.0250420846463284	0.012971703522267	0.0059767078110021	0.00278882451963874	0.00111231899015196	0.000348603064954842	0.000135313031791682	1.60540885176572e-05	
2.28251615450808e-06	7.76055492532748e-05	0.00032183477778564	0.0017506898905077	0.00558303451392677	0.0143433315149288	0.0315124180291386	0.0569373654742041	0.0872879827806981	0.116091054134436	0.135223104541522	0.136193173907188	0.125394589980211	0.103347766443817	0.0766263498229909	0.0500190590098901	0.0293006598754203	0.016096303921591	0.00791120099152502	0.00364746081490392	0.00157265363045607	0.000493023489373746	0.000207708970060236	5.24978715536859e-05	6.84754846352425e-06	
4.11352412467635e-05	0.00029023197990772	0.00134146592288056	0.00478997031406757	0.0124159869829814	0.0274943381911006	0.0509025757516894	0.0796241153066518	0.10758922348091	0.130901478811923	0.137382564599468	0.127039336717088	0.107561799986745	0.0831960254215791	0.0563369981786229	0.0352049106336884	0.0193244222212573	0.0102381044880833	0.00492480249370974	0.00214131783601208	0.000845557736739027	0.000333652512334859	6.17028618701452e-05	1.8282329443006e-05	
2.28851804725332e-05	0.000256314021292372	0.00100694794079146	0.00384928735548009	0.0110672732765171	0.0238738202689466	0.0447130656072354	0.0725391565437885	0.101596470189764	0.124655578033888	0.135100374401553	0.130388315742258	0.112624838659478	0.088524455103853	0.0629891707326004	0.0403442846550288	0.0233840774068344	0.0123465548649317	0.00634148350893895	0.00271875944013694	0.00111221977096511	0.000441683983119891	8.00981316538662e-05	2.28851804725332e-05	
1.37203069690013e-05	0.000226385064988521	0.000864379339047079	0.00291099179525643	0.00890447922288181	0.0203540753885134	0.039999268250295	0.0651371573353334	0.0945603556303566	0.118612053747016	0.132170003750217	0.130518993478281	0.117075379366488	0.0961404776496199	0.0704720700284468	0.04590586040045	0.0274108866062363	0.0149802884923212	0.00798521865595873	0.00351925873754882	0.00155496812315348	0.000509938075681213	0.000153210094487181	2.05804604535019e-05	
0.000158502632521984	0.000769541766592239	0.00227876248495374	0.00722909832676351	0.0176810835148074	0.0349808418557213	0.0584300429105678	0.0864459574937288	0.112736720235962	0.127909327305639	0.131715687625768	0.12067333756007	0.101701261589069	0.0774021188815687	0.051678749620972	0.0325803309718738	0.0177706719592763	0.00998796298848674	0.00473210757964183	0.00208580275840523	0.000783324604202847	0.000241199658185627	1.60799772123752e-05	1.14856980088394e-05	
1.37523522252452e-05	6.41776437178109e-05	0.000676157317741222	0.00197346254432269	0.005963936748348	0.0152903236157684	0.0313393186626296	0.0522612305146359	0.0785671882628258	0.105769340964361	0.125762969041163	0.130716107900956	0.123894941197234	0.105883943899571	0.0822459424830789	0.0581082722690694	0.0377066577429181	0.0216782912243948	0.0116230296890364	0.00612208879893832	0.0026473278033597	0.00111164847154065	0.000453827623433091	0.000119187052618792	6.8761761126226e-06	
1.60191497493003e-05	6.17881490330155e-05	0.000434805493195294	0.00173922197278118	0.00486066772393055	0.0127535316504072	0.0270929591259952	0.0471603768619401	0.0718939440748598	0.0989319804017145	0.120910253857755	0.129322595926101	0.126015785727853	0.110740382216913	0.0877323062769894	0.0638569078006394	0.0432883195225378	0.0258915228947977	0.0141517745785247	0.00734592438503628	0.00340750199667259	0.00156072287557469	0.000517189691905981	0.000295210045379963	1.83075997134861e-05	
1.83237019375024e-05	4.12283293593805e-05	0.000345859874070358	0.00147734846871113	0.00411825201045367	0.0104651242690561	0.0235070191230734	0.0428133295769744	0.0655644959951259	0.0933546804460905	0.114626207932789	0.126209078020032	0.126733593987993	0.113293158616835	0.0930592107523483	0.0699369893699624	0.0492632726589753	0.0306189059375666	0.0176319821893617	0.00925805040392311	0.00432668411999276	0.00213013035023466	0.000767305018632914	0.000320664783906293	0.000112232674367202	6.87138822656341e-06	
2.29274186707141e-06	4.35620954743568e-05	0.000302641926453426	0.00108905238685892	0.00337720877019619	0.00893710779784436	0.0195456244167838	0.037211200502569	0.0597075837022737	0.0860374313037218	0.109787944304715	0.123301364869233	0.126605205899683	0.115870588478055	0.0976524616023056	0.0769283678658471	0.0552734209313576	0.0356108666793532	0.0212353751728154	0.0112183859555804	0.00586483369596867	0.00265958056580284	0.00110051609619428	0.000428742729142354	0.000155906446960856	4.58548373414282e-05	6.87822560121424e-06	
2.29703934598696e-05	0.000294021036286331	0.000953271328584587	0.00277712056929823	0.00772494332055414	0.0171841513473284	0.0324985126670235	0.0537300473419809	0.0784048439965728	0.102142448598002	0.12146744061579	0.126543897570421	0.118518042095543	0.102799401850954	0.0824016924585901	0.0607520966226631	0.0397456718036123	0.0250538081466797	0.0136972456201202	0.00716676275947931	0.00381078827499236	0.00132309466328849	0.000578853915188713	0.000254971367404552	0.000124040124683296	2.29703934598696e-05	6.89111803796087e-06	
6.89005764681564e-06	0.000174548127052663	0.000808433430559702	0.00244367377873728	0.00618956845272272	0.014351990078317	0.0289083852001562	0.0482970074182954	0.0723042649456834	0.0955375393307457	0.117119496566455	0.125049952917939	0.120938885188673	0.107190923497393	0.0874968420569119	0.066176707011782	0.0452171516501688	0.0284697181966422	0.016793367171172	0.00860568200087274	0.00452447118807561	0.00216118141521784	0.000686709078799293	0.000330722767047151	0.000151581268229944	5.05270894099814e-05	1.37801152936313e-05	
2.52910191590966e-05	0.000149446931394662	0.000469033446223246	0.00216813009700255	0.00547665523972437	0.0127857597767033	0.025169162430421	0.0445075953528902	0.0656715800219342	0.0900498233077434	0.110402196180136	0.122879865359811	0.121888917245486	0.11113333655219	0.0915029073176115	0.0708493413988693	0.0508096574906251	0.0330990465285777	0.0199546141165272	0.0109257202767297	0.0054536634041252	0.00285328679785808	0.00111970239368	0.000383963654506285	0.000177037134113676	6.89755067975362e-05	2.52910191590966e-05	
2.53177376069674e-05	0.000131191913054286	0.000435004764337895	0.00168708196962792	0.00497378463351424	0.011220360984906	0.0229769976845778	0.0389847126897104	0.0609743186076165	0.0838431405042373	0.104928212705822	0.117826449210317	0.121288074424942	0.114109345007112	0.0977241655503846	0.0763882175852402	0.0563411726255415	0.037477156495841	0.0235270830744019	0.0129396655296701	0.00639157793950442	0.00349154617725178	0.00136945944328597	0.000584609577469975	0.000170319325719599	0.000142699975602907	3.6825800155589e-05	1.15080625486216e-05	
2.06791016998222e-05	7.3525694932701e-05	0.000353842406863624	0.00144294176305426	0.00433571832306271	0.00983176401928211	0.0197600305131634	0.0357242970254261	0.055858849047153	0.0785277398660913	0.0989793714472154	0.114849433162846	0.120379944028565	0.115341136247708	0.101695226803792	0.0820822476804941	0.0603944653533139	0.0420199346540386	0.0271057069725336	0.0152542840205688	0.00830610584942857	0.00417028550946414	0.00205871945811563	0.000836354779859474	0.000330865627197155	0.000188409593265046	4.8251237299585e-05	2.5274457633116e-05	4.59535593329381e-06	
1.37801152936313e-05	8.26806917617877e-05	0.00023196527410946	0.00115293631290048	0.0033899083622333	0.00837371672676328	0.0170115523299878	0.0318113961553478	0.0512229852323098	0.073390597367998	0.0930134815461289	0.111111366298431	0.118692726395811	0.116409820628833	0.105427068739808	0.0867021887416458	0.0670609310764567	0.046393054821892	0.030199122665993	0.0180932913805379	0.0101903952596403	0.00508486254334995	0.00276291311637307	0.00124250706230909	0.000486897407041639	0.000284789049401713	9.41641211731471e-05	3.21536023518063e-05	3.44502882340782e-05	2.29668588227188e-06	
5.70880526123493e-05	0.000207800511508951	0.000815217391304348	0.0027288089148703	0.00676607599561564	0.0148132078918524	0.0281786627694556	0.0455973693825356	0.0685810193642674	0.0889386189258312	0.106448666423091	0.117943916697114	0.118188253562294	0.105930306905371	0.0909846547314578	0.0720040189989039	0.0516738217025941	0.0335038363171355	0.0217573986116186	0.0123835403726708	0.0064029959810011	0.00339559736938254	0.00153452685421995	0.000707891852393131	0.000267172086225795	0.000123310193642674	4.33869199853855e-05	1.14176105224699e-05	1.14176105224699e-05	
2.27216439563835e-06	3.18103015389369e-05	0.000184045316046707	0.000740725592978103	0.00233124066992495	0.00567813882470024	0.0129581535483255	0.0247188764601496	0.0414374620832566	0.0621777786866435	0.0847721814368713	0.104110572608149	0.115766775957774	0.118197991861107	0.108754876632834	0.0940994162809668	0.0759425505954207	0.0556771163507222	0.0378837969684783	0.0242030951423397	0.014500953172964	0.00811162689242892	0.00413761136445744	0.00206085310684399	0.000888416278694596	0.000402173098027989	0.000120424712968833	7.95257538473424e-05	1.81773151651068e-05	1.13608219781918e-05	
2.26036717404375e-06	9.04146869617501e-06	0.000160486069357106	0.000612559504165857	0.00201398715207298	0.00486883089289024	0.0110351125436816	0.0219233012210503	0.037664498221091	0.057189549870481	0.0799582284146237	0.100360302527543	0.113113294123497	0.118551737544247	0.110416676084863	0.097125717101486	0.0801887858663761	0.0592329217958165	0.0417896683137209	0.0279290968024846	0.0167108945177055	0.00933531642880069	0.00509260724312057	0.0025519545394954	0.00129066965637898	0.0005063222469858	0.000196651944141806	9.94561556579251e-05	5.87695465251375e-05	1.13018358702188e-05	
2.02438711680039e-05	0.000105717993877354	0.000508346098218764	0.00150704374250696	0.00405327287163811	0.00960684152872718	0.0190584800451663	0.0335148533781398	0.0527217884785381	0.0741375548552676	0.0953553811583543	0.110068176859456	0.11547778909935	0.112144298313686	0.100648028809278	0.085053500052859	0.0645509571977084	0.0461515276250115	0.0317986229668968	0.0200144406280998	0.0115232613326315	0.00595844608044914	0.0031445479880966	0.00148904919035762	0.000807505527701488	0.00029466079144539	0.000184444159530702	8.32248036906827e-05	1.34959141120026e-05	4.4986380373342e-06	
4.4913541432742e-06	0.000116775207725129	0.000384010779249944	0.0013496519200539	0.00354592409611498	0.00805973501010555	0.0170042667864361	0.0304940489557602	0.0475364922524141	0.0684751852683584	0.0892117673478554	0.105620929710308	0.114958454974175	0.113808668313497	0.102856501235122	0.0884998877161464	0.0708803054120817	0.0508892881203683	0.0351089153379744	0.0230810689422861	0.0136020660229059	0.00721985178531327	0.00366719065798338	0.00198068717718392	0.00088255108915338	0.000426678643611049	0.000161688749157871	0.000145969009656411	2.47024477880081e-05	2.2456770716371e-06	
1.1227906287403e-05	8.08409252693013e-05	0.000399713463831545	0.00124180643538677	0.0029731495849043	0.00684902283531581	0.0144772623669774	0.0270076057837191	0.0439437796276377	0.0632827254170606	0.0843305585434262	0.101307152849979	0.112427271237023	0.115072565958335	0.106626934848951	0.0918263087808964	0.0743736512477572	0.0556477491416266	0.0391314989928568	0.0257680449295898	0.0157796994963161	0.0086432422600428	0.00450239042124859	0.0022792649763428	0.00114749202257258	0.000503010201675653	0.000211084638203176	0.000139226037963797	1.34734875448836e-05	2.24558125748059e-06	
1.79614636796753e-05	8.53169524784575e-05	0.000332287078073992	0.00104176489342116	0.00255277302547385	0.00604627771117068	0.0128963309220068	0.0230961971091024	0.038992092465615	0.0577146731687165	0.0789967624461717	0.098006726568148	0.110335026201285	0.114183269794656	0.109340410150023	0.0970368075294456	0.0783703564003431	0.0604133830865877	0.0432781467361775	0.0286215923735625	0.0172811732428076	0.0103458030794929	0.00552090489854018	0.00300180961746573	0.00136507123965532	0.000655593424308147	0.000269421955195129	0.000130220611677646	5.83747569589446e-05	6.73554887987822e-06	6.73554887987822e-06	
8.96659941717104e-06	4.93162967944407e-05	0.000268997982515131	0.000961667787491594	0.00232010759919301	0.00535978480161399	0.0111477247253979	0.0205917955615333	0.03454830755436	0.0529388029589778	0.0735418067697826	0.0919031607262945	0.106742882761713	0.112719121273257	0.110618695359785	0.101318090114324	0.083553015019054	0.065987446760816	0.0479488903833221	0.0323268325487559	0.0200112082492715	0.0117395202869312	0.00663528356870657	0.00354629006949115	0.00175521183591123	0.000798027348128222	0.00039004707464694	0.000168123739071957	6.27661959201973e-05	2.91414481058059e-05	8.96659941717104e-06	
4.47258195447359e-06	5.59072744309199e-05	0.000210211351860259	0.000729030858579195	0.00184494005622036	0.00448376340935977	0.00968090364045808	0.0182660247020701	0.0307892541745962	0.0484716069316075	0.0682650183711304	0.0858266114153709	0.103224955218273	0.110275980669501	0.111329273719779	0.10356710773779	0.0887807517963007	0.0701949374844857	0.0537380721830002	0.0364291800191874	0.0230293244835845	0.0142116291603398	0.00803275719023456	0.00446587308154188	0.00241743054639297	0.00088557122698577	0.000413713830788807	0.000268354917268415	7.15613112715774e-05	2.01266187951311e-05	1.56540368406576e-05	
4.46442522757408e-06	6.026974057225e-05	0.000185273646944324	0.000598232980494926	0.00160272865669909	0.00354028920546624	0.00802926877179197	0.0157504922028813	0.0277798859785797	0.0442268285169626	0.0622519453732929	0.0815092435924337	0.0987262994825731	0.108340439210154	0.109965489992991	0.106289035818084	0.0933488992959601	0.0744465228824115	0.0583344122360967	0.040816007643096	0.0270477202412575	0.016770613367382	0.009884237453849	0.00548231417946097	0.00282151674382682	0.00129691552861027	0.000482157924578	0.000274562151495806	7.14308036411852e-05	4.01798270481667e-05	1.56254882965093e-05	6.69663784136111e-06	
6.69858168697081e-06	4.01914901218249e-05	0.000151834518238005	0.000419777785716838	0.00124370333321425	0.00315056625343861	0.00703574363188168	0.0136919009681683	0.0247244650066093	0.0397181236826123	0.0587845200242935	0.0766072130327605	0.0935055017684256	0.106043013825873	0.110180504447858	0.106576667500268	0.0958209781715551	0.0804343360365832	0.0620779893537208	0.0451797006180558	0.030683969847451	0.0195799542710157	0.0118341609803151	0.0064797613518631	0.00314163481118931	0.0017126040513022	0.00068772105319567	0.000319299060412275	7.81501196813261e-05	2.90271873102069e-05	5.13557929334429e-05	2.2328605623236e-06	6.69858168697081e-06	
2.90022554830995e-05	0.000107085251014521	0.000339103294879317	0.000901300862705553	0.00269051693173985	0.00569782773106432	0.0118373821225635	0.0217918485814551	0.0359070232308066	0.0536452488728162	0.0722245399238356	0.089971689336763	0.102964699793192	0.10965529703887	0.108339040828483	0.0970772419301224	0.0853625616576797	0.0669907482805009	0.0489044955726942	0.034543917223101	0.0218409293215034	0.01386977094911	0.00773244750034022	0.00414509159135376	0.0019476130028266	0.000896838977246615	0.000350258008526663	0.000127163735579744	5.57735682367298e-05	2.45403700241611e-05	2.23094272946919e-05	4.46188545893838e-06	2.23094272946919e-06	
3.56283164952425e-05	8.4617251676201e-05	0.000262758834152413	0.000734834027714377	0.0020976171336574	0.005032499704953	0.0101741111291727	0.019379577403631	0.0316780269038325	0.0484901387500251	0.0679031177003703	0.0857328633364582	0.100164558286812	0.107866954959128	0.108492677267575	0.10057873746607	0.0881689494768204	0.0719847867088565	0.0535582667714733	0.0383739236351571	0.0251090560500222	0.0150685511077066	0.00928562998657258	0.0050280461653911	0.00272111267232415	0.00107552980420013	0.000514383819400064	0.000269439143495271	7.7936942333343e-05	2.67212373714319e-05	1.55873884666686e-05	6.68030934285797e-06	6.68030934285797e-06	
4.44941790490259e-06	3.11459253343181e-05	9.7887193907857e-05	0.000220246186292678	0.000654064432020681	0.00200891218406352	0.00432928362147022	0.00891663348142479	0.0172548426352122	0.0285852853300467	0.0437755980573841	0.062783511347128	0.0808436986231276	0.0964678295961931	0.107012950030812	0.10918871538631	0.102721486461534	0.0903343070142849	0.074476581601212	0.0583541158227975	0.0431727019312698	0.0285452405689026	0.0179244800299001	0.0104316602780441	0.00578424327637337	0.00327254686905586	0.0015394985950963	0.000682985648402548	0.000367076977154464	0.000129033119242175	4.44941790490259e-05	3.7820052191672e-05	6.67412685735389e-06	
2.67365977233787e-05	8.46658927906992e-05	0.000209436682166467	0.000559240502380671	0.00164652880979807	0.00391022741704414	0.00797641832080798	0.0151596509091557	0.0257050106612183	0.0403299296159065	0.0580384695080243	0.0765958963778594	0.0922145255479331	0.103245600158637	0.109185580952848	0.104544553198031	0.0927448014027802	0.0787325961459194	0.0621158006608396	0.046648678877865	0.0329149798472895	0.0206072326952941	0.0122453617573074	0.00720105698683	0.00372307123298048	0.00199856067982256	0.00081546623056305	0.000418873364332933	0.000269594027044069	7.12975939290099e-05	4.01048965850681e-05	1.78243984822525e-05	2.22804981028156e-06	
1.11695901207209e-05	3.5742688386307e-05	0.000163076015762526	0.000475824539142712	0.00124429233944831	0.0033419413641197	0.00728704059475833	0.0133230870959959	0.0231791334185201	0.0369154953489827	0.053127038450197	0.0718495054105494	0.0885726157392928	0.100608966053382	0.106479702620833	0.105440930739606	0.0964784516267391	0.0814665225044902	0.0666645816765108	0.0508864186719804	0.0362832965481499	0.0241129111526123	0.0145517420092752	0.00848442065569962	0.00458623370356801	0.00233221041720653	0.00106334497949263	0.000498163719384154	0.0002881754251146	0.000134035081448651	6.70175407243256e-05	2.23391802414419e-05	2.4573098265586e-05	
4.47754845267119e-06	2.46265164896916e-05	0.000107461162864109	0.000409695683419414	0.00100968717607735	0.00258130668296494	0.00627752293064501	0.0116528198480768	0.0205720963657978	0.0334719134579435	0.0493582553680209	0.0670691982725618	0.08405477832777	0.0981165192433839	0.104458966626593	0.105345521220222	0.0982396518258323	0.0862263893273155	0.0707094451645835	0.0551454867430984	0.0400830137483125	0.0267018601975047	0.0168333434078174	0.010199855375185	0.00557007027512297	0.00280742287982484	0.00160967866873529	0.000588797621526262	0.000429844651456435	0.000158952970069827	0.000107461162864109	4.92530329793831e-05	2.2387742263356e-05	2.2387742263356e-06	
2.90470987534326e-05	7.59693352012852e-05	0.000306111733016943	0.00087364735481478	0.00233047107691001	0.00511005498839233	0.0103988613537289	0.0187711289713529	0.0309217538191349	0.0454676471179692	0.0631550958665978	0.0802213835803454	0.0941706941586284	0.102138536785916	0.106207365003609	0.0986171346601154	0.0897622383247421	0.0742711971203153	0.0575490058071854	0.0437203524083396	0.029788916967751	0.0195621038143309	0.0119070760966956	0.00691097511110515	0.00362418416754367	0.00221875146631989	0.000902694453568213	0.000540722915256207	0.000234611182239263	0.00012512596386094	5.13910208714576e-05	2.01095299062226e-05	1.56407454826175e-05	
8.99412009398856e-06	5.39647205639313e-05	0.000267575072796159	0.000726275197589576	0.0017291195880693	0.00461848066826312	0.00909980100509292	0.0167627913251712	0.0275827177982394	0.0418361496171878	0.0582751526189753	0.0768255253128267	0.0905100790358303	0.101527876150966	0.105082802118115	0.101069176026173	0.0912003777530439	0.0788402082138802	0.0612027387095686	0.0462365228731717	0.0331478296063948	0.0223548854936086	0.0139363890856353	0.00820713458576456	0.00430143793495003	0.00225977267361462	0.00124793416304091	0.000577872216038765	0.000283314782960639	0.000123669151292343	6.97044307284113e-05	2.02367702114742e-05	1.34911801409828e-05	
1.36012476877879e-05	3.17362446048384e-05	0.000228954336077763	0.000684596133618657	0.00148480287258351	0.00379474810489282	0.00810407674730695	0.0149591055819521	0.0253119219469733	0.0386660803017663	0.0543823220050053	0.0723813064451779	0.0868076964926916	0.0992551050016321	0.104876954045918	0.101721464582351	0.0934292372420297	0.0808367487577527	0.0655421457328352	0.0501840702187081	0.0363493344456131	0.0247180007979399	0.0158907910485655	0.00931005404229081	0.00552664031047115	0.00276785390446484	0.00146440100105183	0.000648326139784556	0.000349098690653223	0.000167748721482717	6.12056145950455e-05	2.72024953755758e-05	1.13343730731566e-05	1.13343730731566e-05	
2.26532891443173e-06	4.30412493742029e-05	0.000142715721609199	0.000532352294891457	0.00126858419208177	0.00318958311151988	0.00672349621803338	0.0134152778312647	0.0229070059827337	0.0359598311876893	0.0507682863013295	0.068489954398929	0.0828929156368859	0.095449633809581	0.10263072646833	0.102626195810501	0.0946930139521608	0.0836721887834504	0.069418739253846	0.0540235639513679	0.0400442192204097	0.028402693929145	0.018102243355224	0.0113447672034741	0.00615263333159658	0.00371513941966804	0.00183718174960413	0.000844967685083036	0.000357921968480213	0.00018349164206897	9.96744722349962e-05	4.07759204597712e-05	2.26532891443173e-06	2.26532891443173e-05	
2.2678462490957e-06	2.94820012382441e-05	0.000161017083685794	0.000349248322360737	0.00113165527829875	0.00249463087400527	0.00563333008275371	0.0111441964680563	0.0202450634656773	0.0329223239981222	0.0473458261423709	0.0640144960732242	0.0799461159731215	0.09346701531023	0.101808153814404	0.101526940879516	0.0961838951166467	0.08742320505639	0.0734487364694623	0.05727899271341	0.042916722417887	0.0309470299151599	0.0206328651742726	0.0129380628510909	0.00737050030956101	0.00411387309585959	0.00245154179527245	0.00107495912207136	0.000451301403570044	0.000244927394902335	0.000167820622433082	6.57675412237752e-05	4.08212324837225e-05	2.72141549891484e-05	
1.13397198635605e-05	0.000111129254662893	0.000403694027142753	0.000979751796211626	0.00227928369257566	0.00495318963640322	0.00961381450032658	0.017723982146745	0.029666975107047	0.0434084476377096	0.0592046774076493	0.0764342477683431	0.0898944952463894	0.099957362653313	0.102574569997823	0.0978799259743087	0.0891528775673126	0.0763662094491618	0.0616449851222875	0.0465427462079977	0.033597322011757	0.0229674686116554	0.0145919515204296	0.00913754626605704	0.00507565861092968	0.00282812613397199	0.00154900573336236	0.000687187023731766	0.000358335147688512	0.000156488134117135	0.000145148414253574	6.35024312359388e-05	3.62871035633936e-05	2.2679439727121e-06	
6.81344337801438e-06	9.31170594995299e-05	0.000306604952010647	0.00093344174278797	0.00189186611129533	0.00427430014580769	0.00848273700562791	0.0160638283375652	0.0270107606982417	0.0403174156155038	0.0558316261872425	0.0728652346322785	0.0869531643902195	0.0973186829159721	0.10057323770287	0.0986018814188314	0.0911275340331497	0.0792857694421607	0.0650025209740499	0.0503990406671724	0.0364269394466575	0.0250212352318615	0.0167951379268055	0.0108015789019455	0.00639100988857749	0.00351346563526275	0.00189186611129533	0.000997033880982771	0.000363383646827434	0.000213487892511117	0.000133997719767616	7.49478771581582e-05	3.17960690974004e-05	4.54229558534292e-06	
8.1967773003914e-05	0.000305102266181235	0.000696726070533269	0.00183061359708741	0.003811501444682	0.00773001637078577	0.0141622096690096	0.0239323128345594	0.0366783015366681	0.0526938936285995	0.0687163163682812	0.083044738465882	0.0933225864475395	0.100148680432699	0.0982816367142763	0.0936686726002227	0.0815169502523924	0.0685637652351906	0.0549662224468746	0.0401482705938337	0.0283585725767708	0.0191531362919146	0.0119991712147396	0.0073793764529357	0.00414392630186454	0.00241121865586514	0.00125456230347657	0.000480422225106274	0.000270949027429604	0.000129782307256197	7.51371252535878e-05	3.64301213350729e-05	6.83064775032616e-06	
4.56768046334551e-06	5.02444850968006e-05	0.000260357786410694	0.000600649980929934	0.00139771022178372	0.00338921890380237	0.0065797437074492	0.013022457000998	0.0212762555982634	0.0333669057847389	0.0488239364727001	0.0646372462368023	0.079539303748467	0.090949369545904	0.0974857202889515	0.0979402044950543	0.094048540740284	0.0845591845776837	0.0725142111958416	0.0583247118364588	0.0443087843346831	0.0321793088642691	0.0211552120659847	0.0141072811110426	0.00867630904012479	0.00516376276381209	0.00280455580449414	0.00146394158850223	0.000714841992513572	0.000353995235909277	0.000200977940387202	5.48121655601461e-05	4.11091241701096e-05	2.28384023167275e-06	2.28384023167275e-06	
4.58184900516604e-06	1.83273960206641e-05	0.000203892280729889	0.000581894823656086	0.00117066242081992	0.00272161830906862	0.00600451312127009	0.0112392756096723	0.0195461678560383	0.0297545274395482	0.0452732500200456	0.0611447749739407	0.0762580039174809	0.0886473236274499	0.0966105771984284	0.0978797493728594	0.0948740564254705	0.086844366043917	0.0757425459043997	0.0619557622478551	0.0467508963242116	0.0341279023149792	0.0239378701274899	0.0163663646464531	0.00976392023000882	0.00585331210409961	0.00330580405722729	0.00172277522594243	0.00089575148050996	0.000478803221039851	0.000185564884709224	8.93460556007377e-05	2.06183205232472e-05	1.83273960206641e-05	6.87277350774905e-06	
2.28228173398637e-06	1.8258253871891e-05	0.0001004203962954	0.000451891783329301	0.00105669644283569	0.00244204145536542	0.00520360235348892	0.0100671447286139	0.0174411970111238	0.0284988520122878	0.041692722716463	0.0567147010895613	0.0730581205866377	0.0853025620894746	0.0944659232514299	0.097622318889533	0.0949041213443552	0.0885365553065333	0.078195536769841	0.0647414859479914	0.0506232911415517	0.0376051561308934	0.0269720055322509	0.0177150708192022	0.0116442014067985	0.00653189032266899	0.00396660565366831	0.00215219167514915	0.00114342314872717	0.000620780631644293	0.000285285216748296	0.000136936904039182	4.10810712117547e-05	2.51050990738501e-05	2.05405356058773e-05	
1.5968173149745e-05	0.000102652541676932	0.000333050468551824	0.000967215059355981	0.00200286514649658	0.00455092934767732	0.00862053233326946	0.0155028149608095	0.0262516766581807	0.0386498225251613	0.0521703028478096	0.0685513673318551	0.0818437308952214	0.0929416112342942	0.0971275537671202	0.0956128584854872	0.0906330696303596	0.0808514229923444	0.0678054255290028	0.0545609664850857	0.0407348097049994	0.0296369293659267	0.0196750704880786	0.0129342202512934	0.00778562499429708	0.00455321051527014	0.00264159207248638	0.00144169791866269	0.000764191143594938	0.000422016004671831	0.000173368737054374	7.75596981559041e-05	3.19363462994899e-05	2.28116759282071e-05	9.12467037128284e-06	
1.37240101557675e-05	0.000100642741142295	0.000308790228504769	0.000731947208307601	0.00187790205631419	0.00361398934101878	0.00788215649946248	0.0134266566023926	0.0233971499805577	0.0358219538415792	0.0488872115098698	0.0637869118689814	0.0777282188522153	0.0898854045151993	0.0968480523342254	0.0975937235526888	0.0915139870536838	0.0837713579908049	0.0703309773782566	0.0577414853953659	0.0441730140213637	0.0318923122669777	0.0225599853610558	0.0143576019579588	0.0092385461698575	0.00573663624511082	0.00329833710743613	0.0017177886044969	0.000825727944372012	0.000446030330062444	0.00029277888332304	0.000116654086324024	3.659736041538e-05	1.829868020769e-05	2.28733502596125e-05	4.5746700519225e-06	
1.36710695105529e-05	4.55702317018431e-05	0.00029620650606198	0.000647097290166172	0.00158356555163905	0.00343371695873388	0.00709756358756206	0.0125751054381236	0.0206364794261796	0.0322682810680751	0.0454517490994183	0.0611370228511927	0.0733908581558183	0.0874059829157201	0.0943896209240276	0.0971397844072338	0.0935032799174267	0.0856127942982526	0.0742225148843769	0.0609889195981617	0.0472472162284709	0.0351551552463868	0.0245737474452189	0.0164873098297268	0.0103672277121693	0.00642768118154497	0.00369574579101947	0.00219420665644374	0.000911404634036862	0.000555956826762486	0.000305320552402349	0.000136710695105529	5.69627896273039e-05	2.05066042658294e-05	1.59495810956451e-05	6.83553475527646e-06	2.27851158509215e-06	
1.59322651128915e-05	5.69009468317553e-05	0.000295884923525127	0.00054169701383831	0.00144073197378004	0.0029338128186453	0.00617033867443554	0.0111639657683904	0.0192871449380918	0.0286393845593591	0.0426984705025492	0.0567689366351056	0.0705913146394756	0.0825609978150036	0.0929693190094683	0.0959714129643117	0.0953750910415149	0.0881441187181355	0.0771280954115076	0.0641250910415149	0.0500091041514931	0.0385970502549162	0.0277084850691915	0.0185519847050255	0.0115804806991988	0.00732201383831027	0.00422205025491624	0.00241487618353969	0.00127230517115805	0.000714675892206846	0.000382374362709395	0.00021167152221413	8.87654770575382e-05	2.95884923525127e-05	4.55207574654042e-06	2.27603787327021e-06	9.10415149308084e-06	
2.04076079562461e-05	4.30827279076306e-05	0.000156458327664553	0.00046937498299366	0.00127660925326295	0.00241036525083218	0.00533545572456078	0.00964372851532385	0.0169292445557037	0.0263870370874262	0.0387676525808822	0.0543114473075563	0.067113820032108	0.0796282187332771	0.0899907485510598	0.0945348425893173	0.0945439126372978	0.0904442509500875	0.0808662802826227	0.0675129021432523	0.0539350403163633	0.041041967112006	0.0309243285896982	0.0208543078192884	0.0135733268028988	0.00836485175006576	0.00488648834952337	0.00280491233798627	0.00156458327664553	0.000834444414210951	0.000419489719100614	0.000229018711508984	0.000124713159732615	3.62801919222153e-05	9.07004798055382e-06	2.26751199513845e-06	6.80253598541536e-06	2.26751199513845e-06	
2.2662170492041e-06	3.85256898364698e-05	0.000111044635411001	0.000369393379020269	0.00098807063345299	0.00218010080133435	0.00460268682693354	0.00893116139091338	0.0148255919358933	0.0241578737445158	0.0358402226331629	0.0491134558903514	0.0644262844918235	0.0767046484644113	0.086805177852714	0.093644620907212	0.0951425903767359	0.0914577214547301	0.0832540157366112	0.0713563762282896	0.0572605061822401	0.044624079915878	0.0325202146560789	0.0234485478081149	0.0152675042604881	0.00984218064469343	0.00593295623481635	0.00326561876790311	0.00199880343739802	0.00101526523804344	0.000450977192791617	0.000213024402625186	0.000122375720657022	4.53243409840821e-05	1.13310852460205e-05	6.79865114761231e-06	1.58635193444287e-05	6.79865114761231e-06	
4.30415418839509e-05	0.000135920658580898	0.000328474924903836	0.000743032933575574	0.00186664371117766	0.00388053480248463	0.00760023015898186	0.0136736182532383	0.0217495707172533	0.033164640693739	0.0458528341722658	0.0604733663469511	0.0743372735222026	0.0842617469429179	0.0921066342873453	0.095282647009519	0.0922878618321199	0.0853808270319006	0.0736078326544852	0.0605073465115963	0.0477172125391338	0.0352940643448398	0.025437551253415	0.0173502720678516	0.0110956564288206	0.0069296882433161	0.00427017402374987	0.00233556998328176	0.00124367402601521	0.000527825224155819	0.000244657185445616	0.000163104790297077	4.30415418839509e-05	1.35920658580898e-05	1.13267215484081e-05	1.8122754477453e-05	1.35920658580898e-05	6.79603292904489e-06	
2.25186172668253e-06	6.7555851800476e-05	6.3052128347111e-05	0.000265719683748539	0.000637276868651157	0.00157405134695109	0.00342508168628414	0.00680962986148799	0.0119303634279641	0.0187197265339119	0.0298596864958104	0.0427673579131547	0.0567716859913934	0.0702648414576751	0.0819024628611705	0.0917430986067732	0.094801126831608	0.0926776212233464	0.0861292073221536	0.0767502032305208	0.0634191818085602	0.0512478691758411	0.038984230212328	0.0275312614704207	0.0198906946317868	0.0128716416297174	0.00786575301130209	0.00505993329985566	0.00292967210641398	0.00145019895198355	0.00079040346606557	0.000369305323175936	0.000222934310941571	0.000114844948060809	4.05335110802856e-05	2.47704789935079e-05	9.00744690673014e-06	6.7555851800476e-06	6.7555851800476e-06	2.25186172668253e-06	
2.24911160091764e-06	5.39786784220233e-05	7.4220682830282e-05	0.000150690477261482	0.000467815212990869	0.00128874094732581	0.00293509063919752	0.0059174126220143	0.0109149385992533	0.0166546714047951	0.0266654671404795	0.0380864558499393	0.0529935675408214	0.0674845935855337	0.0783815392919797	0.0894966488237146	0.0951689082812289	0.0935990283837884	0.087355494579641	0.078835859835365	0.0675070847015429	0.0548895686203949	0.0423665152264855	0.0308623093877918	0.0216139624848185	0.0143943142458729	0.00876703702037695	0.0058274481579776	0.00334892717376636	0.00184202240115155	0.000989609104403761	0.000557779677027574	0.000191174486077999	0.000157437812064235	7.4220682830282e-05	4.04840088165175e-05	1.12455580045882e-05	1.79928928073411e-05	2.24911160091764e-06	2.24911160091764e-06	8.99644640367055e-06	
2.24129313648803e-06	2.46542245013683e-05	0.000112064656824401	0.000127753708779818	0.000437052161615165	0.0012349525182049	0.00255059158932338	0.00501377274632372	0.00963307790062554	0.0153640644506254	0.0238966674212354	0.0357755210446219	0.0486517501137456	0.0638275459409061	0.0753410687830451	0.0866775294674015	0.0942844783726419	0.094069314231539	0.0890151982087585	0.0806551748096582	0.0707307288012892	0.0588541164710391	0.045309982047242	0.0339488671383842	0.0240714882858814	0.0157092235936446	0.0100275454926474	0.00626217302334755	0.00382588738398506	0.00209560908261631	0.00112737044765348	0.000598425267442304	0.000347400436155644	0.000179303450919042	9.41343117324972e-05	6.27562078216648e-05	3.36193970473204e-05	8.96517254595211e-06	4.48258627297606e-06	8.96517254595211e-06	4.48258627297606e-06	
2.24116755865135e-06	4.48233511730271e-06	2.24116755865136e-05	6.05115240835866e-05	0.0001658463993402	0.00036306914450152	0.00087629651543268	0.00207083882419385	0.00463921684640831	0.00816905575128419	0.0139781620633085	0.0216250257734269	0.032635881989081	0.0459573819577047	0.0593438757855292	0.0729074218504872	0.0839541367470798	0.0909084796815749	0.0938040681673525	0.0899515011340308	0.0831966221122556	0.0734520255672395	0.0619212184779783	0.0496418614241275	0.0371047701010318	0.0264547418623206	0.0184291208347901	0.0112551434795471	0.00702830146393065	0.00442854709589508	0.00254820751418659	0.0013222888596043	0.000820267326466396	0.00043030417126106	0.000273422442155465	9.63702050220083e-05	6.05115240835866e-05	4.25821836143757e-05	1.79293404692108e-05	8.96467023460542e-06	1.79293404692108e-05	8.96467023460542e-06	
2.22971406146876e-06	1.56079984302813e-05	2.89862827990938e-05	4.90537093523127e-05	0.0001070262749505	0.000318849110790032	0.000822764488681971	0.00170796097108507	0.00384625675603361	0.00733798897629368	0.01252430388327	0.0195456734628351	0.0296507375894115	0.0418784895025062	0.0566815611565973	0.0696718752787143	0.0804703804784074	0.0886846470808584	0.0935610317332905	0.091103886837552	0.0848138634701486	0.0755605501150532	0.0643896826670948	0.0542132676905514	0.0399765434080733	0.0295459410285225	0.0204464779436685	0.013057205543961	0.00806264604627103	0.00495888407270652	0.00309930254544157	0.00172802839763829	0.000894115338648972	0.000557428515367189	0.000336686823281782	0.000142701699934	9.36479905816878e-05	6.02022796596564e-05	1.11485703073438e-05	1.56079984302813e-05	1.33782843688125e-05	4.45942812293751e-06	8.91885624587503e-06	
2.22869534403256e-06	3.34304301604883e-05	2.0058258096293e-05	8.0233032385172e-05	0.000149322588050181	0.000276358222660037	0.000681980775273962	0.00151551283394214	0.0031558326071501	0.00673957472035445	0.0116449331725701	0.0178563070963888	0.0267220571749504	0.037582489586421	0.0522918788570359	0.0669188063999216	0.077629916223342	0.086798768868692	0.0924529689565026	0.0917598447045084	0.0868344279941965	0.0782405787476069	0.0661053325993497	0.0562478130926937	0.0443710956043442	0.0322603651048713	0.0228196116275493	0.0152063883323341	0.00991992297628891	0.00566088617384269	0.00343887691584223	0.00213731883492722	0.00111211897667225	0.000612891219608953	0.00030533126213246	0.000171609541490507	0.000120349548577758	6.0174774288879e-05	2.45156487843581e-05	1.56008674082279e-05	1.33721720641953e-05	6.68608603209767e-06	0	2.22869534403256e-06	
3.79593923817732e-05	4.68910141186611e-05	0.000127275609750651	0.000203194394514198	0.000156303380395537	0.000576089602029264	0.00127275609750651	0.00252988185697348	0.00589040453547752	0.0104343670941192	0.0167222287968882	0.0252072694469317	0.0340160813849373	0.0481972637976809	0.0627022174983867	0.0756776309766505	0.0842787827092735	0.0896891125763933	0.0921966653790245	0.0892715592601938	0.0797593821104082	0.0702851643530045	0.0575955627703211	0.0482195928520231	0.0346658568662959	0.0251157203241286	0.0173094829260886	0.0111913220363204	0.00731723110794535	0.00361730680343957	0.00258123868196058	0.00134867488227006	0.000772585280240797	0.000473375952055055	0.00020542729994842	0.000129508515184873	0.000100480744539988	2.00961489079976e-05	4.24252032502171e-05	1.33974326053317e-05	2.23290543422196e-06	
