# <P(N_1)> as a function of N_tot.
# number_of_species: 2
# species_total_upper_bound: 100
# species_total_lower_bound: 0
# volume: 512
# Bin widths for each species index 
1	1	1	1	1	1	1	1	1	1	1	1	1	1	1	1	1	1	1	1	1	1	1	1	1	1	1	1	1	1	1	1	1	1	1	1	1	1	1	1	1	1	1	1	1	1	1	1	1	1	1	1	1	1	1	1	1	1	1	1	1	1	1	1	1	1	1	1	1	1	1	1	1	1	1	1	1	1	1	1	1	1	1	1	1	1	1	1	1	1	1	1	1	1	1	1	1	1	1	1	1	
# Bin lower bound for each species index 
0	0	0	0	0	0	0	0	0	1	1	2	2	3	4	4	4	4	5	5	6	6	8	8	8	9	9	9	10	10	10	11	12	13	13	14	14	15	15	16	17	17	19	20	20	21	22	23	23	24	25	25	25	25	26	27	27	27	27	28	30	31	31	32	32	32	33	34	34	34	34	35	37	37	38	40	40	40	40	41	42	42	43	44	45	45	46	46	46	47	47	48	48	49	50	51	52	53	55	55	56	
# Bin upper bound for each species index 
0	1	2	3	4	5	6	7	8	9	10	11	12	13	14	15	16	17	18	19	20	21	22	23	24	25	26	27	28	29	30	31	32	33	34	35	36	36	37	39	39	40	41	42	43	44	45	46	46	48	49	50	50	51	52	53	54	55	56	56	58	59	59	60	61	62	63	63	64	65	66	67	68	69	70	70	71	72	73	74	75	75	75	76	77	78	79	80	80	82	83	83	84	85	87	88	89	91	92	93	93	
# Normalized histogram for each species index 
1	
0.249492784410699	0.750507215589301	
0.0605636360161312	0.37424265591254	0.565193708071329	
0.0157034995550197	0.139910429764878	0.424004057455095	0.420382013225007	
0.0041078158361077	0.0477032055293112	0.211017544194844	0.42280888625649	0.314362548183247	
0.000714731570646451	0.0149188303179603	0.0881597568006709	0.265260710252586	0.390272026835788	0.240673944222348	
0.000158155807433323	0.00408808799214014	0.034736766432628	0.132462677625746	0.294581965445352	0.356032685533536	0.177939661163164	
6.75753948333784e-05	0.0010425918060007	0.011478163493841	0.0588002471328725	0.171984206664865	0.313718770513959	0.311908715295208	0.130999729698421	
2.40678520886082e-05	0.000211797098379752	0.00378346634832921	0.0234083929413803	0.0868031153427744	0.206444408075246	0.311962685202122	0.267461226690285	0.0999008404493949	
9.14974765959086e-05	0.000943868705936742	0.00850444966675656	0.0383518896636745	0.117526100859113	0.232548060253496	0.29966868282159	0.227573486920676	0.0747919636321609	
2.38719318599577e-05	0.000200524227623645	0.00263068689096734	0.0161135540054714	0.0577987214193296	0.146401783710749	0.249552401277626	0.280805534468682	0.189719791263828	0.0567531308038634	
5.7149388501543e-05	0.000909627766982893	0.00577685068769764	0.0269316493313522	0.0807901855450147	0.172995961443213	0.254981521697718	0.258658132357984	0.15630357755172	0.0425953442298167	
9.54640267681131e-06	0.000224340462905066	0.00205724977685284	0.0113840851920975	0.0400996644439459	0.104294449244164	0.195424409197004	0.257132356099913	0.231228192436385	0.126465969461058	0.0316797372829983	
1.91591068024409e-05	0.000680148291486651	0.00423416260333943	0.0186130722585713	0.0564044104263859	0.126976980333177	0.209935912787746	0.249547366101792	0.206822557932349	0.102735920451389	0.0240303097069615	
0.000173950018361391	0.00160420572488838	0.00753300218403912	0.0276725487543246	0.0732957730145538	0.147084404414465	0.219747192639981	0.24074199346721	0.181251087187615	0.0826455865014786	0.0182502560930826	
3.37510426661395e-05	0.000515908795039561	0.00323527851842566	0.0126759273098973	0.0390547779422471	0.0915328277105703	0.166084059382549	0.225760724393807	0.226146450595706	0.152848829079898	0.0674779774446603	0.0146334877845333	
1.93898029026535e-05	0.000237525085557505	0.00117308307561054	0.00580239851861906	0.0192298370287066	0.0534334493489874	0.108422930380913	0.181512792422465	0.225605204223099	0.206990993436552	0.133280657702114	0.0540684653940493	0.0102232735804241	
9.78578907710223e-06	0.000146786836156533	0.000391431563084089	0.00240730411296715	0.00911056963078218	0.0274833886230416	0.0670424409672274	0.126691718286704	0.191106674886729	0.22200530389768	0.19211950405621	0.111973891514742	0.0420348569806926	0.00747634285490611	
1.4691263105831e-05	0.000284031086712732	0.000930446663369294	0.0043975847563454	0.0137167426531442	0.0381679015489488	0.0815707898512754	0.142485663775753	0.20007541515061	0.214751986993335	0.171084655955103	0.0931132255647566	0.0340494507916142	0.00535741394592636	
1.95999647200635e-05	9.30998324203016e-05	0.000450799188561461	0.00176889681598573	0.00683548769612215	0.0191148655932419	0.0501661097010025	0.0944081300653659	0.158250115149793	0.203447633794259	0.202751835046697	0.152855224860595	0.0789535578835958	0.0267588518340667	0.00412579257357337	
4.3894302519533e-05	0.000107297183936636	0.000829114603146734	0.00313600405778441	0.00962260654122651	0.0267608931027419	0.0604278231352237	0.113227791921497	0.168929661818785	0.203513495059452	0.19056467581619	0.132365707820014	0.0658512080687482	0.0210400023410295	0.00357982422770413	
9.73340211604162e-06	1.94668042320832e-05	0.000267668558191145	0.00131400928566562	0.00474990023262831	0.0140890995629702	0.0346460448320501	0.0737353877300733	0.126797029365674	0.178486261302913	0.199598010492607	0.175721975101957	0.117102560858097	0.0545605855614713	0.0162742483380216	0.00262801857133124	
5.82479030754893e-05	0.000388319353836595	0.00220856632494564	0.00687325256290774	0.0187752407579994	0.045850807704256	0.0864301801801802	0.138668841255048	0.183733302267785	0.194480040385213	0.161589391115253	0.100977593973284	0.0454042404473439	0.0127271668219944	0.00183480894687791	
9.80618083578079e-06	0.000240251430476629	0.000813913009369806	0.00346648492544851	0.00990914573455649	0.0246772540732424	0.0562580594548744	0.0997043436478012	0.151789873157051	0.186876388187475	0.185542747593808	0.145440371065883	0.0877211906664771	0.0363466092678215	0.009752246841184	0.00145131476369556	
4.92938653784537e-06	9.85877307569073e-05	0.000345057057649176	0.00134572252483178	0.00503290365514012	0.0132699085598797	0.0324945160574766	0.0679466640376605	0.113661794789638	0.159293125970473	0.185911813274838	0.176792448179824	0.130697754664432	0.0745520419983733	0.0300741872673946	0.00758139649520617	0.000897148349887856	
1.47284804626707e-05	0.000216017713452503	0.000589139218506827	0.00219945308242549	0.00688801936304231	0.0180080221123587	0.0412201073215276	0.0787286375664623	0.125962874410247	0.165135722947464	0.183727974784841	0.166176535566826	0.115932779215168	0.0637792298968515	0.0251120591888535	0.00570974092602866	0.00059895820548194	
2.45761837118885e-05	8.84742613627985e-05	0.000324405624996928	0.000987962585217917	0.00382896942231223	0.0102974209752813	0.0240699143274236	0.0505482946586122	0.0888871412491583	0.135085451390766	0.16951176953438	0.178113433833541	0.153950130008012	0.103799969525532	0.0553013285884915	0.0205653505301083	0.00395185034087167	0.000663556960220989	
4.90879459639891e-06	3.43615621747924e-05	0.000117811070313574	0.000471244281254295	0.00197824422234876	0.00562547860747315	0.0139802470105441	0.0308812268059455	0.0598234797463135	0.101145712658799	0.142904828290365	0.172283963949812	0.172863201712188	0.138688173732058	0.0925307781421194	0.0462457538926741	0.0165622729682499	0.00331343635256926	0.000544876200200279	
9.81128002864894e-06	2.94338400859468e-05	0.00023056508067325	0.000809430602363537	0.00288942196843711	0.00808940038362105	0.0174640784509951	0.0384700289923325	0.0703468778054129	0.110396522882358	0.149759378357297	0.172207587062846	0.16509931468209	0.128567013495416	0.079525330272214	0.0389900268338509	0.0135591889995928	0.00322300548941118	0.000333583520974064	
4.89019076634179e-06	1.46705722990254e-05	0.000102694006093178	0.000400995642840027	0.0013692534145757	0.00440606188047396	0.0104503376676724	0.022533999051303	0.0465057141879105	0.0811722765305075	0.1194135683233	0.153473747010871	0.172834012254818	0.154818549471615	0.116215383562113	0.0706632565736389	0.0318253615073524	0.0112718897164178	0.00229838966018064	0.000224948775251723	
4.8624651725932e-06	0	2.91747910355592e-05	0.000160461350695576	0.000568908425193405	0.00191581127800172	0.00599055709263482	0.0130119568018594	0.0286982694486451	0.0542602488609675	0.0909718609140462	0.129224874426837	0.159041510865178	0.16917002581969	0.144969536655694	0.105500906849755	0.0589136280311392	0.0268164954268515	0.00882537428825666	0.0017893871835143	0.00013614902483261	
4.86487801318382e-06	0	0.000121621950329595	0.000238379022646007	0.000846488774293985	0.00312325168446401	0.00770596677288317	0.0163070711001922	0.0342292817007614	0.0633455766096665	0.100031621707086	0.137335506312179	0.162112330033324	0.162297195397825	0.136936586315098	0.092471601274598	0.0516455449879594	0.0223589793485928	0.00741893897010532	0.00137189559971784	9.72975602636764e-05	
4.85081323883949e-06	9.70162647767898e-06	0.000160076836881703	0.000392915872345999	0.00148919966432372	0.00394856197641535	0.00975983623654506	0.020518940000291	0.0420808048469326	0.0718647981334071	0.108541797032272	0.144850134124986	0.160993640583844	0.15704022779419	0.125175235628253	0.0820903124408807	0.0448506192063099	0.0191364582272218	0.00584037913956275	0.00114479192436612	0.000106717891254469	
1.45221486971212e-05	4.35664460913637e-05	0.000203310081759697	0.000629293110208586	0.00228481806168041	0.00537803573416723	0.0122857377977646	0.0259365575730585	0.0481409229309569	0.0821856801932414	0.117193739985768	0.147632163654934	0.161868710094346	0.147148092031697	0.114521664625498	0.0738838518547204	0.0389435620894468	0.0154564069299694	0.0053828764503996	0.000774514597179799	9.19736084151011e-05	
4.8424039630234e-06	5.32664435932574e-05	0.000111375291149538	0.000276017025892334	0.000847420693529096	0.00275048545099729	0.0070553825741251	0.0161252051968679	0.0313739352764286	0.0570241490685636	0.0914730108615121	0.124406200214034	0.151247645381073	0.15832239757105	0.13775670794009	0.10405841876141	0.0657550034138948	0.0323327312611073	0.0138008512946167	0.00425647308349757	0.00089584473315933	7.26360594453511e-05	
1.94859603655566e-05	7.79438414622265e-05	0.000258188974843625	0.000608936261423644	0.00129094487421813	0.00392154952356827	0.0094312048169294	0.0197003059295777	0.0383045265885929	0.0651464369921472	0.0986330598803562	0.130132114811278	0.154163175432101	0.153315536156199	0.131325629883669	0.0929236734932481	0.0566456867826731	0.0283082289210624	0.0117597770806134	0.00336132816305852	0.000628422221789201	4.38434108225024e-05	
9.77044343157514e-06	7.32783257368136e-05	0.00016121231662099	0.000366391628684068	0.000806061583104949	0.00205667834234657	0.00552030053883995	0.0114558449235219	0.0241574213845695	0.0449293841200983	0.0731122281984768	0.105213020092917	0.137602040068589	0.153728156952403	0.148134578087827	0.122194050776995	0.0837473558737463	0.0496631639626964	0.0247631888773272	0.00926726559484902	0.00245726652304115	0.000556915275599783	2.44261085789379e-05	
4.87445832581854e-05	0.000146233749774556	0.000258346291268383	0.000599558374075681	0.00109675312330917	0.00274919449576166	0.00693635419763979	0.0147257386022978	0.0283206028730057	0.0532729550428709	0.0802969520012089	0.115178575780766	0.138590599119673	0.151035091225488	0.142568157113541	0.112541493826499	0.0761390390492857	0.044942505764047	0.0207310712597063	0.00753591257171547	0.0020229002052147	0.000263220749594201	
4.84449181280884e-06	2.42224590640442e-05	0.00020831314795078	0.000213157639763589	0.000731518263734134	0.00147272551109389	0.00363336885960663	0.00904951070632691	0.0189274295126441	0.0349820753802926	0.0595969382811743	0.0885669993217711	0.121117139812034	0.141396182540451	0.148091270225753	0.134773762232342	0.103497723088848	0.0688644511190776	0.0388528243387269	0.0183315570196686	0.00592965797887802	0.00149694797015793	0.000237380098827633	
1.94182298341683e-05	4.36910171268787e-05	0.000155345838673347	0.000325255349722319	0.000801001980659443	0.00200007767291934	0.00495164860771292	0.0111120820226028	0.0238455862363587	0.0402200085440211	0.0665608373140704	0.0972319313371393	0.125990329721543	0.14434541147229	0.144991067614276	0.126538894714358	0.0949065983144976	0.0608712959726591	0.0346275583517806	0.0144568721115383	0.00452930210881976	0.00120878480717698	0.000252436987844188	1.45636723756262e-05	
2.89608835000193e-05	0.000120670347916747	0.000178592114916786	0.00040545236900027	0.00119704985133413	0.00272714986291848	0.00657412055450438	0.0147797042128432	0.0284009730856856	0.0471097038266981	0.0738792138085493	0.104133683438236	0.131091439162837	0.144630652199096	0.141396686874928	0.117378460825578	0.0857290419739738	0.0547264161872031	0.0286664478511024	0.0120766884195081	0.0036538981349191	0.000936401899833958	0.000178592114916786	
9.67918346408297e-06	1.45187751961245e-05	8.22730594447053e-05	0.000150027343693286	0.000740457535002347	0.00148091507000469	0.00354742073958641	0.00914198878182636	0.0181097522612992	0.0327591964341888	0.0533419800705612	0.0831393463647407	0.110647585769664	0.133713079964574	0.144723151154969	0.133901824042124	0.110347531082278	0.0782561983071108	0.0484781903798596	0.0239269415232131	0.00973725856486747	0.00299570728213368	0.000687222025949891	6.77542842485808e-05	
5.84986325944631e-05	3.89990883963087e-05	0.000370491339764933	0.000775106881876636	0.00199382839426128	0.00495288422633121	0.0112561118883846	0.0207133908244895	0.0376682445047847	0.0606045833678638	0.0902243910048603	0.116607274304963	0.136998922650183	0.142059054369604	0.128229002647063	0.103259836301326	0.0707053472625077	0.0417875232166448	0.0204306474336162	0.00832143048656238	0.00239844393637299	0.000482613718904321	6.33735186440017e-05	
4.8969917779508e-06	0.000137115769782623	0.000391759342236064	0.00103816225692557	0.00275210937920835	0.00600860891154564	0.0133687875538057	0.0253223444837836	0.0433726561773103	0.0692581547155582	0.098542165547704	0.122047726081868	0.139441840877149	0.137693614812421	0.121572717879407	0.0943356496104443	0.0636657901051384	0.0354052505545843	0.0169142096010421	0.006370986303114	0.0018216809413977	0.000450523243571474	8.32488602251637e-05	
9.79916609096566e-06	6.36945795912768e-05	0.000200882904864796	0.000431163308002489	0.00161196282196385	0.00383147394156757	0.00775603996099932	0.0163107119584123	0.029255410364578	0.050353014958427	0.0766735750787608	0.104111240133465	0.126957995874551	0.13653668072847	0.132871792610449	0.115478272798985	0.0882855868965551	0.0565166904296444	0.0316023106433643	0.01385112126958	0.0053062484382579	0.00163646073719127	0.000269477067501556	7.83933287277253e-05	
3.95159298592245e-05	9.38503334156582e-05	0.000340824895035811	0.000889108421832551	0.0022573474932082	0.00474191158310694	0.01031859718449	0.0193232897011608	0.0350852062237589	0.0561669548036552	0.0827463571252161	0.109913558903433	0.128733020498889	0.136206470733514	0.13058532971104	0.108495924919733	0.0794912324030625	0.0501061990614967	0.026851074339343	0.0115633489750556	0.00440108668807113	0.00129908619412201	0.000316127438873796	3.45764386268214e-05	
4.96684630094122e-05	8.94032334169419e-05	0.000526485707899769	0.00122681103633248	0.00252315792087814	0.00617875679837087	0.0126902922989048	0.0237216579332953	0.0405046315841756	0.0620309434524549	0.0889860183276629	0.114709315320237	0.131447587354409	0.134710805374128	0.124742344848139	0.102128293639953	0.0719000670524251	0.0433506345146149	0.0230610673752701	0.0103012392281521	0.00374996895721062	0.00097846872128542	0.000342712394764944	4.96684630094122e-05	
3.47827815293492e-05	0.000173913907646746	0.000566462442049402	0.00157019413761062	0.00336896083955697	0.00806960531480902	0.0156124999378879	0.0275976526591436	0.0462263166525051	0.0704003498154028	0.0963781186490368	0.118857733454576	0.130072696013396	0.132144755998788	0.119866434118927	0.0938240686910246	0.063816466168776	0.0390809395326188	0.0194634507500658	0.00859631600653916	0.00311554343127171	0.000884476444603451	0.000258386377075166	1.98758751596281e-05	
2.49875062468766e-05	1.49925037481259e-05	0.000269865067466267	0.000774612693653173	0.00208895552223888	0.00452273863068466	0.0100149925037481	0.0181509245377311	0.0329035482258871	0.0511744127936032	0.0784057971014493	0.102488755622189	0.120814592703648	0.131169415292354	0.127976011994003	0.113153423288356	0.0860369815092454	0.057656171914043	0.034047976011994	0.0174912543728136	0.00748125937031484	0.00234382808595702	0.000864567716141929	0.000129935032483758	
1.50380462570303e-05	0.000115291687970566	0.000501268208567676	0.00102759982756374	0.00256148054578083	0.005629241982215	0.0115341814791422	0.0219505348531785	0.0373494942203776	0.0586383550382468	0.0823282905751551	0.107110990806741	0.123091421295879	0.131262093095532	0.125276950685234	0.107441827824396	0.0771151012060513	0.0516055620720423	0.0307427792314556	0.0155343017835123	0.00638114429506652	0.00210031379389856	0.000596509168195535	8.02029133708282e-05	1.00253641713535e-05	
1.00319517663759e-05	0.000275878673575337	0.000536709419501111	0.00167031996910159	0.00295942577108089	0.00684680708055156	0.0145212501818291	0.026128218375526	0.0430571369812854	0.0640790919077261	0.0881006004123132	0.110070574780676	0.126758726544043	0.129226586678571	0.121110737699573	0.0991859071141586	0.0718739184302002	0.0464027928953718	0.0270260780586167	0.0128810260680267	0.00515140723203403	0.00171546375205028	0.000336070384173593	6.52076864814434e-05	1.00319517663759e-05	
5.0123052092888e-06	7.01722729300433e-05	0.000325799838603772	0.000806981138695497	0.00211018049311059	0.00391962267366384	0.00969881057997383	0.0177285235252545	0.0306903447964753	0.0494514031948433	0.0705231342946935	0.0921161451363096	0.11304251938509	0.126560706534542	0.125387827115569	0.116095013257547	0.093163716925051	0.0655058167801954	0.0427449388248149	0.0236781298086803	0.0103504102571814	0.00423038559663975	0.00145858081590304	0.00025061526046444	7.51845781393321e-05	1.00246104185776e-05	
1.50760587162233e-05	5.02535290540778e-05	0.000155785940067641	0.00049750993763537	0.00102014663979778	0.00254785392304175	0.00569372484182702	0.0119352131503435	0.021332623083456	0.0358759943917062	0.055776391897121	0.0765713022196984	0.0962958123734239	0.115929866174852	0.126860008744114	0.123925202647356	0.110316546979512	0.0859737375057163	0.0594499248709741	0.036810710032112	0.0197144594479147	0.00882451970189606	0.00318104838912313	0.000934715640405848	0.000236191586554166	7.53802935811167e-05	
1.5149066817484e-05	4.54472004524521e-05	0.000106043467722388	0.000227236002262261	0.000545366405429426	0.00129777005736447	0.00386806172739759	0.00723620424981821	0.014113880584956	0.0247586248687081	0.0404581077805607	0.0610002423850691	0.081810010503353	0.101478548921386	0.117738547305486	0.127620788559425	0.121258180496081	0.102569281732245	0.0785782095822897	0.0538751312919124	0.0326563383695564	0.0176032156419165	0.0073422477175406	0.00244404944655409	0.000999838409953947	0.000318130403167165	3.53478225741294e-05	
3.0337658135043e-05	7.58441453376076e-05	0.000111238079828491	0.000328657963129633	0.000672484755326787	0.00222981787292566	0.00440401670593708	0.00879792085916248	0.0170649327009617	0.0295994417870903	0.0451828855157907	0.0652916965829684	0.0864218754740259	0.105473924782833	0.121102874998736	0.123494493715048	0.118701143729712	0.0964636403167251	0.0727648730369007	0.0486009283323389	0.0288662817154934	0.0146126386683791	0.0063658519320032	0.00232588712368663	0.00090507346769545	0.000106181803472651	5.0562763558405e-06	
4.07137113601433e-05	8.65166366403045e-05	0.000183211701120645	0.000325709690881146	0.00121632212688428	0.00282451372560994	0.00542001282481908	0.0108858285749183	0.0202245361181512	0.0338534509959592	0.0499200993414557	0.0705619510010484	0.0898195364743962	0.111122985943591	0.121393019634187	0.122731482895152	0.111993241523914	0.0911529105214409	0.0652539008824697	0.0449988294807984	0.0249727727055279	0.012789194581005	0.0054556373222592	0.00221889726912781	0.000442761611041559	7.63382088002687e-05	3.56244974401254e-05	
2.56042605489553e-05	3.58459647685375e-05	0.000122900450634986	0.000184350675952478	0.000512085210979107	0.00146456370340025	0.00342072920934043	0.0066519868906186	0.012817492830807	0.023627611634576	0.0373156493240475	0.0569182712003277	0.0755735354362966	0.0975163867267513	0.114102826710365	0.12133346988939	0.118342892257272	0.105049160180254	0.0839358869315854	0.0603338795575584	0.0391079475624744	0.0230694387546088	0.0114604670217124	0.00491601802539943	0.00164891437935272	0.000378943056124539	8.19336337566571e-05	5.12085210979107e-05	
1.02322725877417e-05	3.58129540570961e-05	5.11613629387087e-05	0.000168832497697739	0.000404174767215799	0.00088509157883966	0.00211296428936867	0.00395988949145605	0.0082369794331321	0.0150414407039804	0.0264964698659572	0.042433234421365	0.0607899314437737	0.0824260718305536	0.10142740202599	0.114463317302773	0.120571984037655	0.115194924792796	0.0993809475084416	0.0787833827893175	0.0554793819707357	0.0356236570142229	0.0198045635935741	0.0101606466796275	0.00446638698454927	0.00124833725570449	0.000230226133224189	9.72065895835465e-05	1.53484088816126e-05	
5.1007656249203e-06	1.53022968747609e-05	2.04030624996812e-05	7.65114843738045e-05	0.000367255124994262	0.000647797234364878	0.00126498987498023	0.00257078587495983	0.00490693653117333	0.00996689603109427	0.0179801988278441	0.0305739891557723	0.046845431499268	0.0669730526552035	0.087100673811139	0.105692964513974	0.117006462670047	0.119867992185627	0.109987809170156	0.0929155466235482	0.0736958617488485	0.050431269733587	0.0313901116557595	0.0166948058903641	0.0082173334217466	0.00339710990619692	0.00103545542185882	0.000193829093746971	0.000127519140623008	3.06045937495218e-05	
2.53753006973133e-05	5.07506013946265e-06	4.06004811157012e-05	0.000157326864323342	0.000365404330041311	0.000751108900640473	0.00147684250058363	0.00341551547385837	0.00628292445265476	0.0123120958983364	0.0218633590808051	0.0339470772728657	0.052379695699394	0.0731316166096568	0.0918636635844135	0.105627226682636	0.118563554978126	0.117431816567026	0.10597233077212	0.0874635864434994	0.0684219608002355	0.0454167131880513	0.0278823804062078	0.0148496259680677	0.00666862902325393	0.00251722982917348	0.000756183960779935	0.000284203367809909	0.000126876503486566	
1.01417821139531e-05	0.000101417821139531	0.000187622969108132	0.000431025739843005	0.000851909697572057	0.00219062493661386	0.00397050769761262	0.00775846331717409	0.0148222145595424	0.0248220117239001	0.0377223585728484	0.0580870570576662	0.0763828319912375	0.0938926188109775	0.107918703474575	0.116655848765745	0.113826291555952	0.104551631812742	0.0837001277864546	0.0631731607878136	0.0418804892395692	0.025714488549928	0.0130879698180564	0.00519766333340094	0.00202835642279061	0.000740350094318574	0.000243402770734874	4.56380195127888e-05	5.07089105697653e-06	
5.04775173137884e-05	9.5907282896198e-05	0.000191814565792396	0.000509822924869263	0.00127203343630747	0.00264502190724251	0.0049619399519454	0.00937367496517051	0.0175106507561532	0.0284137944959315	0.0424717830678216	0.060704262321562	0.0810063197851677	0.0977900942920023	0.109394875522442	0.117168413188766	0.11052052415854	0.100611787509843	0.0790376966099299	0.0573929371857775	0.0382114806065378	0.0225937367496517	0.01087285722939	0.0044622125305389	0.0019080501544612	0.000625921214690977	0.000191814565792396	5.04775173137884e-06	5.04775173137884e-06	
5.0199543184157e-06	6.02394518209884e-05	0.000155618583870887	0.000356416756607515	0.000737933284807108	0.0015009663412063	0.00332822971310961	0.00578298737481489	0.0120428704098793	0.020155116588439	0.0321176677292237	0.0473080494967496	0.0649983685148465	0.0867749303481338	0.100795662759469	0.110890790893803	0.114434878642604	0.10969604176602	0.0946462187194096	0.0746417007605231	0.0523932632213047	0.0330413393238122	0.019321804171582	0.00904093772746668	0.00376998569313019	0.00139052734620115	0.000512035340478402	8.03192690946512e-05	2.00798172736628e-05	
2.00703465647093e-05	0.000170597945800029	0.000165580359158852	0.00043151245114125	0.000888112835488387	0.00217261501562978	0.0040491924194301	0.00710992027054827	0.0136779411838494	0.0231862678688804	0.0356499530855649	0.0511693485667264	0.0711493785718945	0.0901158560755448	0.103266950662071	0.112574573881455	0.11251436284176	0.106693962337995	0.0890872508141034	0.0691423439154236	0.0469495582014962	0.0299449570745463	0.0167085635151205	0.0075464503083307	0.00380834826065359	0.0013497308064767	0.000321125545035349	0.00013045725267061	5.01758664117733e-06	
5.00157549628133e-06	1.5004726488844e-05	0.000175055142369847	0.000260081925806629	0.000585184333064915	0.00117537024162611	0.00246577671966669	0.00434636910626847	0.00849767676818198	0.0152047895086952	0.0258831531932559	0.0390623046259572	0.0554474659517748	0.0760939696004241	0.0925241451057083	0.108404147306402	0.114230982759569	0.11175520288891	0.102562307126745	0.083541315514387	0.0627697724783307	0.0431786012593967	0.0270035061044229	0.0132791829426269	0.00676713164646864	0.00314098941166467	0.00114536078864842	0.000385121313213662	7.00220569479386e-05	2.50078774814066e-05	
1.49737958572498e-05	4.99126528574994e-06	8.48515098577489e-05	0.000184676815572748	0.000304467182430746	0.000713750935862241	0.00151235338158223	0.00309957574245071	0.00550536561018218	0.0101422510606439	0.0164012977289743	0.0282355877214874	0.0441876715747442	0.0610481657100075	0.079301222859995	0.0978986773146993	0.109643124532069	0.113371599700524	0.11134514599451	0.0987971050661343	0.077065136011979	0.0579585724981283	0.0385774893935613	0.0224207636635887	0.0121088095832293	0.00621412528075867	0.00242575492887447	0.000988270526578488	0.000304467182430746	9.98253057149988e-05	3.99301222859995e-05	
4.97931096294895e-06	2.98758657776937e-05	7.46896644442342e-05	0.000199172438517958	0.000487972474368997	0.000901255284293759	0.00174773814799508	0.00343074525347182	0.00635858009968581	0.0113976427941901	0.0198774093640922	0.0323655212591682	0.0490312750521583	0.0667675807021824	0.0844889484193177	0.102280026489934	0.110993820675095	0.111596317301612	0.107622827153179	0.0913056251275948	0.0724141193341665	0.0519391926545205	0.0346958387898283	0.0197728438338703	0.0110988841364132	0.00535773859613307	0.0023601933964378	0.000990882881626841	0.00032863452355463	6.97103534812853e-05	9.95862192589789e-06	
1.98391048595887e-05	4.95977621489718e-06	8.92759718681493e-05	0.000297586572893831	0.00047613851663013	0.000947317257045362	0.00227157750642291	0.00444395948854788	0.00778684865738858	0.0146263800577318	0.0231423158187103	0.0368312981718265	0.0545228199303647	0.0705032188947635	0.0895685986648282	0.104566961938677	0.110176468837726	0.111089067661267	0.103609725129202	0.0852089553719336	0.0652607354356171	0.0484570136195455	0.0309986013431074	0.0175972860104552	0.00987491444386029	0.00461755165606928	0.00182519764708216	0.000912598823541082	0.000203350824810785	6.94368670085606e-05	
1.48833148118749e-05	2.97666296237498e-05	2.48055246864582e-05	0.000109144308620416	0.000292705191300206	0.000431616129544372	0.00130973170344499	0.00255993014764248	0.00525877123352913	0.0100809652325766	0.0170413954595968	0.0282138037783775	0.0415790204794412	0.0591760596920146	0.0749424511827274	0.0936458167963169	0.106083306874107	0.109481663756152	0.108638275916812	0.09779826162883	0.0798737894903953	0.0615970789014129	0.0441587950468328	0.0275539768217177	0.0158705746943959	0.00804691220828703	0.00359680107953643	0.00169173678361645	0.000674710271471662	0.000188521987617082	3.47277345610414e-05	
1.48545001708268e-05	4.95150005694225e-06	8.91270010249605e-05	2.97090003416535e-05	7.9224000911076e-05	0.000287187003302651	0.000673404007744146	0.00172807351987285	0.00296594853410841	0.00627850207220277	0.0115964131333588	0.0195831827252066	0.0319718358676761	0.045786521026545	0.0628741477230527	0.0799766289197312	0.095861041102402	0.106199773221297	0.110314469768616	0.106120549220386	0.0924742150634535	0.0751786253645542	0.0586257606741962	0.0397308364569046	0.024950608786932	0.0142256596635951	0.00724899608336345	0.0030352695349056	0.00145574101674102	0.000485247005580341	0.000133690501537441	1.9806000227769e-05	
4.95761241386148e-06	9.91522482772297e-06	4.95761241386148e-05	1.98304496554459e-05	2.47880620693074e-05	7.93217986217837e-05	0.000386693768281196	0.000822963660701006	0.00191859600416439	0.00436269892419811	0.00723811412423777	0.0138466114719151	0.0218779435823707	0.0354518863715235	0.0501859104655198	0.0672599276188588	0.0853502553170393	0.0976649645530712	0.106900996480095	0.110534926379456	0.101249318328293	0.0886470675722572	0.0713450002478806	0.0538446284269496	0.0358435377522185	0.0226265430568638	0.0121858113132715	0.00596400773387537	0.00281096623865946	0.0010559714441525	0.000337117644142581	9.41946358633682e-05	4.95761241386148e-06	
1.48997988527155e-05	1.48997988527155e-05	9.93319923514366e-06	4.96659961757183e-06	4.46993965581465e-05	0.000223496982790732	0.00051652636022747	0.00102808612083737	0.00297002657130795	0.00507586480915841	0.00901934490551044	0.0153865256152375	0.0254240234423502	0.0396533313466935	0.0540117708410936	0.0732523777595669	0.088226675606546	0.0991780277632919	0.107705679306663	0.108053341279893	0.0996001887307855	0.0831657105962403	0.0677146191859743	0.0483498472770618	0.0324368621023616	0.0202537932404579	0.00999279843055452	0.005254662395391	0.00233430182025876	0.000744989942635774	0.000258263180113735	5.9599195410862e-05	1.98663984702873e-05	
9.97819763816062e-06	3.49236917335622e-05	2.49454940954015e-05	0.000144683865753329	0.000344247818516541	0.000763332119319287	0.00168631540084914	0.00351232556863254	0.0055478778868173	0.0100230995275323	0.0182800580731103	0.0297799308510904	0.0437244620504198	0.0589960935356247	0.0741479866491716	0.0906818601356037	0.101273716928511	0.109181438556753	0.10616303377121	0.0955711769783024	0.0798405484017422	0.0633366095082245	0.0444279249839102	0.0288968603601132	0.0170527397636165	0.0090202906648972	0.00460493821001113	0.00185095566187879	0.00081322310751009	0.000184596656305971	7.48364822862046e-05	4.98909881908031e-06	
4.9931344401448e-06	1.99725377605792e-05	2.4965672200724e-05	6.99038821620272e-05	0.000339533141929846	0.000464361502933466	0.00102858569466983	0.00200724004493821	0.00393958307327425	0.00687055298963925	0.0124428910248408	0.0212507801772563	0.0325802022219448	0.0470752715016852	0.0622444139308451	0.0788765447509674	0.0924778429659219	0.103292972163276	0.108575708400949	0.10274372737486	0.0905754587442267	0.0766795655973037	0.0588640619148671	0.0415229060042442	0.0261340656597179	0.0153588815378854	0.00832854824616153	0.00382474098115092	0.00162776182748721	0.000574210460616652	9.9862688802896e-05	5.49244788415928e-05	2.4965672200724e-05	
2.50884367395068e-05	5.01768734790135e-06	3.51238114353095e-05	0.000125442183697534	0.000331167364961489	0.000572016357660754	0.00122933340023583	0.00231817155473042	0.00438044105471788	0.00827416643668933	0.0153491055972302	0.024872676183547	0.036624099952332	0.0510298803281568	0.0660829423718608	0.080368298251336	0.0970621440578038	0.105667477859455	0.105276098246318	0.0997867482877142	0.0885170225043278	0.0715923630798565	0.0535989362502822	0.0376527258586517	0.0231265209864773	0.0130259163551519	0.00771218545372438	0.00331669133696279	0.00139491708271658	0.000466644923354826	0.000145512933089139	2.50884367395068e-05	1.00353746958027e-05	
6.56058702114023e-05	4.03728432070168e-05	0.000166537978228944	0.000368402194264028	0.000656058702114023	0.00170070602009558	0.00275039994347802	0.00545538043834815	0.0103707740988024	0.0173552759736163	0.0266713095436355	0.0401154663315721	0.0546244568590937	0.0701124888343855	0.0869126382139054	0.0985198306359227	0.103758207042033	0.103944931441866	0.0977073271663815	0.0836272980979344	0.0672157373342821	0.0501127916307096	0.0333933879376038	0.02151872542934	0.0118040100326515	0.006611053075149	0.00276049315427977	0.00118090566380524	0.000373448799664905	0.000100932108017542	5.0466054008771e-06	
3.02706193368716e-05	5.54961354509313e-05	6.05412386737433e-05	0.000307751296591528	0.000585231973846185	0.000943434302665833	0.00253264181785159	0.00375860190099489	0.00683611486691018	0.0116289629285815	0.0196506770528525	0.0294734930276673	0.0439630294835832	0.0565556071277218	0.0742134684075636	0.0893033721469941	0.0979355437612254	0.105150041369846	0.101623514217101	0.0938288297378564	0.0800708332492483	0.0645420055294331	0.0459306197404799	0.0314309930781184	0.0195800456077331	0.010811656206486	0.00543862127419127	0.00252759671462878	0.000918208786551773	0.000227029645026537	5.54961354509313e-05	3.02706193368716e-05	
3.0574650557223e-05	3.0574650557223e-05	1.52873252786115e-05	0.000168160578064727	0.000331225381036583	0.000596205685865849	0.00134018884942494	0.00243068471929923	0.00394922569697464	0.00788316406867066	0.0137942631764004	0.0226201456372522	0.0333059860070016	0.0465142350477219	0.0604460841516299	0.0781284237238905	0.0907965206047666	0.100774048236607	0.103780555541401	0.101783011704995	0.0894869064058989	0.0779704546960115	0.0584230614397603	0.0419688036648814	0.028566915170632	0.0176772437971678	0.00949342899801774	0.00493271028989864	0.0017784255074118	0.000728695838280482	0.000188543678436209	4.58619758358345e-05	2.0383100371482e-05	
2.57948688846815e-05	1.54769213308089e-05	5.15897377693629e-06	1.54769213308089e-05	0.000159928187085025	0.00045914866614733	0.000670666591001718	0.00148578444775765	0.00260012278357589	0.00515381480315936	0.00915717845406192	0.0159154341018485	0.0243245613582546	0.0371084983775027	0.0501761789544824	0.0647709157694351	0.0790715910791025	0.0936560099465014	0.102312767944201	0.104587875379829	0.0988407785923224	0.0871505440137848	0.072798278966348	0.0544013784777932	0.0392597904424852	0.0255420791696116	0.0156162136227862	0.00837817341374454	0.0041787687593184	0.00135165112955731	0.000588123010570737	0.000159928187085025	3.6112816438554e-05	2.57948688846815e-05	
4.65335118841419e-05	0	5.1703902093491e-06	0.000103407804186982	0.000201645218164615	0.000439483167794673	0.000972033359357631	0.00180446618306284	0.00373302173115005	0.00585288171698318	0.0115041182158017	0.0184996561690511	0.0285508947360257	0.0403342140231323	0.0534566643744603	0.0686162484682719	0.0836982767089432	0.0952489284366291	0.101567145272454	0.101334477713033	0.0966656153539908	0.0830054444208904	0.068424944030526	0.0504785196138753	0.0364460805857018	0.0231995408693494	0.0141565283931978	0.00698519717283063	0.00304018944309727	0.00108578194396331	0.000418801606957277	8.78966335589347e-05	3.10223412560946e-05	5.1703902093491e-06	
3.65462728022638e-05	5.22089611460911e-06	7.83134417191367e-05	0.000250603013501237	0.000250603013501237	0.000522089611460911	0.000976307573431904	0.00248514655055394	0.0038947885014984	0.00707953513140996	0.0129530432603452	0.0215414173688772	0.0312783886226232	0.0425555242301789	0.0569234303375831	0.0728262799026825	0.0868913740354394	0.0957094675730142	0.100716306946924	0.103702659524481	0.0937255270494628	0.0798327224884879	0.0639716400923054	0.0468314381480437	0.0331892366005701	0.0203771575353194	0.0122430013887584	0.00562290511543401	0.00220321816036504	0.000965865781202686	0.000308032870761938	3.65462728022638e-05	1.04417922292182e-05	5.22089611460911e-06	
5.21841683670008e-06	1.56552505101002e-05	6.78394188771011e-05	0.000219173507141403	0.000177426172447803	0.000333978677548805	0.000678394188771011	0.00137244362805212	0.00262486366886014	0.00446174639537857	0.00879825078667634	0.0145906934754134	0.0229140683299501	0.0342015039477323	0.0463917256782637	0.0612798689133691	0.0780727342938699	0.0887809256427785	0.0985184914600609	0.102317498917179	0.101962646572283	0.0908056713754181	0.0755261468775603	0.0583314634006335	0.0419456345333953	0.0299328389753117	0.0179252618340648	0.0100350155769743	0.00455567789843917	0.00204561939998643	0.000803636192851813	0.000271357675508404	2.60920841835004e-05	1.04368336734002e-05	
5.23850932978512e-06	3.14310559787107e-05	0.000110008695925487	0.000167632298553124	0.000178109317212694	0.000324787578446677	0.000906262114052825	0.00174442360681844	0.00321644472848806	0.00611334038785923	0.0105608348088468	0.0168994310978868	0.0252181839135855	0.0371410311481765	0.0501272957767138	0.065408027491697	0.080180623801691	0.0916162896686119	0.0992173667061301	0.100888451182332	0.0975777132859074	0.0867339989732522	0.072794325646694	0.0548576697015097	0.0396974237011116	0.0268264062778296	0.0164593963141848	0.00829256026904984	0.00420652299181745	0.00153488323362704	0.000775299380808197	0.000178109317212694	1.04770186595702e-05	
5.28798358609895e-06	7.93197537914842e-05	8.98957209636821e-05	0.000148063540410771	0.000317279015165937	0.000534086342195994	0.00111047655308078	0.00235315269581403	0.00432557057342894	0.00719165767709457	0.0119772828225141	0.0192588362205724	0.0284070478245236	0.0415053831672906	0.0549209975252237	0.0685798591281173	0.0822334327474248	0.0947606658628932	0.0991549802229414	0.100588023774774	0.0928728557226558	0.0825242718446602	0.0674905345093809	0.0517429193899782	0.0364659348097384	0.0240180214480614	0.0139179727986124	0.00769401611777397	0.00356938892061679	0.00145419548617721	0.000449478604818411	0.000248535228546651	1.05759671721979e-05	
5.28921423433335e-06	7.40489992806669e-05	9.52058562180002e-05	0.000248593069013667	0.000327931282528668	0.000671730207760335	0.001396352557864	0.00275568061608767	0.00497186138027335	0.00815067913510769	0.0140058392925147	0.0204216561587611	0.0326979223966488	0.0453920365590488	0.0591968857106588	0.0735729699995769	0.0857434519527779	0.0947404053653789	0.0984322769009436	0.0977711251216519	0.0897526763424026	0.0792694537299539	0.0638196589514662	0.0474601193246731	0.0333908094613464	0.0213208225785977	0.012821055304024	0.00672788050607202	0.00300427368510134	0.00106842127533534	0.000513053780730335	0.000174544069733	5.28921423433335e-06	
5.30397055235549e-06	2.65198527617775e-05	2.65198527617775e-05	0.000127295293256532	0.000180334998780087	0.000403101761979017	0.000710732054015636	0.00178213410559145	0.00339454115350752	0.00522971496462252	0.00928725243717447	0.0158747838632	0.023767092045105	0.0349690778516798	0.0471098664460215	0.0636741664810277	0.0773796263883143	0.0882739819028525	0.0958586597927208	0.0976407938983123	0.0961822019964145	0.0875632498488368	0.0750511833158302	0.0600356426821118	0.0445586566103385	0.0299939534735703	0.0199004975124378	0.0108890515439858	0.00612608598797059	0.00237617880745526	0.000933498817214567	0.000525093084683194	0.000132599263808887	1.0607941104711e-05	
1.0575687551887e-05	1.0575687551887e-05	3.70149064316044e-05	0.000100469031742926	0.000285543563900948	0.000528784377594348	0.000988826786101432	0.00229492419875947	0.00390771655042223	0.00618677721785388	0.0112789707740874	0.0179998202133116	0.0272799860400924	0.0372845864641775	0.0507633002490574	0.0665316503889209	0.0804915579574117	0.0895760735644826	0.0948586294966502	0.097772231417195	0.0934467752084732	0.0842723662572113	0.0716397074764823	0.0558872208679467	0.0411341367330644	0.0290672772363613	0.0176561103678753	0.0100680545493964	0.00501816374337037	0.00201995632241041	0.0010575687551887	0.00045475456473114	7.40298128632088e-05	1.58635313278305e-05	
1.05127598622828e-05	0	1.57691397934243e-05	6.83329391048385e-05	0.000136665878209677	0.000436279534284738	0.000662303871323819	0.00141922258140818	0.00260716444584615	0.00433125706326053	0.0078162369576073	0.0131304370679913	0.020368472233173	0.0305290546400694	0.0401166916344713	0.055454808273542	0.0705774133354359	0.0809114562800599	0.0909669110883335	0.095744960445741	0.096375726037478	0.091208704565166	0.0813477358143447	0.0685642198218087	0.0518436752608479	0.0378879865436674	0.0266235643512313	0.0155220899366606	0.00817892717285605	0.00409471996635917	0.00165575967830955	0.00100922494677915	0.000315382795868485	6.30765591736971e-05	5.25637993114142e-06	
5.25950392358993e-06	2.10380156943597e-05	0	3.15570235415396e-05	0.000126228094166158	0.000220899164790777	0.000394462794269245	0.00072055203753182	0.00159888919277134	0.00299791723644626	0.00542254854522121	0.00948814507815623	0.0147160919782046	0.022573790840048	0.0319094103044201	0.0453527023331159	0.0582963414890708	0.0711768665979425	0.0838943470851829	0.0909788988702586	0.0982685713083542	0.0961489912271475	0.0894220857088759	0.0775093093219448	0.0642763974501925	0.0475932510045652	0.035796183703953	0.0234100519638988	0.0135800391307092	0.00782088233437822	0.00345023457387499	0.00171985778301391	0.000788925588538489	0.000231418172637957	5.78545431594892e-05	
1.04841034781013e-05	2.09682069562027e-05	1.04841034781013e-05	5.76625691295573e-05	9.95989830419626e-05	0.000209682069562027	0.000492752863470763	0.00086493853694336	0.00214399916127172	0.00344927004429534	0.00642675543207611	0.0107199958063586	0.0160511624249731	0.0240767436374597	0.0355201425838073	0.0476869446701439	0.0605456975860352	0.0755379655597201	0.0843341283778471	0.0940581343537861	0.0967944853615705	0.0941891856472623	0.0875894425077976	0.0738972033653972	0.0616045920373234	0.0446675228684507	0.0320184520221215	0.0206431997483815	0.0132152124341467	0.00709249600293555	0.00332870285429717	0.00172463502214767	0.000618562105207978	0.000230650276518229	5.24205173905066e-05	1.5726155217152e-05	
5.24337106812712e-06	5.24337106812712e-06	5.24337106812712e-06	2.62168553406356e-05	0.000104867421362542	0.000125840905635051	0.000298872150883246	0.000697368352060907	0.0014314403015987	0.00238049046492971	0.00375949705584715	0.00774970243869188	0.0116350404001741	0.0184094758201943	0.027926194308845	0.0381035775520798	0.0496285071598232	0.0645563845907811	0.0771090149278774	0.0876639208880173	0.0952563221946654	0.096808360030831	0.0930750798303245	0.0839411274296471	0.0707959961618524	0.0559939596365295	0.0416690698784062	0.0284715048999303	0.0196573981344086	0.0113990887021084	0.00580965514348485	0.00310931904339938	0.00146814389907559	0.000613474414970873	0.000241195069133848	6.29204528175254e-05	5.24337106812712e-06	
1.56106902006494e-05	5.20356340021647e-06	2.08142536008659e-05	1.56106902006494e-05	0.000119681958204979	0.000202938972608442	0.000364249438015153	0.000952252102239614	0.0016443260344684	0.00275268503871451	0.00512550994921322	0.00847140121555241	0.013388768628757	0.0210952460244776	0.0311173091332945	0.0404629090000833	0.0543720339688619	0.0669698609607859	0.0808998001831654	0.0894128299059196	0.0952200066605612	0.0948973857297477	0.0911560236449921	0.0799111231371243	0.0660540338023479	0.0534926317542253	0.038412705020398	0.0264236949462992	0.0176869119973358	0.00956414952959787	0.00529202397802015	0.00254454250270585	0.00124885521605195	0.000520356340021647	0.000135292648405628	3.12213804012988e-05	
1.03790964996497e-05	3.6326837748774e-05	1.55686447494746e-05	5.18954824982485e-06	4.15163859985988e-05	5.70850307480734e-05	0.00017125509224422	0.000446301149484937	0.00107942603596357	0.00230934897117206	0.00357559874412932	0.00620669970679052	0.00965774929292405	0.0151223435999896	0.0233892939619606	0.0321855782454137	0.0450452788084797	0.0573496977088144	0.0712680661148447	0.0831677002516931	0.0904797737356963	0.0950258180025429	0.0944186408573134	0.0868055735748203	0.0766496276499131	0.0643815355873271	0.0485482238771115	0.0360569812397831	0.0246659228314175	0.0150029839902436	0.00871325151145593	0.00449414878434832	0.00204987155868082	0.00103272010171515	0.000441111601235112	8.30327719971976e-05	1.03790964996497e-05	
2.07925063807004e-05	2.59906329758755e-05	0	1.03962531903502e-05	5.1981265951751e-06	7.79718989276265e-05	0.000187132557426304	0.000634171444611362	0.00120596537008062	0.0026094595507779	0.00475628583458522	0.00707984842262848	0.0104534325828971	0.0174449128534076	0.0248158563653659	0.0360074229247779	0.0484465398670319	0.0603450516433877	0.0732779906121834	0.0847086709949734	0.0916845568856984	0.0947670459566372	0.0935558824599614	0.0833519599536327	0.0749205986162587	0.0600383621742724	0.0466479880651013	0.0333511802346434	0.0220608492699231	0.0132760153240772	0.00729816973962584	0.00387260431340545	0.00175696678916918	0.000836898381823191	0.000332680102091206	6.75756457372763e-05	6.75756457372763e-05	
5.16214290876429e-06	0	5.16214290876429e-06	2.58107145438214e-05	3.09728574525857e-05	0.000113567143992814	0.0003613500036135	0.000805294293767229	0.00148669715772411	0.00328828503288285	0.00554930362692161	0.00776386293478149	0.0125336829824797	0.0193270630504135	0.0274522759888085	0.040011769685832	0.0513581597992959	0.0630297649160119	0.0759660950453752	0.0863316780061739	0.0919377652050919	0.0948027545194561	0.0919377652050919	0.0815670201013845	0.0700812521293839	0.0569384362836701	0.043098731145273	0.0304359945900742	0.0187334166159056	0.011759361546165	0.00691727149774414	0.0035412300354123	0.00167253430243963	0.000727862150135764	0.000206485716350571	9.29185723577572e-05	9.80807152665214e-05	5.16214290876429e-06	
5.16843944139507e-06	0	2.06737577655803e-05	4.65159549725556e-05	3.61790760897655e-05	0.000134379425476272	0.000630549611850198	0.00100267725163064	0.00193299635108175	0.0035610547751212	0.00611426385917036	0.00894140023361346	0.0138772599001458	0.0207822949938496	0.0308245728284802	0.0425827725576539	0.0552041016735407	0.0667348900672931	0.0790822918927859	0.0867005716294022	0.0938330180585274	0.0957298353335194	0.0895690555193765	0.0781002883989208	0.067060501752101	0.0525165131640153	0.0382671256240891	0.0274547503126906	0.0170351763988381	0.0108950703424608	0.00611426385917036	0.00301836863377472	0.00136963645196969	0.000496170186373926	0.000191232259331617	7.23581521795309e-05	5.68528338553457e-05	5.16843944139507e-06	
5.15339067339356e-06	2.06135626935742e-05	9.27610321210841e-05	1.03067813467871e-05	9.27610321210841e-05	0.000407117863198091	0.00068024756888795	0.00103067813467871	0.00200466897195009	0.00385988961437178	0.00637474426298783	0.0100336516410973	0.0151458151891037	0.0235097682520214	0.0346050183718377	0.04592186429061	0.0589290223502554	0.0708951954938752	0.0809288471349725	0.0898081392652296	0.093951465366638	0.0939463119759646	0.0862059191845275	0.0752446572222194	0.0621653516931465	0.0480708282014151	0.0361149618391421	0.024932104077878	0.0154962457548944	0.00986358974887527	0.0051224703293532	0.00245301396053533	0.00125742732430803	0.00053595263003293	0.00014429493885502	0.000108221204141265	2.57669533669678e-05	5.15339067339356e-06	
5.19186538531429e-06	5.71105192384572e-05	3.11511923118857e-05	4.15349230825143e-05	0.000244017673109772	0.000425732961595772	0.000752820480870572	0.00125123955786074	0.00248690351956554	0.00446500423137029	0.00710766371249526	0.0108769579822334	0.018187104444756	0.0261514259458281	0.0371529886973091	0.0493694479489536	0.0616326339890659	0.0739321630868755	0.0850842899345306	0.0909770571468623	0.0946632815704354	0.09069150455067	0.0837655561266607	0.0722863417597309	0.0580190956808872	0.0451276939291518	0.0323089782928108	0.0224444340607137	0.0139401585595689	0.00807854253954903	0.00459999273138846	0.00219096719260263	0.000851465923191544	0.000477651615448915	0.000197290884641943	8.82617115503429e-05	2.07674615412572e-05	1.03837307706286e-05	5.19186538531429e-06	
6.220807564502e-05	4.6656056733765e-05	7.25760882525233e-05	0.00024883230258008	0.000508032617767663	0.000927937128371548	0.00190253031347686	0.00292896356161969	0.00507514217137288	0.00805076178972634	0.0127578395135328	0.0200154483387852	0.0286520028408355	0.0399946086334441	0.0534263689664647	0.0644890384186707	0.0762100766714532	0.087257194104748	0.0924360164021959	0.0952405638125256	0.0875993385207956	0.0797196489390931	0.068449619234737	0.0557591718031529	0.0414357623858871	0.0300879725869747	0.0197769840488126	0.0123534870218402	0.00721613677482232	0.003903556746725	0.00175219413066806	0.00100569722292782	0.0003110403782251	0.00012441615129004	9.331211346753e-05	6.73920819487717e-05	3.62880441262617e-05	5.18400630375167e-06	
1.03416894183834e-05	6.7220981219492e-05	6.20501365103003e-05	0.000165467030694134	0.000289567303714735	0.000553280383883511	0.00139612807148176	0.00222863406966162	0.00355237031521469	0.00556382890709026	0.00907483246463142	0.0148248117812526	0.0223897575908	0.0310922892363697	0.0438591048233639	0.056134690162985	0.0669934640522876	0.0806703483080996	0.0892229254571027	0.0941507404649624	0.0918962521717548	0.0848794159013816	0.076068296516919	0.0659386117316125	0.0519204517249938	0.037819558203028	0.0267125837676843	0.0181703483080996	0.0110500951435426	0.00663419376189294	0.00316455696202532	0.00185116240589063	0.000822164308761479	0.000279225614296351	0.000175808720112518	0.000186150409530901	4.65376023827252e-05	7.75626706378754e-05	5.17084470919169e-06	
1.54814738363092e-05	9.28888430178553e-05	4.12839302301579e-05	0.000175456703478171	0.0003921973371865	0.00100113530808133	0.00159459180513985	0.00261120858705749	0.00348333161316957	0.00680152750541852	0.0102280937145216	0.0169109299205284	0.0233202600887604	0.0339611931055837	0.0477293838373413	0.0586128599442667	0.071379915367943	0.0831664774486531	0.0923263494684694	0.0925482505934565	0.0880741046547631	0.083930230157911	0.0745071730828775	0.0608215502115801	0.0490040251831974	0.0345907730415936	0.0241665806584787	0.0167251522344927	0.00944369904014862	0.00626483641242646	0.0028485911858809	0.00153266590979461	0.000686345340076375	0.000139333264526783	0.000381876354628961	0.000294148002889875	0.000108370316854165	8.77283517390856e-05	
