# <P(N_1)> as a function of N_tot.
# number_of_species: 2
# species_total_upper_bound: 100
# species_total_lower_bound: 0
# volume: 512
# Bin widths for each species index 
1	1	1	1	1	1	1	1	1	1	1	1	1	1	1	1	1	1	1	1	1	1	1	1	1	1	1	1	1	1	1	1	1	1	1	1	1	1	1	1	1	1	1	1	1	1	1	1	1	1	1	1	1	1	1	1	1	1	1	1	1	1	1	1	1	1	1	1	1	1	1	1	1	1	1	1	1	1	1	1	1	1	1	1	1	1	1	1	1	1	1	1	1	1	1	1	1	1	1	1	1	
# Bin lower bound for each species index 
0	0	0	0	0	0	0	0	0	0	0	1	1	1	2	3	2	3	4	4	6	6	7	8	8	9	9	9	10	10	10	11	12	13	13	13	13	13	14	14	16	17	19	20	20	21	21	22	22	22	23	22	22	22	23	23	24	25	27	28	29	30	30	31	32	32	33	34	34	34	34	35	37	37	38	38	39	40	40	41	42	42	43	44	44	45	46	46	46	46	47	47	48	48	48	48	49	50	50	50	53	
# Bin upper bound for each species index 
0	1	2	3	4	5	6	7	8	9	10	11	12	13	14	15	16	17	18	19	20	21	22	23	24	25	26	27	28	29	30	31	32	33	34	35	36	37	38	39	40	41	42	43	44	45	46	46	47	48	49	50	52	53	53	53	54	55	56	56	58	59	60	60	61	62	63	65	65	66	67	67	69	69	70	71	71	72	73	74	75	75	77	78	78	79	80	80	81	82	83	84	85	85	87	88	89	91	92	93	93	
# Normalized histogram for each species index 
1	
0.249645898594761	0.750354101405239	
0.062382872644622	0.373030280812376	0.564586846543002	
0.0158238703702886	0.139667592719371	0.422945495394029	0.421563041516312	
0.00415049598279709	0.046891178354972	0.210977163434985	0.422073627854571	0.315907534372676	
0.000930303761842237	0.0148097882086942	0.087525097593575	0.265567868014626	0.392826651436377	0.238340290984886	
0.000233830750655535	0.00452955164791854	0.0330377849904188	0.132279085089392	0.295945904211748	0.355231558621663	0.178742284688204	
0.000107408698927532	0.00124182112184708	0.0112455436425085	0.0576975989006058	0.171959855630938	0.311663260486694	0.311830994619266	0.134253516899214	
2.79235189512514e-05	0.000357127110797584	0.00381376482518407	0.0234146054700704	0.0863836103640345	0.206041767705716	0.311107681907029	0.26831415428479	0.100539364813427	
7.33537941516487e-06	0.000130569753589935	0.00120153514820401	0.00903572036360009	0.0382085242977108	0.117209093523153	0.230527501804503	0.300350044305692	0.227452510753666	0.0758771646704654	
1.46638101564482e-06	2.93276203128964e-05	0.000410586684380549	0.00313658899246427	0.0163398836573302	0.057857529353282	0.1454400682747	0.248674758157111	0.282488037996865	0.189028243964742	0.0565935089177961	
8.78316559926807e-06	0.000136139066788655	0.0010832570905764	0.00638096980786825	0.0273024702653248	0.0799707227813358	0.171568892955169	0.256629460201281	0.25975626715462	0.154795974382434	0.0423670631290027	
5.84606435639947e-06	4.53069987620959e-05	0.000312764443067372	0.00243196277226218	0.0114802088798795	0.0396202396594083	0.103465108495647	0.194207719435679	0.25748113548108	0.233195122628507	0.126846442889067	0.030908142252284	
2.93067774853613e-06	2.19800831140209e-05	0.000126019143187053	0.000857223241446817	0.00456013457672221	0.0188061591123563	0.0558235497541161	0.126291696217667	0.20999917941023	0.251926920619662	0.206768107192469	0.101502558481674	0.0233135414896049	
2.93413024310736e-06	2.78742373095199e-05	0.000303682480161612	0.00172673564806868	0.00804831925684349	0.0278052852488069	0.0738373875677967	0.146669835527329	0.221355186735384	0.239916494653281	0.179548231966469	0.0828657063258381	0.0178923262224687	
2.94084346331371e-06	5.146476060799e-05	0.00062198839249085	0.0034422572738087	0.0132955532976413	0.0394028911432088	0.0921425073925453	0.165892979765527	0.225249493807319	0.225131860068786	0.154306056520071	0.066754205773758	0.0137058009607736	
7.37499022813795e-06	8.84998827376554e-06	2.35999687300414e-05	0.000228624697072276	0.00128767329383289	0.00605781697339251	0.0199095236198812	0.0530129047579012	0.109775254547788	0.180671035610878	0.225126001708048	0.206666401167018	0.133391448256331	0.0536338789351104	0.0101996114855148	
1.1804459134438e-05	2.21333608770713e-05	0.000103289017426333	0.000479556152336545	0.00255418984521403	0.00926354930575025	0.0279913237225362	0.0667114252408847	0.127538327603252	0.190853019728202	0.22087323486447	0.189076448628469	0.114063537501291	0.043092178070266	0.00736598249988933	
1.18201912506944e-05	2.06853346887153e-05	0.000209808394699826	0.00104460940178012	0.00421389818087257	0.0141458138792686	0.0379886171558256	0.0823808229217149	0.14370693017813	0.198515679483694	0.21280776822969	0.170049703904209	0.0954317915863879	0.0338515502180825	0.0056205009397052	
2.96076103401618e-06	5.92152206803237e-06	8.29013089524531e-05	0.000413026164245258	0.00180902499178389	0.00676681934324399	0.0199984604042623	0.0498725392374856	0.0961995671367368	0.156671630876	0.202569348425319	0.202080822854707	0.152304508350826	0.0801996145089134	0.0268822298083499	0.00414062430607163	
4.29707295244474e-05	0.000137802684337021	0.000687531672391158	0.00304351304976603	0.0098002898301619	0.0272004717889752	0.0608302537643841	0.112724077536977	0.168378581017606	0.203141901202884	0.190117324909095	0.133274458494721	0.066561660033369	0.0208245045771236	0.00323465870868513	
2.96689684841382e-06	5.19206948472419e-05	0.000256636577387796	0.00114522218348774	0.00464022667091922	0.01403787243827	0.0349292765963759	0.07408934809859	0.126152453994556	0.178243745410581	0.199072844734871	0.176119447267117	0.117404558637008	0.0549202275609883	0.016568635449967	0.00236461678818582	
7.42603299832023e-06	6.23786771858899e-05	0.000445561979899214	0.00204512948773739	0.00681264267265898	0.0189423249721152	0.0454577183959175	0.0877370946685539	0.138436107154686	0.183281920431542	0.193708070761183	0.162367241095073	0.100836616877591	0.0450641386470065	0.0130742736968426	0.00172135444901063	
2.53412875162855e-05	0.000201239636158738	0.000781107921090212	0.00325710077782846	0.0100142805608474	0.0255231485208141	0.0562934342214709	0.0998327475023925	0.150744884786582	0.18484233247173	0.186022938337194	0.146198359673366	0.0873752686921809	0.0372025007378787	0.0102960160514696	0.00138929882148106	
5.97310014350373e-06	7.61570268296726e-05	0.0003598792836461	0.0014335440344409	0.00495020674392872	0.0137470899802738	0.0332104367978807	0.067366116693471	0.112467502602032	0.157637579162243	0.185724589312033	0.175162654983283	0.131947275445033	0.0760659370524841	0.0309884435444974	0.00790241148985544	0.000954202747924721	
7.47140692569536e-06	0.000170348077905854	0.000705300813785642	0.00230866474003987	0.00684679730670723	0.0184693179203189	0.0418025217492656	0.0785708095119976	0.123429136693873	0.164571186070907	0.18341407433751	0.164566703226751	0.118665367638049	0.0646769811929745	0.0251786413395934	0.00598011410332657	0.000636563870069245	
7.48442491175863e-06	5.83785143117173e-05	0.000306861421382104	0.00110769488694028	0.00349822020375598	0.00987794399853904	0.0245429261706389	0.051163528696782	0.0889389181114102	0.134276570456879	0.168474404763687	0.179001996844566	0.153734578342469	0.105287895888656	0.0545150541722675	0.020130109242666	0.00456250542620806	0.000514928433928994	
1.49472809401242e-06	1.34525528461118e-05	9.11784137347575e-05	0.000527639017186384	0.00181011572184904	0.00513588573102667	0.0136513516826154	0.0310768918026122	0.0607532233811347	0.101178144683701	0.143129183370253	0.170572391176321	0.173928055747379	0.140078443330374	0.0924190380527878	0.0454711233479518	0.0162596522066671	0.00348421118714295	0.000418523866323477	
2.99058265521872e-06	2.0934078586531e-05	0.000213826659848138	0.000789513820977741	0.00270348672031772	0.00750785775592659	0.017898637191484	0.0383018873567137	0.0712775470044829	0.111536770709037	0.149439415281279	0.172501293426998	0.164966520427175	0.128644398788216	0.0799038826734613	0.0378936728242764	0.0130613697466677	0.00304441314301265	0.000291581808883825	
1.48923210724854e-06	1.19138568579883e-05	5.95692842899416e-05	0.000333587992023673	0.00129116423698448	0.00409538829493348	0.0100493382597131	0.0229416206121637	0.0469257036994015	0.0812256975935498	0.120323997337253	0.154626969695616	0.171872277497554	0.155422219640887	0.116733458726677	0.0695307578553271	0.031379609731834	0.0106763049768648	0.0022427835535163	0.000256147922446749	
1.4853676433454e-06	0	1.33683087901086e-05	0.000155963602551267	0.000506510366380783	0.00190424131876881	0.00564736777999923	0.012922698497105	0.0291458838977235	0.0551398176562681	0.0900162499220182	0.1291601434271	0.161015337906285	0.169256157591565	0.14517092125472	0.104064857092779	0.0591547663962307	0.0261885169198228	0.0084368882142019	0.00190127058348212	0.000197553896564939	
1.48901479336197e-06	0	7.44507396680986e-05	0.000259088574044983	0.000882985772463649	0.00279934781152051	0.00754037091358503	0.0172487473663051	0.0346463962119464	0.0636985638452318	0.100070728202685	0.138159726616884	0.163486379237178	0.162152221982325	0.135361867820157	0.0927343523157903	0.0505088708056315	0.0217098356872176	0.00705346307615566	0.00144136631997439	0.000169747686443265	
1.49005981100081e-06	1.34105382990073e-05	0.000125165024124068	0.000427647165757233	0.00145578843534779	0.0040365720280012	0.0100504534252005	0.0215745760034808	0.0425993199367023	0.073164916839762	0.109644561132684	0.14459689411933	0.161920329482025	0.1550630742318	0.124494497209118	0.0814123978936515	0.0442324254895591	0.0184633311181111	0.00544765866901897	0.00115032617409263	0.000125165024124068	
1.7870093356346e-05	5.36102800690381e-05	0.000217419469168877	0.00075501144430562	0.00214292202831516	0.00530890690128114	0.0127309523419502	0.0267813132433773	0.0501166768178725	0.0827385322398822	0.119075877905565	0.146481155241969	0.160437698153275	0.147057465752711	0.113875680738869	0.0729710370461927	0.0380111777433944	0.0154367823109903	0.00483088190399888	0.000869677876675507	8.93504667817302e-05	
8.94819887670277e-06	2.83359631095588e-05	0.000102904287082082	0.000340031557314705	0.000996232808272908	0.00284403587631203	0.00725251518956759	0.0160068364239418	0.0323268598085682	0.0576875467916233	0.0921023196714221	0.124845270727757	0.149909175781401	0.156988692459353	0.13984394341159	0.103652953054766	0.0651175345922455	0.032392479933664	0.0128734754506164	0.00382684638626988	0.000771036469875889	8.20251563697754e-05	
1.4949023828744e-06	1.04643166801208e-05	5.83011929321015e-05	0.000176398481179179	0.000612909976978503	0.00137680509462732	0.00379406224773522	0.00945974227882919	0.019566777289443	0.0389407121714952	0.065853439770383	0.0995874069423267	0.131599246569199	0.152804436870272	0.152502466588932	0.130159655574491	0.0945181929619996	0.0571336741710766	0.0273671779232816	0.0106825724280205	0.00316620324692798	0.000591981343618262	3.58776571889856e-05	
1.49666766943401e-06	4.49000300830202e-06	2.99333533886801e-05	0.000115243410546418	0.000347226899308689	0.000835140559544175	0.00218663146504308	0.00537603026860695	0.0115497844050222	0.0244076563531298	0.0452816803387258	0.0744637065573501	0.107152425125458	0.136575414838861	0.153168969289876	0.146954805126386	0.122128081825815	0.0845527433170047	0.0497252866492754	0.023280665598046	0.00882584924665233	0.00251290501697969	0.000495396998582656	2.84366857192461e-05	
2.99546486619258e-06	1.49773243309629e-06	1.49773243309629e-05	7.33888892217183e-05	0.000181225624404651	0.000444826532629599	0.00109933560589268	0.00291608504723848	0.00683714855708457	0.0151630431526669	0.0292237552345749	0.0530152349343095	0.0822539674932153	0.114079283964078	0.139531748932117	0.15191649842139	0.141571660505994	0.113009903006848	0.0761402237013162	0.0432470240056554	0.0198913844439519	0.0071891156788622	0.00188115193596894	0.000290560092020681	2.39637189295407e-05	
7.47348407848952e-06	4.48409044709371e-06	1.19575745255832e-05	9.11765057575721e-05	0.000176374224252353	0.000594889332647766	0.00154551650743163	0.00384585490679071	0.00908775663944326	0.0188884836599744	0.0356649607193677	0.0606831960205192	0.0901511437420034	0.119728204331033	0.142936361788375	0.148602757416686	0.134069820277655	0.103353800715063	0.0683823793181791	0.0376813067237442	0.0171710770187375	0.00572767819775437	0.00138707864496765	0.000191321192409332	1.4946968156979e-05	
1.49447790414419e-06	4.48343371243256e-06	1.04613453290093e-05	2.69006022745954e-05	0.000107602409098381	0.000248083332087935	0.00087426957392435	0.00210870832274745	0.0051170923437897	0.0115269080746641	0.023745759418947	0.041894699086874	0.0679494268677238	0.0978658855528821	0.125497287522604	0.143960067550401	0.144961367746178	0.125938158504327	0.0949920045432128	0.0607624826266944	0.0329980721235037	0.013795525533155	0.00435640309058031	0.00102969527595534	0.000203248994963609	2.3911646466307e-05	
5.97956483716898e-06	1.64438033022147e-05	4.48467362787673e-05	0.000104642384650457	0.000384187040788107	0.0012332852476661	0.00285374731853889	0.00694526455837176	0.0148637032939928	0.0281981328808796	0.048497260611859	0.0750226102295405	0.10488904169999	0.13019306519968	0.144974549477162	0.140128112176636	0.117734641861439	0.0860384635508151	0.0539894909147987	0.0277377063884176	0.0116661309973167	0.00344123956379075	0.000847603315668702	0.0001734073802779	1.64438033022147e-05	
5.98017273728952e-06	1.04653022902567e-05	4.93364250826385e-05	0.000176415095750041	0.000614462748756498	0.0015563399548796	0.0037077070971195	0.00909135760386439	0.0176624401795846	0.0330314841144186	0.0550071238807733	0.0835146073194324	0.111072738336047	0.133549217569149	0.143712521136173	0.13455239154583	0.110727383360468	0.0783656785926262	0.0469847221536994	0.0232867926390054	0.00959369211379671	0.00291682925261296	0.00068472977841965	0.000104653022902567	2.09306045805133e-05	
1.79935942804362e-05	6.74759785516356e-05	0.000292395907057088	0.000772225087868719	0.00206176601129998	0.00511317970802394	0.0110330722262874	0.0209685352014683	0.0384358168492017	0.0618844691289901	0.0900369468469225	0.11758963808884	0.135943104254885	0.141057783429099	0.128924103019325	0.103670093446733	0.0702889771241438	0.0408649520770606	0.0200238715017454	0.00785120497103031	0.00238415124215779	0.000619279536485011	8.84685052121445e-05	1.04962633302544e-05	
1.50140456396959e-05	0.000117109555989628	0.000360337095352702	0.00110052954538971	0.00272204647447687	0.00604765758366952	0.0133850216877889	0.0257445840583866	0.0442013503632648	0.069376902091907	0.0974381533924987	0.121897535144127	0.138094687580231	0.137449083617724	0.122397502863929	0.0952415985154112	0.0635409425517572	0.0353100325354369	0.0165664979588405	0.00639598344251047	0.00202989897048689	0.000466936819394544	9.15856784021452e-05	9.00842738381756e-06	
5.99569808662285e-06	4.79655846929828e-05	0.00019935696138021	0.000500640790233008	0.00157686859678181	0.00357343605962722	0.0080552203793778	0.016330782663439	0.0302467979224906	0.0507071176430911	0.0762787699825375	0.103634142502754	0.125151204011122	0.136724400242826	0.135012628439095	0.115673504260693	0.0870545383687204	0.0562516394486956	0.0310037548059267	0.0142202969369477	0.00561197340907899	0.00170127933207923	0.000356744036154059	7.34473015611299e-05	7.49462260827856e-06	
1.50230002133266e-05	6.15943008746391e-05	0.00030496690433053	0.000805232811434306	0.00208669472963107	0.00500866827112309	0.0104124414478567	0.0197913004810365	0.0355759668051787	0.0567538902059052	0.0831913659813174	0.108194145236357	0.127590340811783	0.137860063757613	0.130769207656923	0.107258212323067	0.0792388146251912	0.0497126100059191	0.0268686358815346	0.0121175519720692	0.00472623586711255	0.00128296421821809	0.000313980704458526	5.70874008106411e-05	3.00460004266532e-06	
3.00773589672638e-06	2.70696230705374e-05	0.000109782360230513	0.000437625572973688	0.00108128105487313	0.00260921089041013	0.00628616802415813	0.0127332499187911	0.0240212827392052	0.0407608368724359	0.0637279081798385	0.0894004379263466	0.113197644341246	0.13111923868189	0.135384208183448	0.123923230548972	0.100745617728798	0.0715780988702944	0.0440618270190931	0.0232031785752957	0.0106067806398056	0.00367846100169636	0.00103165341257715	0.000237611135841384	3.1581226915627e-05	3.00773589672638e-06	
9.02491779804039e-06	4.6628741956542e-05	0.000165456826297407	0.000497874631858561	0.00144849930658548	0.00339487324502953	0.00796900241566966	0.0154055346812549	0.0280945691052997	0.0463850691759949	0.0705583114980461	0.0960777707249716	0.118220406542464	0.131092947628402	0.131995439408206	0.117886484583936	0.0939629316542975	0.064883142356045	0.0393366083757254	0.0199210018862078	0.00860525912043151	0.00294663566106019	0.000869400414544558	0.000215093874186629	1.20332237307205e-05	
4.53577821858822e-06	2.57027432386666e-05	5.59412646959214e-05	0.000250979728095215	0.000777130001451449	0.0019760873772316	0.00469755430838454	0.00977762591320335	0.0184213072717596	0.0330522158788524	0.0522264623348977	0.0769388939958392	0.10187811456771	0.121436390246263	0.13229353137549	0.12795732739852	0.112193986162853	0.0860996540713145	0.0580156272678891	0.0344235328269389	0.017282826938894	0.00694881223087716	0.00235558082152015	0.000740843775702743	0.000164799941942039	4.53577821858822e-06	
6.0577515746368e-06	9.0866273619552e-06	2.87743199795248e-05	0.000102981776768826	0.00043464367548019	0.00104193327083753	0.00269267057492606	0.00601989062729532	0.0116566284674949	0.0224106519503688	0.0380305643855698	0.0580544622155318	0.0828306661557963	0.106013681431931	0.124451962787232	0.131481983489598	0.125395457594982	0.105073215499969	0.0784766572115261	0.0520694036597906	0.0305568133803617	0.0146249267390669	0.00584118695584353	0.00197785588911892	0.000631520601655886	7.42074567893008e-05	1.21155031492736e-05	
1.5152180929162e-06	9.09130855749722e-06	3.63652342299889e-05	0.000234858804402012	0.000533356768706504	0.00154400723668161	0.0034410602890127	0.00728062293646236	0.0143415392494519	0.0262147882255432	0.0432988722231734	0.0640906948941696	0.0882993343646918	0.111200340621027	0.126460102034786	0.129723881806928	0.120335590503219	0.0981967389476204	0.0719698289773339	0.0467550846931153	0.0264617687746886	0.0125520666817178	0.00486385007826101	0.00167128555648657	0.000421230629830705	5.15174151591509e-05	1.06065266504134e-05	
1.51677170310711e-06	0	0	2.12348038434995e-05	0.000106174019217497	0.000291220166996564	0.000797821915834338	0.00209769526539713	0.00432279935385525	0.0092841595947186	0.0177750475887122	0.0305583995024989	0.0486732039527071	0.0699201419698314	0.0936272836893955	0.114417673423885	0.127237427858546	0.126647403666037	0.114061232073654	0.092473020423331	0.065864294435723	0.0424423057963431	0.0232991301314283	0.0102685444300351	0.00404067981707733	0.001387846108343	0.000338240089792885	3.33689774683564e-05	1.21341736248569e-05	
3.03700284263466e-06	6.07400568526932e-06	3.03700284263466e-06	1.67035156344906e-05	5.77030540100586e-05	0.000151850142131733	0.000428217400811487	0.00110546903471902	0.00263004446172162	0.00580219393085352	0.0111093563983576	0.0209295050900168	0.0351958259432931	0.0543092033334143	0.0765355086372361	0.098585667776185	0.117017238028135	0.126978607351976	0.123356981462135	0.109348805850482	0.085909217911028	0.0600400276974659	0.0372442843606502	0.019543113292354	0.00891056634029009	0.00333918462547681	0.00112065404893219	0.000288515270050293	3.03700284263466e-05	1.51850142131733e-06	1.51850142131733e-06	
1.52071364049721e-06	6.08285456198885e-06	6.08285456198885e-06	1.52071364049721e-05	4.10592682934247e-05	9.58049593513244e-05	0.000237231327917565	0.000602202601636896	0.00145836438123683	0.0037637662602306	0.00702265559181613	0.013656008491665	0.0247876323401046	0.0394229804162497	0.0601852837499582	0.0821002880231635	0.1036822560091	0.119522009288519	0.126588765575909	0.120762911619165	0.102389649414677	0.078036941175755	0.0541450091699033	0.0326953432706901	0.0171688570012135	0.00756402964783314	0.0027798645348289	0.000999108861806669	0.000243314182479554	1.52071364049721e-05	3.04142728099443e-06	1.52071364049721e-06	
9.11484245754382e-06	1.51914040959064e-06	1.21531232767251e-05	1.97488253246783e-05	4.40550718781285e-05	0.000127607794405614	0.000311423783966081	0.000741340519880231	0.00210097118646385	0.00459843801983086	0.00851022457452675	0.016777386683519	0.0283107006731311	0.0447022256926141	0.0656754781874224	0.0878002391127005	0.107476145697718	0.121336782794823	0.124909801038181	0.116665426035332	0.0958851043725418	0.0723855213765843	0.0480443345937135	0.0293604266961582	0.0145381737197824	0.00621328427522571	0.00245948832312724	0.000817297540359763	0.000150394900549473	1.36722636863157e-05	1.51914040959064e-06	
4.55390687260446e-06	4.55390687260446e-06	3.03593791506964e-06	3.03593791506964e-06	2.88414101931615e-05	7.13445410041365e-05	0.000191264088649387	0.000397707866874122	0.00113088687336344	0.00274145193730788	0.00555121247770483	0.0106136389510834	0.0198975370953664	0.0328458123031384	0.0500671701263709	0.0705582330841334	0.0921149102500854	0.111183636294638	0.122120602633676	0.122852263671208	0.110195438503283	0.0900686880953284	0.0658464574399454	0.0442837083981633	0.0256840347614891	0.0131835603961899	0.00550719137793632	0.00218587529885014	0.000511555538689234	0.000121437516602785	3.03593791506964e-05	
6.08381674327206e-06	6.08381674327206e-06	1.52095418581801e-06	1.52095418581801e-05	4.86705339461765e-05	0.000132323014166167	0.000238789807173428	0.000611423582698842	0.00146163697257111	0.00345256600180689	0.00641842666415202	0.0129524458464262	0.0234059639655534	0.0369363724025905	0.0555726240414186	0.0765693965766363	0.0975403128906951	0.114415299582346	0.121528802309417	0.11786178176741	0.104758761456587	0.0845878670442689	0.0610754362857082	0.0390292053622761	0.0228021451537837	0.0112048694869213	0.00498416686692563	0.0018068935727518	0.000434992897143952	0.000121676334865441	1.82514502298162e-05	
1.52067895273882e-06	6.08271581095528e-06	6.08271581095528e-06	4.40996896294257e-05	5.93064791568139e-05	0.000203770979667002	0.000345194122271712	0.000880473113635776	0.00208485084420492	0.00404500601428526	0.00831355183462312	0.015301071622458	0.0271836569591591	0.041815629842412	0.0604424263345098	0.0818201310521122	0.101838348785966	0.115489483744702	0.120215753929815	0.115133644869761	0.0990904819183669	0.0787863765413982	0.0560719950243385	0.0356066976783794	0.0194570872002932	0.00966087338674972	0.004250297672905	0.00140662803128341	0.000352797517035406	7.29925897314633e-05	1.36861105746494e-05	
1.51962519964076e-06	3.34317543920967e-05	3.34317543920967e-05	0.000115491515172698	0.000276571786334618	0.000496917440282529	0.00128408329369644	0.00265934409937133	0.0051560883023811	0.010245313095978	0.0180577062473312	0.0301189714568799	0.0463333723370468	0.066577819246661	0.0866125578787248	0.104996983543979	0.116204219391329	0.11907783064385	0.111540489653632	0.0937289626886425	0.0736182427965967	0.0514104401290466	0.0315534976453408	0.0166885239424548	0.00836097784842347	0.00330822405961794	0.00113212077373237	0.000287209162732104	8.05401355809603e-05	9.11775119784456e-06	
7.56216858796163e-06	9.07460230555396e-06	6.503464985647e-05	0.000136119034583309	0.000278287804036988	0.000682107606634139	0.00146101097119419	0.00327895629974016	0.00642330599861461	0.0122628125822386	0.0213631262609916	0.0332432931126793	0.0516329746848844	0.0718088404775661	0.0909713756794608	0.106100250156537	0.117497950652313	0.117659781060095	0.107484127008134	0.0899444331852157	0.0685495458161546	0.0459749601473715	0.0278786907163794	0.0146706070606456	0.0068785485476099	0.00266944551155046	0.000765291461101717	0.000257113731990695	4.53730115277698e-05	
7.53843092083441e-06	2.5630665130837e-05	9.64919157866805e-05	0.000152276304600855	0.000399536838804224	0.000839781204580954	0.00200673031112612	0.00412352171369642	0.00793947544582281	0.0144828334851071	0.0242315323519301	0.0378172925574579	0.0557647888937805	0.0763130438977909	0.0943449706604269	0.108310667784365	0.117673398988041	0.115645561070337	0.104987727434461	0.0847922709975455	0.0623579005771423	0.0412638631744634	0.0244863313170543	0.0129299167154152	0.00583022247417334	0.00222836018019865	0.000725197054584271	0.000191476145389194	3.01537236833377e-05	1.50768618416688e-06	
1.50480031299847e-05	8.57736178409125e-05	0.000126403226291871	0.000213681644445782	0.000496584103289493	0.00121587865290276	0.00258976133867036	0.0050937490594998	0.00947723237126433	0.0168221626990098	0.0278689017967316	0.0420365967436121	0.059821831642941	0.0805263791494869	0.0973440274475577	0.110083666897403	0.117740090889939	0.113764408462997	0.100771962560568	0.0798627622114545	0.0566933517922172	0.0371384717248021	0.0216315044993529	0.0108932494657959	0.0050034610407199	0.00194119240376802	0.000576338519878412	0.000153489631925843	1.05336021909893e-05	1.50480031299847e-06	
3.0083647582102e-06	1.20334590328408e-05	8.72425779880959e-05	0.000174485155976192	0.0002948197463046	0.000726520089107764	0.00151019910862152	0.00317382481991176	0.00594302457984426	0.011478415734951	0.0196190507706678	0.0315622588607624	0.0467575092544821	0.0650619046258121	0.0849863044194382	0.10022818446691	0.112523371233715	0.115685162594594	0.110450607915309	0.0958043840899621	0.073891455191159	0.0520958525179261	0.0331220959878943	0.0188880181344228	0.00962225467913533	0.00409288025354498	0.00158390404519767	0.000497884367483789	0.000106796948916462	1.5041823791051e-05	1.5041823791051e-06	
4.51357910273057e-06	2.40724218812297e-05	0.000114344003935841	0.000154966215860416	0.000371618012791483	0.000821471396696963	0.00191225301319018	0.00363794475680084	0.00728943025090986	0.0134640064634453	0.0230673982676883	0.0351803400530496	0.0508319278549516	0.0705683047448248	0.088171263245474	0.103222545026713	0.114106288769764	0.115154943647965	0.106370014187684	0.0894230291832979	0.0682588567705943	0.0473895715259358	0.0298783891337088	0.0169168944770342	0.00816506459683959	0.00360033159761141	0.00137965067906798	0.000407726645613328	9.47851611573419e-05	1.80543164109223e-05	
6.01454015081459e-06	2.5561795640962e-05	0.000102247182563848	0.000177428934449031	0.000467630496725835	0.00110066084759907	0.00219530715504733	0.00447932877731917	0.00878122862018931	0.0158468096623588	0.0256505101081865	0.039342610761516	0.0556540436505251	0.0745923269504026	0.0916826427889423	0.106392704362797	0.114970942252896	0.113022231244032	0.101919390125629	0.0842261166369699	0.0632113133500237	0.0435512852320485	0.026510589349753	0.0144649690627091	0.00706257377209404	0.00293509559359752	0.00113374081842855	0.000407485095217689	7.81890219605897e-05	9.02181022622189e-06	
4.50207770886264e-06	7.5034628481044e-06	5.10235473671099e-05	0.000109550557582324	0.000247614273987445	0.000625788801531907	0.00126358314362078	0.00293535466617844	0.00566661514288844	0.0105273583758905	0.01785223880821	0.0288808285023538	0.0438772493505753	0.0603473503021644	0.0786768093475139	0.0966130869396226	0.109609084592539	0.114223714244124	0.11043896758354	0.0977761236810788	0.0789154194660836	0.0576941258390747	0.0381010836501045	0.0230581413322248	0.012694358446423	0.00600427097105314	0.00241461434452	0.000985955018240918	0.000301639206493797	8.10373987595275e-05	1.50069256962088e-05	
5.98770126160866e-06	1.94600291002281e-05	5.08954607236736e-05	0.000149692531540216	0.000339802046596291	0.000720021076708441	0.00170050715829686	0.00358513613038818	0.00679005323066422	0.012063721116826	0.0202653749199145	0.0325626163859433	0.0481306396661258	0.0656731074373237	0.0835044817943943	0.101355316180565	0.110414708189379	0.112553814465089	0.107335532815597	0.0919965391086708	0.0736442347418403	0.0528444574843272	0.0342556389176631	0.020624636995611	0.0108437269847733	0.00522876012669976	0.00215108167823291	0.000863725906987049	0.00025597422893377	5.53862366698801e-05	1.49692531540216e-05	
1.04866086008168e-05	1.49808694297382e-05	6.14215646619267e-05	0.000230705389217969	0.000386506431287246	0.000859901905266974	0.00236997354378459	0.00453620726332473	0.00823198775164115	0.0140850134378399	0.0233701563103916	0.0367660497544635	0.053505673255253	0.0700655263228857	0.0885429306775248	0.103508819237833	0.111238947863578	0.110518368044008	0.10355226375918	0.0861385011340518	0.0682588334696592	0.0483207943456206	0.0308860585032913	0.0181028826188957	0.00925068687286335	0.00445081630757523	0.00180519476628346	0.00067413912433822	0.000193253215643623	5.39311299470576e-05	5.99234777189529e-06	2.99617388594765e-06	
7.48599370577649e-06	1.19775899292424e-05	3.74299685288825e-05	8.83347257281626e-05	0.00025152938851409	0.000458142814793521	0.00129507691109933	0.00276682327365499	0.00555610452842731	0.00993990244253003	0.0168913961977141	0.0268597454163261	0.0408495704536812	0.0581347299203191	0.0746428432402974	0.0927050488535949	0.106112463580641	0.110434876346356	0.109225139763502	0.0984153648523612	0.0815763706105876	0.0623747967552709	0.04404908416353	0.0277146458975257	0.0156442296463317	0.00791419254574691	0.00372802486547669	0.00155558949206036	0.000524019559404354	0.000173675053974015	4.94075584581248e-05	1.19775899292424e-05	
4.49236971004748e-06	1.04821959901108e-05	5.54058930905856e-05	5.2410979950554e-05	0.00010781687304114	0.000305481140283229	0.000687332565637265	0.00166966407556765	0.00305630885940231	0.0065184284492789	0.0116247553530329	0.0193426465148945	0.0306843825761943	0.0457218414522933	0.0622986856823685	0.080133393431257	0.0956710028017412	0.106207107228373	0.110760872657791	0.106464669758415	0.0935910356259893	0.0768000551064018	0.0583439028809567	0.0394654679027671	0.0247574494720717	0.0135549768717833	0.00714137038240548	0.00323750110437422	0.00114705173263212	0.000399820904194226	0.000140760917581488	3.74364142503957e-05	5.98982628006331e-06	
1.49919867830645e-06	4.49759603491934e-06	3.59807682793547e-05	4.49759603491934e-05	7.04623378804029e-05	0.000142423874439112	0.000376298868254918	0.000875532028130964	0.0019549550765116	0.0040943115904549	0.00771637559724327	0.0136681943501199	0.0216379345239969	0.0346000062966344	0.0494495692052598	0.0670621552780039	0.0848846291657109	0.0972605142551306	0.107745909811206	0.110213590835698	0.103345761690377	0.0900823509833994	0.071891074220829	0.0532620314441931	0.035943288312397	0.0219872478160423	0.0118271783731595	0.00583338205729038	0.00263259287910612	0.000863538438704512	0.000347814093367095	0.000116937496907903	2.39871788529031e-05	2.99839735661289e-06	
4.49628157513736e-06	1.64863657755037e-05	1.49876052504579e-05	2.847644997587e-05	0.000121399602528709	0.000281766978708608	0.000547047591641712	0.00107760881750792	0.00264381356618077	0.00502084775890339	0.00914693548435444	0.0152468908212908	0.0249813404314632	0.0385466219436526	0.0537500487097171	0.0720634035652515	0.0874496791153716	0.100538354780596	0.108808515357799	0.108337904552935	0.100277570449238	0.0851745606383521	0.0669226549643445	0.0485493496878082	0.0321529095438073	0.0196802244543762	0.0103579339885914	0.00492043080372532	0.00212074614293979	0.000770362909873535	0.000301250865534203	0.000104913236753205	4.04665341762363e-05	
7.49608329647759e-06	3.59811998230924e-05	4.64757164381611e-05	0.000133430282677301	0.000406287714669085	0.00065215924679355	0.00151121039256988	0.00326529388394564	0.00590391520430575	0.0105304978148917	0.0179696108783161	0.0283561838939154	0.0429180753056528	0.0585609019287422	0.0745710366333591	0.0902768303561389	0.102474457096167	0.109457808295166	0.106867161907903	0.0957084923127666	0.0807388139697008	0.0624318793430433	0.0441654235661867	0.0293441676723912	0.0174508819141998	0.0089308336394234	0.004347728311957	0.00192799262385404	0.000656656896771437	0.000226381715553623	8.84537828984356e-05	3.44819831637969e-05	2.99843331859104e-06	
1.5008885260074e-06	1.35079967340666e-05	3.30195475721627e-05	6.90408721963402e-05	0.000289671485519427	0.000442762115172182	0.000807478026991979	0.00202019595600596	0.00376122664617454	0.00726580135440181	0.0123237956870467	0.0206342154555497	0.032666838768551	0.0466611233850439	0.062306385380145	0.0788356707170645	0.0925012607463618	0.10436578454445	0.108950998991403	0.10272681427405	0.091921917775323	0.0768499951971567	0.0580168459728159	0.0406800826089045	0.0262475385428173	0.0153976153883099	0.00790668075500696	0.00389930839056722	0.00157743384083377	0.000523810095576581	0.000201119062484991	7.80462033523846e-05	2.25133278901109e-05	
1.6547001758495e-05	1.6547001758495e-05	5.41538239368927e-05	0.000121846103858009	0.000308375941862861	0.000526495510497568	0.00111165766359344	0.00244293916870872	0.00466324595012132	0.00848259481055939	0.0146576350122523	0.0239615628191879	0.0360784809250677	0.0508820304073721	0.0662722463156596	0.0813089580954702	0.0963246100548608	0.105090008168202	0.10552173448681	0.100769736436347	0.0882722372900223	0.0724909104310795	0.0538544736323527	0.0373616256977946	0.0235027595886114	0.0136843704542754	0.00703097147447324	0.00326126361931065	0.00127261486251698	0.00043022204572087	0.000166974290472086	4.81367323883491e-05	1.20341830970873e-05	
1.50629178076827e-06	1.50629178076827e-05	3.46447109576702e-05	7.98334643807183e-05	0.000158160636980668	0.000396154738342055	0.000608541879430381	0.00159817557939513	0.00290111796975969	0.00562599980116949	0.0102066331064858	0.0169337321993969	0.0265950876812446	0.040275229634182	0.0547868446501035	0.0699235707550438	0.0856703450311953	0.0980626075115758	0.104896653320921	0.104140494846976	0.0976423521047415	0.0842047231285078	0.0679849732331951	0.049941103991372	0.0342545813864512	0.0208485845376136	0.0118153527283463	0.00616525225868453	0.00256370861086759	0.00109507412461853	0.000417242823272811	0.000103934132873011	4.97076287653529e-05	3.01258356153654e-06	
1.05331900819482e-05	1.35426729625049e-05	4.06280188875146e-05	0.000112855608020874	0.00019712112867646	0.000502583641052958	0.000865226328160032	0.00218789405416467	0.00368962601156243	0.00692331536672054	0.0119205616898848	0.0193208800931736	0.0298525654336815	0.0436013879735045	0.0578904126903874	0.0735337047035208	0.0893951842254945	0.098589154425595	0.105765266354282	0.102188495950741	0.0939455223408962	0.0804314394657566	0.0634820318824616	0.0463294842047291	0.0310593680687847	0.0191508443104221	0.0102442797254148	0.00507097865373793	0.00233535871531195	0.000905854347047547	0.0003400715655029	6.92181062528026e-05	3.46090531264013e-05	
9.06437519261797e-06	1.96394795840056e-05	5.43862511557078e-05	0.000107261773112646	0.000252291776194534	0.000546883969954618	0.00119347606702803	0.00237335557126714	0.0042527026945366	0.00822592048730081	0.0138745369615006	0.0221155647407891	0.0329988578887257	0.046199609627575	0.0614821462023289	0.0780518240544346	0.0906392197385834	0.101542152366104	0.104581739514029	0.100880452977043	0.0913145156904335	0.0768084939238472	0.0589531855235885	0.0423532930875075	0.027888061009288	0.016849162753878	0.00896768852389671	0.00460017041025362	0.00179323555893959	0.000728171473806977	0.00026739906818223	6.49613555470955e-05	1.05751043913876e-05	
7.5688080338356e-06	1.05963312473698e-05	4.23853249894794e-05	5.14678946300821e-05	0.000165000015137616	0.000326972507061698	0.000664541345370766	0.00141082581750696	0.00283224796626128	0.00538596379687741	0.00933385406732606	0.0159323409112239	0.0244396811412552	0.0363575262713327	0.0496513807019615	0.0653929876507328	0.0803050532389957	0.0937593663999419	0.101829229525617	0.104517670139236	0.0986321650121252	0.0874984483943531	0.0725757864748428	0.0550418857836592	0.0390717008322661	0.0254357362785079	0.0149877536686013	0.00801385394622513	0.00374050493032155	0.0015561469317566	0.000764449611417395	0.000211926624947397	3.93578017759451e-05	1.36238544609041e-05	
1.51227132567217e-05	1.05858992797052e-05	5.89785817012145e-05	0.00010434672147138	0.000190546187034693	0.000385629188046403	0.000799991531280576	0.00186009373057677	0.00364154935221858	0.00616250565211408	0.0111499764841809	0.0180474460005716	0.0279074550439542	0.0395368215383731	0.0534421563779287	0.0693376402820688	0.0836754847207667	0.0953729034248409	0.103015922704788	0.102391354647285	0.0952443603621587	0.083586260712552	0.0684212038587115	0.0509711050317804	0.0362188982498484	0.0227959779631822	0.0134561902558309	0.0067538037404519	0.00327709196273159	0.00139128961961839	0.000592810359663489	0.000133079876659151	4.5368139770165e-05	6.04908530268867e-06	
1.81431128743529e-05	4.83816343316077e-05	7.71082297159998e-05	0.000145144902994823	0.000267610914896705	0.000427875078620156	0.00104020513812957	0.00234499733901011	0.00410336736174948	0.00743867627848469	0.0128135734675117	0.0205032294740916	0.0303534278387924	0.0422583337365136	0.0570086845033625	0.0731500072572451	0.0875692462141371	0.0965954448691277	0.102003604431758	0.100874195655329	0.0935216991629977	0.0801925589046398	0.0641102012675988	0.0480112124437563	0.0329856911316464	0.0203822753882626	0.0113953868111665	0.00585417775412453	0.00265947796216556	0.0012458270840389	0.000420315448255842	0.00014363297692196	3.17504475301176e-05	4.53577821858822e-06	
1.5127494523847e-06	3.63059868572328e-05	6.65609759049267e-05	0.000140685699071777	0.000169427938667086	0.00032826663116748	0.000603587031501495	0.00139021674674154	0.002748665754983	0.00503140467863151	0.00907044571649865	0.0145677772264646	0.0227320860209849	0.0328917113432005	0.0460526315789474	0.0610288511575559	0.0762834166354032	0.089156914475197	0.0978022775955755	0.102304219965872	0.0997022909077707	0.0901341506214375	0.0769868451307621	0.0596340961624572	0.0440754680446806	0.0299463881594075	0.0177914463094964	0.00997960813738186	0.00531580157567983	0.00253990633055391	0.00100446563638344	0.000370623615834251	9.98414638573901e-05	1.21019956190776e-05	
3.03086787386134e-06	2.57623769278214e-05	7.42562629096028e-05	0.000125781016765246	0.000192460109990195	0.000347034371557124	0.00088198255129365	0.00180942812069522	0.00342639613140025	0.00622691804684812	0.0106110684263886	0.0166606807026158	0.0246106471357541	0.0360855129061931	0.050274520857675	0.0647378223517413	0.0789707778873942	0.0909730146678851	0.0988714563471677	0.101005187330366	0.0970195960762384	0.087281417597522	0.0732000054555622	0.0560786328361195	0.0405120954359676	0.0270474649063386	0.0160757232029606	0.00896379173694492	0.0046099500361431	0.00202916604155017	0.000891075154915234	0.000283386146206035	7.57716968465335e-05	1.66697733062374e-05	1.51543393693067e-06	
4.54945254920991e-06	3.48791362106093e-05	7.73406933365685e-05	0.000131934123927087	0.000259318795304965	0.00050043978041309	0.00114949501076704	0.00220951745473295	0.00402323253768463	0.00713960753389342	0.0116936095356525	0.0188271511328137	0.0280898365230051	0.0398259076157836	0.0543507931212277	0.0686057444420855	0.0813533104849716	0.0933047223317461	0.0990415819962998	0.1000985714719	0.0934533377816869	0.0834688059203542	0.0693093931030299	0.052794880349398	0.0369688514148797	0.0240044281338146	0.0144141821600801	0.0079994540656941	0.00396863910709411	0.00185162718752843	0.000709714597676746	0.000257802311121895	7.27912407873586e-05	1.51648418306997e-06	3.03296836613994e-06	
1.51812335663147e-06	1.51812335663147e-06	4.40255773423125e-05	6.37611809785216e-05	0.000177620432725882	0.000359795235521658	0.000651274919994899	0.0013845285012479	0.00260965405004949	0.00491416530541606	0.00825251856664865	0.0138376943956958	0.0207724818887884	0.0314038997552785	0.0437052533140633	0.0579710584963292	0.0726452388615289	0.0846885114496864	0.094563903884574	0.0988419755035615	0.0978764490487439	0.0910965101380278	0.0800870795557364	0.0653187755424255	0.0487120241442339	0.0332742277306485	0.0213311512840287	0.0129237841350037	0.00673439521001718	0.00342792253927385	0.00148017027271568	0.000561705641953643	0.000233790996921246	4.40255773423125e-05	7.59061678315733e-06	
4.56341781740853e-06	2.28170890870426e-05	2.73805069044512e-05	8.0620381440884e-05	0.000167325319971646	0.000447214946106036	0.000789471282411675	0.00156981572918853	0.00322633639690783	0.00545176315253072	0.00954667007401864	0.0160419347674634	0.0236400254334486	0.0337662495702782	0.0463704095819605	0.0619636082640454	0.076052400205658	0.0870046029674385	0.0955686170714418	0.0986474029589201	0.0970106571017429	0.0889957742751011	0.0770959017465721	0.0607588659602496	0.0450135533509177	0.0295937645458943	0.0192104678720174	0.0111788525133784	0.00603740177243148	0.00275021980462487	0.00123364394997277	0.000533919884636798	0.000177973294878933	1.67325319971646e-05	3.04227854493902e-06	
1.36574706364381e-05	3.49024249597863e-05	3.18674314850223e-05	0.000103189778141977	0.000238246987768976	0.000522018877659413	0.000956022944550669	0.00201068317703117	0.00381195180430362	0.00635375883941849	0.0113599805760418	0.0175331573037118	0.0265561929041853	0.0373076572885368	0.0502610094388297	0.0652356672433154	0.078167774439285	0.0889951136605056	0.096392910255243	0.098597833014659	0.0951349054599533	0.0855079061580018	0.0734255971349662	0.0562020091656803	0.040803969771465	0.028012989772072	0.017260007890983	0.0100109259765091	0.00511396400497739	0.00243709976023552	0.00107438769006647	0.000411241615830526	9.86372879298309e-05	2.12449543233482e-05	1.51749673738201e-06	
6.08022861659598e-06	1.520057154149e-05	2.88810859288309e-05	5.62421147035128e-05	0.000132244972410963	0.000334412573912779	0.00065058446197577	0.0012160457233192	0.00245033213248818	0.00440664568987794	0.00762460668521136	0.0126681563226777	0.0194704120874945	0.0294207062185538	0.0404061592715886	0.0546354142915774	0.0681137610774165	0.0813412984328211	0.0915758432517063	0.0967303570614255	0.0976013498107529	0.0929058932615866	0.0825223828415948	0.0684132123367839	0.0513095292382994	0.0382233571982307	0.0258379315062246	0.0153966589143752	0.00859440314955842	0.00447504826181464	0.00208399835833827	0.000912034292489398	0.000319212002371289	0.000107924057944579	1.3680514387341e-05	
3.05271737637258e-06	1.52635868818629e-05	1.37372281936766e-05	2.74744563873532e-05	9.46342386675499e-05	0.000221322009787012	0.000383116030734759	0.000750968474587654	0.00152330597080992	0.00308019183275993	0.00552389209254618	0.00894751463014803	0.0139219175949471	0.0222176770652396	0.0316154675084026	0.0441667150013585	0.0575299853164294	0.0710764186740827	0.0844351099130891	0.0927171321551879	0.0979555951730433	0.0968825650152483	0.0904291204815967	0.0780289824987713	0.0632690939840099	0.0483626750351826	0.0354618914026321	0.0234433430918532	0.0134823262927495	0.00776916572286821	0.00364952362345342	0.00187742118646914	0.000725020376888487	0.000299166302884513	8.85288039148048e-05	1.0684510817304e-05	
1.52167627858849e-06	4.56502883576548e-06	1.06517339501195e-05	1.97817916216504e-05	4.86936409148318e-05	0.000114125720894137	0.000246511557131336	0.000512804905884322	0.000920614148546038	0.0020360028607514	0.00360485110397614	0.00615213719433328	0.0101069738423848	0.0159623841623933	0.0243985574508879	0.0350883333079721	0.0472069631906508	0.0610146537425628	0.0744967055708569	0.0865392516396062	0.0942921922790146	0.0976733569700382	0.0948476041206994	0.0879848441042653	0.0736126116529969	0.0605581508589863	0.0448757551318532	0.0320708492475311	0.0205715416102378	0.0123910099365461	0.00678058949739033	0.00328682076175114	0.0015734132720605	0.000626930626778459	0.000301291903160522	5.78236985863627e-05	9.13005767153096e-06	
6.0828175610943e-06	1.52070439027357e-06	3.04140878054715e-06	3.19347921957451e-05	8.36387414650466e-05	0.000168798187320367	0.000328472148299092	0.000678234158062014	0.00126978816587843	0.00234492616980185	0.00415912650739823	0.00714122781672471	0.0112942715065618	0.0181024650618166	0.0273924481819979	0.0382411533022096	0.0502212624887848	0.0640794415973479	0.0774509953010234	0.0888973372466126	0.0962636293130978	0.0970741647531136	0.093290652230113	0.0829970042123512	0.0706275947018659	0.0562265241259752	0.0421007010447239	0.0286896090269013	0.0189373317720768	0.0109186575221643	0.00588512599035873	0.00284827932298241	0.00138992381271005	0.000538329354156845	0.000258519746346508	4.71418360984808e-05	1.0644930731915e-05	
1.51841841537854e-06	4.55525524613563e-06	1.51841841537854e-06	1.06289289076498e-05	4.09972972152206e-05	9.86971969996052e-05	0.000201949649245346	0.000393270369583042	0.000783503902335328	0.00148197637340946	0.00278174253697349	0.00481794163199611	0.00806583862249081	0.0132269428163625	0.0201433386984117	0.0303987366758784	0.040661726745422	0.0540799902821221	0.0675529168817759	0.0808572990373227	0.0914740805976495	0.095780315223663	0.0953171976069726	0.0902699747942543	0.0800327978377722	0.0671140939597315	0.0533754441373865	0.0388214036259832	0.02635367001731	0.0166297184852258	0.00962829117191533	0.00522032251207143	0.00245224574083634	0.00125421361110268	0.000464636035105834	0.000151841841537854	3.79604603844635e-05	1.6702602569164e-05	
4.5506602249543e-06	1.061820719156e-05	6.06754696660574e-06	2.27533011247715e-05	4.39897155078916e-05	0.000104665185173949	0.000226016124506064	0.000427762061145705	0.000984459495331781	0.00187183823919787	0.00331743130399169	0.00568984216793453	0.00955790335914569	0.0151036412866233	0.0229004391387117	0.0321018741135693	0.0438804996624927	0.057556750525222	0.0718731275929283	0.0836016958793772	0.0923586830389309	0.0955775167047152	0.0937178135594506	0.0874591388633968	0.0771367245864587	0.0640960492684814	0.0490955562802903	0.0356347033348755	0.024004732686634	0.0146167206425532	0.00886468611821098	0.00456886286585412	0.00215549605988669	0.000946537326790495	0.000333715083163316	0.000103148298432298	4.24728287662402e-05	1.51688674165143e-06	
4.54845928522478e-06	9.09691857044957e-06	1.21292247605994e-05	1.21292247605994e-05	2.27422964261239e-05	5.45815114226974e-05	0.000153131462602568	0.000254713719972588	0.000495782062089502	0.00122960016010577	0.00222116428428477	0.00403599953908946	0.00665742824047401	0.0109481414995361	0.0168929777853249	0.0248042646354258	0.034883650411484	0.0474768180191763	0.0609159990539205	0.0743112116489075	0.0855201314807964	0.0927415686726383	0.0954160627323505	0.0929765724023749	0.0847650872394491	0.0744218908248479	0.0607977391125046	0.045548271282241	0.0330248467169221	0.0214399209174546	0.0135346986797339	0.00762625006822689	0.00379493119697255	0.00178451219290319	0.000726237332540891	0.00031081138449036	0.000131905319271519	4.2452286662098e-05	
1.50878262365228e-06	4.52634787095684e-06	4.52634787095684e-06	6.03513049460912e-06	2.26317393547842e-05	4.22459134622638e-05	0.000131264088257748	0.000181053914838274	0.00034400243819272	0.000730250789847704	0.00144088740558793	0.00270222967896123	0.00474813891663372	0.0076450015540461	0.0125047903848301	0.0191600305377603	0.0272818074008805	0.0387455377753905	0.0510043965925653	0.063901470459545	0.0767306491084603	0.0865528239884367	0.0933951531866998	0.0955466772080279	0.0918154577797358	0.082845745082123	0.070505412003271	0.0567392793450676	0.042475248421059	0.0295042442055203	0.018809992969073	0.0118062240300791	0.00676085493658587	0.00330121638055119	0.00157818662434028	0.000642741397675871	0.000247440350278974	9.05269574191368e-05	4.8281043956873e-05	1.50878262365228e-06	
6.03233633894491e-06	1.50808408473623e-06	1.50808408473623e-06	1.20646726778898e-05	7.54042042368114e-06	3.16697657794608e-05	6.93718678978665e-05	0.000143267988049942	0.000180970090168347	0.000484094991200329	0.000965173814231186	0.00169659459532826	0.00314737148484451	0.00551506349788039	0.00860512778750492	0.0139211241862001	0.0211644520451882	0.0304361529981466	0.0422519918020549	0.0548113160597382	0.0674294555967263	0.0790643243104663	0.0880947318098668	0.0947574472962315	0.0951163713083987	0.0899496752340923	0.0789662988449584	0.0671685570500669	0.0527467489477343	0.0382284234639787	0.0265784739093913	0.0170730199232988	0.0106606463950004	0.00576389737186187	0.00286837592916831	0.0013361624990763	0.000461473729929286	0.000170413501575194	6.93718678978665e-05	4.22263543726144e-05	1.50808408473623e-06	
3.00320592232208e-06	6.00641184464416e-06	3.00320592232208e-06	6.00641184464416e-06	2.25240444174156e-05	4.95528977183143e-05	9.91057954366286e-05	0.000139649075387977	0.000277796547814792	0.000576615537085839	0.00101658520470602	0.0019926271294607	0.0036654128281941	0.00596436696173165	0.0099090779407017	0.0154244656170462	0.0235151023717819	0.0334542123717068	0.0456907749022081	0.0584574032779993	0.070922209458597	0.0814904910992484	0.0905076168810205	0.0949613712638241	0.0938832203377105	0.0871575406746702	0.0754885840634878	0.0630733307806083	0.0486954824274913	0.03532070485243	0.0240872130999842	0.0154289704259297	0.00937751049245069	0.00494628015406446	0.00247464167999339	0.00120578717781231	0.00043396325577554	0.00014415388427146	0.000109617016164756	1.65176325727714e-05	1.50160296116104e-06	
5.99404491637558e-06	1.19880898327512e-05	5.99404491637558e-06	1.19880898327512e-05	2.8471713352784e-05	5.6943426705568e-05	8.24181176001642e-05	0.000221779661905896	0.000355147161295253	0.000756748170692417	0.00121379409556606	0.00237963583180111	0.0042722555141467	0.00695159359176658	0.0114381362116737	0.0177004146380571	0.0259901787574045	0.0367045340454259	0.0495003214306586	0.0619349676096798	0.0738511289034344	0.0843826658215063	0.0916144810131135	0.0943702431634171	0.0913927013512076	0.0838057389983052	0.0727347380377595	0.0589094734381392	0.0457615359140694	0.0319302772695327	0.0217598815576725	0.0137833062852056	0.00791963184576124	0.00445057835040887	0.00211589785548058	0.000945560585558248	0.000398603986938976	0.000172328791345798	5.39464042473802e-05	1.94806459782206e-05	2.99702245818779e-06	1.4985112290939e-06	
5.97331421872783e-06	2.98665710936392e-06	8.95997132809175e-06	1.04532998827737e-05	7.46664277340979e-06	4.33065280857768e-05	7.0186442070052e-05	0.000147839526913514	0.00028223909683489	0.000492798423045046	0.000882557175817037	0.00159487489640033	0.00292095065295791	0.00492649090189578	0.00819837376520395	0.0130009183970611	0.0199702827617618	0.0287346280491902	0.0401152849644214	0.0535447886566763	0.0648403258442906	0.0767048212112388	0.0857917254664785	0.092156291766533	0.094105085530393	0.0889859552449432	0.0805844887963025	0.0695726840340778	0.0560685139140888	0.0414637606492993	0.0292184665009072	0.0193012715692643	0.0121960143060876	0.00705149743520821	0.00377364125768131	0.00184426076503222	0.000866130561715536	0.000313598996483211	0.000123946270038603	3.88265424217309e-05	2.53865854295933e-05	1.04532998827737e-05	1.49332855468196e-06	
1.49333970491607e-06	0	4.48001911474822e-06	8.96003822949645e-06	1.04533779344125e-05	1.64267367540768e-05	4.0320172032734e-05	9.85604205244609e-05	0.000168747386655516	0.000274774505704558	0.00056298906875336	0.00104533779344125	0.00204587539573502	0.003363001015471	0.00569410429484499	0.00968729466579057	0.0148199032315871	0.022010333910758	0.0318887760587779	0.0441714951317126	0.0557956513947793	0.0674302610357804	0.0792828982736993	0.0875276267845409	0.0925422615136491	0.0925810883459769	0.0867391434203453	0.077740278358521	0.066619377576011	0.0519801684487187	0.0376709873962129	0.0267576608326862	0.0178259960575832	0.0111895944089361	0.00641090735320471	0.0031957469685204	0.00160832686219461	0.000718296398064632	0.00023594767337674	0.000138880592557195	5.37602293769787e-05	1.79200764589929e-05	2.24000955737411e-05	1.49333970491607e-06	
1.49898968095504e-06	8.99393808573022e-06	2.84808039381457e-05	1.34909071285953e-05	6.74545356429766e-05	0.000121418164157358	0.00021135754501466	0.000394234286091175	0.000652060511215441	0.00123067052806408	0.00245084812836148	0.00375347016111141	0.00705874240761727	0.0110505519280005	0.0166507773760485	0.0242191762751905	0.0355260554386344	0.0476184051948986	0.0575597047589924	0.0718120986455129	0.0805886832275047	0.0892888193357677	0.0932236672482747	0.0894806900149299	0.0842222342141397	0.0753062435918191	0.0627132312821159	0.0481415525935519	0.0345277283111183	0.0251305620012112	0.0162640380383621	0.00999826117197009	0.00574262946773874	0.00255577740602834	0.00137157555807386	0.000535139316100948	0.000163389875224099	0.000152896947457414	8.54424118144371e-05	5.24646388334263e-05	2.54828245762356e-05	
