# <P(U)> as a function of N_tot.
# number_of_species: 1
# species_total_upper_bound: 557
# species_total_lower_bound: 536
# volume: 729
# Bin widths for each
10	10	10	10	10	10	10	10	10	10	10	10	10	10	10	10	10	10	10	10	10	10	
# Bin lower bound for each
-3120	-3120	-3140	-3150	-3150	-3170	-3180	-3190	-3210	-3210	-3220	-3230	-3240	-3250	-3280	-3280	-3280	-3300	-3310	-3310	-3330	-3340	
# Bin upper bound for each
-2950	-2960	-2970	-2980	-3000	-3010	-3020	-3030	-3040	-3050	-3070	-3070	-3080	-3080	-3110	-3110	-3120	-3140	-3150	-3160	-3170	-3180	
# Normalized histogram for each
1.37501944186497e-07	2.53205786044605e-05	0.000258406594874718	0.00203581132178957	0.0100200174117094	0.0361196658552313	0.0897662273232855	0.164842466792805	0.220369411833533	0.212029467993129	0.150269422320483	0.0761122276471188	0.0285111454081402	0.00790674598733233	0.00146023424968714	0.00022022958448882	4.81175921156159e-05	4.94400372847037e-06	
1.43030418728028e-05	0.000345439581305562	0.0022279397830983	0.0111514998850401	0.036913483274457	0.0927342277313552	0.170307317983121	0.223845586372917	0.21126225842133	0.144748368263833	0.0719093989344414	0.0259961191524352	0.00693198531108118	0.00132814566565466	0.000263319869934115	1.98326621305375e-05	7.74065993681431e-07	
3.34113491071377e-06	3.98001408620837e-05	0.000344286713278016	0.00249612741325218	0.0114447518448185	0.0386505216022617	0.098058075746574	0.173534851080671	0.224930152322792	0.209479533642091	0.140249301449345	0.0680615861136621	0.0252002904685823	0.00625391498201466	0.00103454712564277	0.000191885400418868	2.39851619788156e-05	3.04765684423216e-06	
1.36557040915686e-07	2.82859288842174e-05	0.000315376416948703	0.00250068839749206	0.01200273076839	0.0410985111837578	0.101987855671994	0.178018704859298	0.225713512866461	0.205504775704905	0.136520588461946	0.0660205146125189	0.0231919912440453	0.00579291313028329	0.00109589921999342	0.000161836645853684	4.42320669802354e-05	1.44626320606158e-06	
4.47744653858433e-05	0.000428537419883458	0.00298314334306359	0.0133870582696269	0.0440238396733799	0.10612465270821	0.182050241605956	0.225808373560943	0.201280285214241	0.13201165494457	0.0637918297620634	0.0217364541425651	0.00510546551792639	0.00107601811653509	0.00013547274302115	1.21985126287636e-05	
1.53963219697475e-06	3.82238525676352e-05	0.000582370017301927	0.003638670300378	0.0151697477090185	0.047837522945357	0.111574744812948	0.185976984423195	0.225605705843812	0.198645295426706	0.126040032154722	0.0587786397844126	0.0200825898856781	0.00502191808186164	0.000881342171056676	9.81867323250819e-05	2.6486226463817e-05	
3.11904979880685e-06	6.72287254914783e-05	0.000609685532530926	0.00383990924060173	0.0161366867464437	0.0514322173337397	0.115812126098232	0.190059728565929	0.223921292511133	0.195650126117293	0.121239972058925	0.0566564751576966	0.0188337942939624	0.00471180536832203	0.000864570898993079	0.00015166792219423	9.59437871312874e-06	
1.68631892553665e-05	0.000124157683438532	0.000738892701034438	0.00370161358002854	0.0168949866419893	0.0535984997730285	0.119427785002949	0.191519693163893	0.224603273336075	0.192163478716709	0.12037063864925	0.0541906982173048	0.0177312913680597	0.00400501880730948	0.000782660576931527	0.000117870904737572	1.25776880055336e-05	
1.54319759927903e-06	2.54480432447866e-05	0.000134237166646822	0.000736391187926264	0.00399804023155667	0.0176046342215497	0.0561644054098335	0.123018780269064	0.195910093677897	0.223953725903853	0.188816411676881	0.116930138292539	0.0516225856547412	0.016620322242197	0.00370466449177003	0.000672081476527426	7.64282276961735e-05	1.00686284781298e-05	
3.22437968399399e-06	9.40858528140929e-05	0.000820601495053122	0.00458603752319511	0.0190950147123869	0.0586993159955993	0.128904219661478	0.198961919841888	0.224586758965089	0.186446902810706	0.111071989473485	0.0476207256338799	0.0149149460254514	0.00349195095570969	0.000583293001421414	0.000103313889550656	1.56997826091036e-05	
1.09198851357825e-05	0.000111843576013711	0.000842908262319427	0.00522916954980466	0.0221739516078595	0.0616756380772486	0.131885318168693	0.202300461346434	0.22535071294458	0.182824442844673	0.105993765269542	0.0446093774950233	0.0134794567269819	0.00303463233669906	0.000453755326042986	2.36465829492106e-05	
8.90549531336734e-07	0.000124209760862507	0.00113727763463104	0.00602860737912345	0.0226734223517746	0.0652192322509505	0.13647787109759	0.205474749806992	0.224747795434207	0.178452803292045	0.101348693259132	0.0426020125426664	0.0126258254200152	0.00265615052944963	0.000385587091107885	4.06712093925004e-05	4.20039052953673e-06	
1.22879306223605e-05	0.000182200278201101	0.00119133713153857	0.00645932333381351	0.0253910033382603	0.0708602039425242	0.145648192833865	0.211573772136932	0.22115911814385	0.166956039873604	0.0960126908202027	0.0394523876578883	0.0120233978493366	0.00256954445886267	0.00043810084295624	5.41597051508107e-05	1.62397223912058e-05	
1.05802702592682e-05	0.000133404878771769	0.00136864878805986	0.00764440492860245	0.0282064718149139	0.0761816192485903	0.151619682142416	0.215541375690642	0.218366485491822	0.164044408822345	0.0887256430753505	0.0349998871867845	0.0104984957458992	0.00216882428646878	0.000422713835853255	4.5266976793851e-05	2.12345579998626e-05	8.52258427840316e-07	
3.03142281631838e-06	1.34544473290117e-05	4.81436418006243e-05	0.000263108488048528	0.00153166704337288	0.00847325771952243	0.0315890988379333	0.0806903322501514	0.155861698370709	0.218126510395856	0.218136823570901	0.158312568861621	0.0827513575419056	0.03266231335197	0.00932537060453673	0.00190373775362748	0.00025646259524007	5.10631026592668e-05	
2.60114822958255e-06	5.32966005516206e-05	0.000237460912279405	0.00162292038549241	0.00840050410726801	0.0331214397470531	0.0854968329856576	0.161074222756167	0.219765104763788	0.212728740196481	0.154474469647157	0.0808250867182844	0.0318214862873489	0.00849906973823438	0.00153917504978273	0.00029871396623916	3.82349394277163e-05	6.40050558563394e-07	
4.31640409277478e-05	0.0002828625495175	0.00175799201734012	0.00926818069349514	0.0343702232587497	0.0867678266668154	0.16453068630936	0.220213703840182	0.215527695958967	0.152445407202854	0.0766589822424071	0.028004344837997	0.00802730910804558	0.0017225648861162	0.00030551008031158	6.50048281861005e-05	8.54147872867474e-06	
3.23105533913484e-07	2.8448466439e-05	0.000369190358119722	0.00216810535585848	0.0109013530224218	0.0369324956512272	0.0929082503150528	0.169712647589675	0.223575981642644	0.211941510837747	0.143914737281004	0.0718490209462118	0.0266933788637171	0.00716163415919238	0.00162930844586286	0.000200425181728105	1.31887775655155e-05	
7.82239259369906e-06	5.82031610363012e-05	0.000366948699655376	0.00227425102788771	0.0115464587560656	0.0398749356398289	0.0986605557995413	0.172671645387161	0.222341678868163	0.209506404199174	0.141594459109932	0.069156812660816	0.0243952340678773	0.00624042769510293	0.00111358160305155	0.000182409951956544	8.17098015603038e-06	
3.36291816261035e-05	0.000419316736109494	0.00279678893454077	0.0133345712707655	0.0426942851367268	0.101803713149711	0.17699728062966	0.223031710013914	0.204500851351302	0.138307775414748	0.0673384304353224	0.0224765956693134	0.00532172042429187	0.000839451289714525	9.85634522636497e-05	5.31690999108757e-06	
5.24099475084895e-08	6.8063051831025e-05	0.000550114462779422	0.00285904125150937	0.013668911752316	0.0455280540785929	0.107872287483586	0.180736439906039	0.219056481840112	0.201486123369064	0.135453821611628	0.0644616586130229	0.021957097282482	0.00527200178604366	0.000932263778785386	9.06211667378041e-05	6.9661555230034e-06	
2.80008109474079e-06	0.000103675473192567	0.000499319245382318	0.00310862806996087	0.0149977152985373	0.0475733448575155	0.110462230688887	0.186791896688296	0.227006547171577	0.198435657282416	0.126710297493683	0.0587541389453605	0.0198042949752127	0.00480987828201211	0.000853150669365974	8.47249635717685e-05	1.69981393516029e-06	
