# <P(U)> as a function of N_tot.
# number_of_species: 1
# species_total_upper_bound: 189
# species_total_lower_bound: 145
# volume: 729
# Bin widths for each
10	10	10	10	10	10	10	10	10	10	10	10	10	10	10	10	10	10	10	10	10	10	10	10	10	10	10	10	10	10	10	10	10	10	10	10	10	10	10	10	10	10	10	10	10	
# Bin lower bound for each
-440	-450	-460	-460	-460	-470	-470	-470	-480	-480	-500	-500	-500	-520	-530	-530	-540	-540	-540	-540	-540	-560	-570	-570	-580	-580	-570	-580	-580	-590	-590	-600	-600	-610	-610	-610	-610	-620	-620	-620	-620	-630	-630	-630	-630	
# Bin upper bound for each
-260	-260	-260	-260	-260	-260	-270	-270	-270	-270	-280	-290	-290	-300	-300	-300	-300	-300	-300	-310	-310	-320	-330	-330	-330	-350	-350	-350	-360	-360	-360	-370	-370	-370	-380	-380	-390	-400	-400	-410	-410	-410	-410	-420	-420	
# Normalized histogram for each
7.61742598214386e-05	0.000709092742161333	0.00149211932473759	0.00396554234952783	0.00916107495323125	0.0181574790800838	0.0396677458020141	0.0648410982535931	0.0962204124612127	0.132363978536782	0.157713203911772	0.154090445731441	0.135605865418006	0.0946319551019951	0.0577143241214755	0.0238234997591549	0.00723655468303666	0.00208246983835374	0.000446963671599323	
2.25716820191724e-06	0.000311489211864579	0.00105071179799247	0.00277067396785341	0.00537431748876495	0.0123478386485883	0.024737434908912	0.0490493936117626	0.0762663277904806	0.110924016946819	0.142939690722813	0.160097554809687	0.14725652490898	0.122432189024294	0.0785517105949218	0.043364715495234	0.0162493538856022	0.00476713924244921	0.00128432870689091	0.000222331067888848	
2.25700772686595e-06	1.12850386343298e-05	0.000300182027673172	0.00156862037017184	0.00375227534591465	0.00775959256496515	0.0163768480661394	0.0332750649171847	0.0602824193768627	0.0898514776065336	0.123878126096765	0.14926720601628	0.156728873561299	0.14156855265994	0.105165275033319	0.0644985098106483	0.0314243185811547	0.0107760833919215	0.0027512924190496	0.000683873341240384	7.78667665768754e-05	
4.04387151272247e-05	6.29046679756829e-05	0.000708800812368855	0.00204664830449454	0.00553898067478736	0.0106241491020359	0.0230107522050333	0.0454441294218612	0.0732828148940281	0.102395319892703	0.136612089378547	0.15099029920156	0.152667382581697	0.128006506139945	0.0867331808644	0.0509730004178667	0.0219784416716466	0.00703745972977952	0.00143220449408921	0.000394277472490441	2.02193575636123e-05	
7.32056176864772e-05	0.000268045184759717	0.000841301483258438	0.00334380736786386	0.00792197407394894	0.0146523859400164	0.0304636731200234	0.0551384712414546	0.0856336790890969	0.115762858848307	0.148370893446408	0.151764255386244	0.143951526618689	0.111761327161537	0.0710229640391481	0.0387640639253978	0.0149970154632789	0.00420988613710849	0.000877341171965627	0.000164431079726549	1.68936040814947e-05	
3.2329628432236e-05	0.000144925920558299	0.00054514442425391	0.00144368513171537	0.0052229072139664	0.0106409070132997	0.019634117791329	0.0398914170410586	0.0664173197623215	0.0983578778385971	0.12887147300476	0.152159953623705	0.151700649937013	0.132224835843525	0.0958763001527296	0.0562992608778052	0.0278202026733258	0.0100556292571989	0.00217277399360096	0.000406907392336763	7.46925898262004e-05	6.68888864115227e-06	
8.1444399693412e-05	0.000338050042563066	0.000740809334197611	0.0027300609047915	0.00662042558603708	0.0141345082152854	0.0271421829553607	0.0509719217642865	0.0792264343976517	0.112867434177863	0.142143906675875	0.150996801354878	0.146623348659012	0.116172068587341	0.0791717662389534	0.0426634773188504	0.0197485934105902	0.00618977437669932	0.00122278167210931	0.000182970980133145	3.12389478276101e-05	
0.000112940145077767	0.000465179211409415	0.00143132065049051	0.00400210672508244	0.0094321794428808	0.0201983944607891	0.034876140443866	0.062736573261812	0.0931644374965755	0.12494870169153	0.14876006257555	0.148549837355009	0.13525532859432	0.103321223018767	0.0631380139755043	0.031939696671844	0.0133772569857953	0.00355705546032055	0.000574764698712594	0.000101757952495809	5.70291821679811e-05	
2.55315558930161e-05	0.000278626979528132	0.000860302426829891	0.00230894070684668	0.00528281193455929	0.0131787231113864	0.0272088681084225	0.0452940902218581	0.073657428683704	0.108626779715956	0.132288981690544	0.152115899942943	0.146192578975763	0.122453782333495	0.0880894181691432	0.0487919133792013	0.0222923784975456	0.00850533831531694	0.00213466008618565	0.000295277994240969	7.10443294414362e-05	4.66228411959425e-05	
0.000108728792280928	0.000450607984504466	0.0013832095842749	0.00356114817604649	0.00810646005954302	0.0185253685569784	0.0348716776068008	0.0550941120556691	0.0886251748628	0.119890867678181	0.140130115857814	0.152085799347179	0.139162765881129	0.108124618888769	0.0714404211054916	0.0362268643064672	0.0153699917500628	0.00552275009864055	0.00101779116898024	0.000240996807632985	3.25065461458445e-05	2.80228846084867e-05	
5.62996492531851e-06	5.96776282083763e-05	0.000337797895519111	0.000778061152679019	0.00197724368177186	0.00560406708666205	0.0120965426385394	0.0248427832294605	0.0431728230333125	0.0679345347678484	0.102527291254975	0.129052308004121	0.147190929000512	0.147026534024693	0.127311522849213	0.0916547029912004	0.0561645300949775	0.027414551207346	0.0108421864531784	0.00343540459742936	0.000478547018652074	8.55754668648414e-05	6.75595791038222e-06	
1.46376945405903e-05	0.000170022451971472	0.000587759734629858	0.00134328996822494	0.00346237774710117	0.00758682967803828	0.0169954893381285	0.032094834244999	0.0521946408022357	0.084890746499902	0.115951934315035	0.136057370754787	0.146238450296019	0.139505110807348	0.113167394422813	0.077535867981507	0.0429053346514765	0.0200919247217149	0.00684481116248066	0.00206278895372011	0.000260100572221259	3.82832011061593e-05	
5.0596419347621e-05	0.00023499225874784	0.0010153014815756	0.00215203436958548	0.00529126109888677	0.0108388773891348	0.0227807567200478	0.0404793842078456	0.0661014109654809	0.0974678178663827	0.126063789716784	0.143196861672763	0.142319857070737	0.131627147115273	0.0984842437128327	0.0610451421253419	0.0318172772155329	0.0135935713313942	0.00432205857716123	0.000961331967604799	0.000154037987791646	2.24872974878316e-06	
1.13539210198546e-06	0	7.26650945270694e-05	0.000546123601055006	0.00138744914862623	0.00353447561348074	0.00711550230314288	0.0145716222368814	0.0295667457278034	0.0498686919034054	0.0799668011349379	0.110639418770075	0.13522633473857	0.143107091318451	0.138243071553546	0.120647900149077	0.0815552146856156	0.0473049765371222	0.0247015905707957	0.0086596355618431	0.00280555388400607	0.000388304098879027	8.96959760568514e-05	
2.84150968272839e-05	2.27320774618272e-06	1.13660387309136e-06	0.000294380403130662	0.000830857431229783	0.00174696015294142	0.00488057703105429	0.00940198723821171	0.0209987565553628	0.038106918053134	0.0624893443386898	0.0915443491465242	0.120242460338208	0.139768178274044	0.143605352949601	0.133241798834754	0.106036048528439	0.0667231937659551	0.0351153766591575	0.0176957857001594	0.00534317480740247	0.00163784618112465	0.000193222658425531	7.16060440047555e-05	
0.000104075767158491	0	3.43106924698323e-05	0.000578707012991172	0.00129923155485765	0.00242462226786815	0.00630744896570418	0.0139919003891976	0.0285442087554025	0.0454502306250379	0.0728793418751708	0.103693774782327	0.130201072094771	0.14441827936452	0.141322311213992	0.122516620671277	0.0894033713686421	0.0526749187694356	0.0271546257103743	0.0124639308845411	0.00359919164008541	0.000752547854838322	0.000118943733895419	6.63340054416758e-05	
1.0360022285559e-05	0.000138133630474121	6.21601337133543e-05	0.000142738084823258	0.000642321381704661	0.00170595033635539	0.00445826292355224	0.00939078464506564	0.0203401770873143	0.0372396756622356	0.0550669717885082	0.0845884308480024	0.116942780445803	0.13908329918363	0.144049203199175	0.131999346167482	0.10864900704942	0.0745737426386286	0.0398952947081006	0.0200512475769059	0.00840428030076296	0.00212725790930146	0.000330369599550605	6.100902012607e-05	4.71956570786579e-05	
1.73287600810062e-05	4.85205282268173e-05	0.000106283061830171	0.00019754786492347	0.0010316388501559	0.00259353775879059	0.00717179617219242	0.0132484147072653	0.0268445598668227	0.04708570689211	0.0683631137702414	0.097582869018834	0.129887143561846	0.141807019996234	0.139606267465946	0.120491489845924	0.0933003547774814	0.0593510032774462	0.031413576274848	0.0142118937677692	0.00446735434888339	0.00107553837569445	3.58127708340794e-05	3.58127708340794e-05	2.54155147854757e-05	
2.08595284587706e-05	6.95317615292352e-05	0.00023061367573863	0.000490198918781108	0.00154012851787256	0.00426113811904996	0.00953743995642676	0.0192429150032158	0.0351877067845616	0.058808805038735	0.0811041643730843	0.110523052676104	0.137319434706779	0.14192011959463	0.133337582496538	0.106966503073883	0.0772567402351332	0.0466674006130384	0.0229686585584907	0.00943314231413291	0.00268856144579709	0.000377789237642178	6.95317615292352e-06	3.94013315332333e-05	1.15886269215392e-06	
1.83997930023287e-05	9.19989650116436e-05	0.000150648305206566	0.000810740879165109	0.00290601730730529	0.00634217865049018	0.0129868038984561	0.0242210275134405	0.0448736451714918	0.0710485007043671	0.0939171434321364	0.121750280309347	0.141771555070005	0.139018486042032	0.122503521835379	0.0935813472098439	0.064248627202944	0.0356403990455107	0.0162113676221142	0.00617888048759451	0.00150303309087773	0.00020124773596297	1.37998447517465e-05	1.03498835638099e-05	
5.50111110983771e-05	7.9078472203917e-05	0.000225774768466256	0.00160792893481298	0.00382098009170811	0.00913528263677424	0.0177834877273649	0.0319236354092769	0.0553870203575493	0.0806187833146716	0.106510679604974	0.130990624043752	0.143036911309482	0.135211580755738	0.109181010622875	0.0805018847035875	0.0523235891082584	0.0257646830958878	0.0109174134233987	0.00401466504536698	0.000760987036860883	0.000124921064785898	2.06291666618914e-05	3.43819444364857e-06	
1.02679009444187e-05	0	4.33533595431012e-05	0.000180258705468684	0.000609228789368844	0.0023182638576732	0.00492973333120369	0.0120613609760438	0.0229852667030226	0.0413830634396555	0.0664219103315619	0.0930865082063346	0.120058002231557	0.139525942422175	0.138276681140604	0.125559315382	0.0959341394015867	0.0670665063352949	0.0406939731984968	0.0185769145642189	0.00745221432988256	0.00250194519679003	0.000263542790906747	5.13395047220936e-05	1.02679009444187e-05	
3.43438830109969e-06	4.57918440146626e-05	2.74751064087975e-05	0.000127072367140689	0.000357176383314368	0.0011196105861585	0.00304859201527616	0.00734157739165077	0.0176710726052583	0.0305900965978949	0.0519886253059468	0.0805890662814046	0.104673286640916	0.129147882470653	0.1402249295378	0.133922827005282	0.114592944850593	0.0814842968318913	0.0528861454486341	0.0305580423070847	0.0134605125481101	0.00460551471177469	0.00137604491264061	0.000136230735943621	2.17511259069647e-05	
3.79258905114019e-05	3.10302740547834e-05	4.02244293302747e-05	0.000258585617123195	0.000747025116133674	0.00211005863572527	0.0045534054001871	0.0108582973803553	0.0238668778257662	0.0386257955817487	0.0637637653743515	0.0912140652187405	0.116442827294689	0.136050512689084	0.13921789918149	0.126252990973638	0.100821957481629	0.0688182522370529	0.0420885443123806	0.0217234903771672	0.00871031285411864	0.00307084786201412	0.000659680641016506	1.95375799604192e-05	1.60897717321099e-05	
1.16313828667404e-06	2.32627657334808e-06	3.37310103135472e-05	0.000130271488107493	0.000523412229003318	0.00128643094506149	0.00316955183118676	0.00644145983160084	0.0153371414480839	0.0296425792358879	0.0483702687896267	0.0758087009722673	0.104039230328133	0.127037963670539	0.139745249452453	0.132992068560023	0.116448752708658	0.0873214437337669	0.0570786851419552	0.0319909554366828	0.0144950293285319	0.00581452829508353	0.00205177593769301	0.000229138242474786	3.48941486002212e-06	4.65255314669616e-06	
4.62185165242751e-06	6.93277747864127e-06	8.66597184830159e-05	0.000243802674665551	0.000633193676382569	0.00185567343844965	0.00446239777041876	0.0102350904843007	0.0204828910606456	0.0369967670147691	0.0611586519907471	0.0902705400864748	0.11551740473786	0.135305862587729	0.135922879783328	0.126379911583978	0.103804477187696	0.0735070841431203	0.0454663101678425	0.0231670314077929	0.00936618237364435	0.00402909917800368	0.00103645023305687	6.00840714815577e-05	
2.6634334900127e-05	0.000106537339600508	0.000453941707863035	0.000783975857712435	0.0025893205581167	0.00646519529336562	0.0149024893839015	0.0260113230663762	0.0474484886172959	0.0754608608448643	0.101836958497916	0.1238878717661	0.140211245016195	0.133024606651404	0.117250132303164	0.0906215874758409	0.057459524496061	0.0356865347224876	0.0163291633228996	0.00644782507495249	0.00252910380095119	0.000433097445767283	3.35824222653776e-05	
1.7463039476947e-05	3.14334710585047e-05	0.00015483895002893	0.000417948744814933	0.00128062289497612	0.00417483063762214	0.00892361317271994	0.0205295492090989	0.0352287716381612	0.0586490359820107	0.0884677579902137	0.112580722899982	0.130410486205945	0.141747491434379	0.128063453700243	0.105177558364388	0.0754030760561937	0.0464318935639386	0.0255519193626689	0.0110494471783803	0.00419345787973088	0.00136677388972906	0.000144361126342762	3.49260789538941e-06	
9.2997627398031e-06	5.34736357538678e-05	0.000198782428563291	0.000638196218018988	0.00192272594645429	0.00604484578087202	0.0133323723578502	0.0286583813530457	0.045673459755858	0.0724811883236829	0.0985856223343102	0.121654846280734	0.137383070014426	0.138517641068682	0.117481577751248	0.0904367052335577	0.0607216383392019	0.0362063012867384	0.0192574836934473	0.00738866149677356	0.0027771416481737	0.000556823294045711	1.97619958220816e-05	
2.32491365851901e-06	5.57979278044562e-05	0.000104621114633355	0.000385935667314155	0.00126475303023434	0.00290730452997802	0.0089044193121278	0.0193490939230244	0.0375613050670331	0.0550818543976323	0.0846861424683841	0.110763536519163	0.129510477804631	0.137591877681643	0.13200743507388	0.10659147895895	0.0757270876852811	0.0497729140584042	0.0279535993732033	0.0131392495411202	0.00498577734069401	0.0014007604792577	0.000249928218290793	2.32491365851901e-06	
4.42311005163399e-05	9.66100353383214e-05	0.000211843691946681	0.000682090129015136	0.00236869183028294	0.00512265982558979	0.0129108254454537	0.026486281374982	0.0459712451287591	0.0688072967348136	0.0974748697510487	0.119854642635987	0.135290132739861	0.136288824430466	0.120792807557466	0.0918912752990255	0.0636473896666837	0.0381225527397675	0.0215766292176682	0.00871003487273083	0.00272836051606055	0.000808963548917269	0.000104757869643963	6.98385797626419e-06	
3.27055808569563e-05	7.82597827648597e-05	0.000213754332029393	0.000324719695651209	0.00128369404863553	0.00363031947512215	0.00760404754924234	0.0184319309258132	0.0338280831142254	0.0550972231793796	0.0820127481681955	0.108659620171401	0.126511027037003	0.138488277969404	0.131749760256412	0.109401336022978	0.0793122016345782	0.0505511474402627	0.0303986693500817	0.0145656640459373	0.00568142661743698	0.00179179860837753	0.000336400260242979	1.51847339693011e-05	
0.000112268358800319	7.71844966752193e-05	0.000340313462613467	0.000774183890893867	0.0024851069005279	0.00564967126421189	0.0111145675212316	0.024106121666156	0.04398814633245	0.0649788210418971	0.0939241767571752	0.117397619443009	0.133066072268078	0.134734894643162	0.126524101443818	0.0962642703609194	0.0641929425302949	0.0418410139703939	0.0241505612248478	0.0099474443745366	0.00297160312199594	0.00117530938119084	0.000162555227846295	2.10503172750598e-05	
3.54648076802588e-06	6.38366538244657e-05	0.000247071493505803	0.000483503544707528	0.000990650294535228	0.00333723840271235	0.00799376765113032	0.0155891472959857	0.0328108579055194	0.0535104839882304	0.0768285950380005	0.105735959778179	0.125090287489553	0.134936500261849	0.130744559994042	0.116974757332053	0.0833517553306561	0.0533012416229169	0.0320578218224419	0.0166128980776892	0.00698893143352299	0.00185717376218955	0.000436217134467183	3.54648076802588e-05	1.77324038401294e-05	
4.48296120822883e-05	4.9548518617266e-05	0.00024774259308633	0.000575706597267281	0.00152302708416406	0.00486637236419577	0.0109844346867944	0.0236782932658844	0.041872037411491	0.0641818477822319	0.0902797603739262	0.11416568552735	0.131717658384199	0.13282070278675	0.125118267595033	0.104399908453213	0.0691319807374235	0.0433407970705028	0.0241619811857196	0.0113572283030576	0.00413730130454171	0.00109596604274857	0.000239484506650119	9.43781306995543e-06	
2.3481206229564e-05	0.000158498142049557	0.000388613963099284	0.000612859482591621	0.00279308948100664	0.00739775402262414	0.0157511931387915	0.0321352047854698	0.0522515541623373	0.0753511907906709	0.100557091617796	0.124129874551656	0.133745428502662	0.127836382954992	0.118501429418429	0.0889268501722933	0.0565063487311343	0.0349670382567552	0.0170039154911388	0.00766074353239526	0.00242326048289101	0.000790142589624829	7.51398599346048e-05	1.29146634262602e-05	
0.000171717433083128	0.000355196334185648	0.000564550464930831	0.00125377249086722	0.00394832481411	0.0111522239759878	0.0225067452019091	0.0402242206263217	0.063889470428141	0.087132483528064	0.111924481966141	0.128478748203436	0.133685550095621	0.122961443555539	0.105899081899806	0.0756579953283449	0.0473093289612036	0.0244967855907903	0.0119931689393743	0.0045211083066544	0.00150076331927446	0.000352844040581769	1.99944956329669e-05	
4.3262962811391e-05	0.000142650850351073	0.00050512432255462	0.000905014411243693	0.00198191140446778	0.00672797535180389	0.0156342993446246	0.0307202114038831	0.0493244546820465	0.0739492654065842	0.101091512859039	0.120131893573111	0.133379714347519	0.129870737282735	0.116711780972481	0.0927031751506896	0.0612837407262331	0.0356580355107076	0.0174302969359299	0.00819423901033049	0.00267879588651072	0.000671160558209147	0.000260747046133519	
8.25342429924359e-05	0.000308050343563317	0.000645162040292985	0.00126475008979958	0.00352107354963505	0.0103749030803872	0.0224725631764756	0.0404196924378872	0.061648429698843	0.0841547040449916	0.112475573932664	0.126187882810675	0.136290771625425	0.12173219614321	0.106380826946617	0.0785191264389729	0.0477024675413747	0.0264783800969254	0.0120685987429221	0.00561930324824557	0.00122987646599996	0.000345248875616246	7.78844264858198e-05	
0.000181495804654669	0.000480498508476785	0.00135656479632913	0.00208836518817392	0.00585091283082264	0.0158320186521842	0.030541322871729	0.0490492412079244	0.0736349421307607	0.0955168209381006	0.120252604930171	0.131651937584058	0.131257533239328	0.114933381732215	0.094063691066218	0.0646683513200329	0.036545809075721	0.0191396633485511	0.00849190947547713	0.00346470837347183	0.000757395954039678	0.000240830971561004	
0.000257950657890897	0.000768015985937604	0.00168543325789347	0.00344790155389009	0.00939944184613302	0.0222736307897375	0.0384369824208377	0.0602834189083668	0.0815567614003102	0.107245612212621	0.128628671273984	0.136013530153965	0.125506417835712	0.106143777728237	0.0798012962895957	0.0505501585637868	0.0267650069506614	0.0134881348533358	0.00556169631153903	0.00177180587637277	0.000326815313164938	8.75398160263226e-05	
1.29144814776985e-05	0.000696207956025017	0.00149338367633022	0.00298676735266044	0.00548395845293904	0.0147225088845762	0.0292524745907577	0.0505907201232276	0.070057539885202	0.090597435653596	0.115737234915592	0.13489175903456	0.132891188449288	0.116942977868101	0.0949413976051855	0.0662583342432173	0.0381035905780639	0.0200209684217447	0.00944166000396827	0.00371467449049435	0.00102846234313308	0.000104489895592287	2.93510942674965e-05	
4.3429778742884e-05	0.000920241798227595	0.002011855155819	0.00419156053759023	0.00792182639826281	0.0208298609073302	0.0372967897177064	0.0621362756030283	0.0799753506661189	0.0979376723986149	0.124764364105875	0.136444627032103	0.127906567286813	0.107830271729562	0.0810622689124949	0.0551558190034626	0.0294629966547333	0.0145536709900816	0.00667057925934621	0.00236633605258525	0.000381477786255062	0.00012911555842479	7.04266682317037e-06	
0.000133478520495978	0.00147411804653014	0.00268244991628321	0.00506867118620254	0.013155830318358	0.027662837940684	0.0499841933330992	0.0733136628145234	0.0897233247860246	0.112134836722985	0.130499841933331	0.133263081480441	0.120020607210182	0.0923296685283408	0.0683445150865854	0.042160478649291	0.0211106817942323	0.01085156954348	0.00438254475628461	0.00139449927991851	0.00022246420082663	8.6643951900898e-05	
0.000580466428718255	0.00196797974323996	0.00389508156896455	0.00712326911217835	0.016869732588343	0.0357039410984247	0.0592753162782875	0.0839936090295816	0.100960280679461	0.12252746996057	0.135884037523592	0.130815175751686	0.108411741072263	0.0797002597499673	0.0565668622577691	0.0306923084110403	0.0145875768504849	0.00713494851718274	0.00250873619494328	0.000665726085250313	9.69390615364491e-05	3.85420365144918e-05	
