# <P(U)> as a function of N_tot.
# number_of_species: 1
# species_total_upper_bound: 189
# species_total_lower_bound: 145
# volume: 729
# Bin widths for each
10	10	10	10	10	10	10	10	10	10	10	10	10	10	10	10	10	10	10	10	10	10	10	10	10	10	10	10	10	10	10	10	10	10	10	10	10	10	10	10	10	10	10	10	10	
# Bin lower bound for each
-440	-450	-460	-460	-460	-470	-470	-470	-480	-480	-500	-500	-500	-520	-530	-530	-540	-540	-540	-540	-540	-560	-570	-570	-580	-580	-570	-580	-580	-590	-590	-600	-600	-610	-610	-610	-610	-620	-620	-620	-620	-630	-630	-630	-630	
# Bin upper bound for each
-260	-260	-260	-260	-260	-260	-270	-270	-270	-270	-280	-290	-290	-300	-300	-300	-300	-300	-300	-310	-310	-320	-330	-330	-330	-350	-350	-350	-360	-360	-360	-370	-370	-370	-380	-380	-390	-400	-400	-400	-410	-410	-410	-420	-420	
# Normalized histogram for each
6.32820686535995e-05	0.000635612542506007	0.00161369275066679	0.00399049279980345	0.00885390589956391	0.0178697394453885	0.0383535866973647	0.0642061729796734	0.0946690440871282	0.131244218531595	0.157335973808669	0.151987708388783	0.135972691926139	0.0970663177467117	0.0592952983284228	0.0245618182055067	0.00878876259359697	0.00289050154761883	0.000601179652209196	
1.87326079443117e-06	0.000292228683931263	0.000938503658010016	0.00286515238508248	0.00563851499123782	0.0121612090774472	0.0241884800080925	0.0483010929540105	0.0762351579205681	0.109529558650391	0.142663795582289	0.158149105939454	0.146530205861995	0.123175326907424	0.0803507118859334	0.044219257682945	0.0169342775816578	0.00590639128484148	0.00163535667353841	0.000283799010356322	
1.87264514872548e-06	9.36322574362739e-06	0.000315540707560243	0.0015102883124471	0.00398498887648782	0.00799806743020652	0.0163369562774811	0.0321823432034217	0.0595473067617471	0.089412251593621	0.123528100913102	0.14961030254455	0.154993221024562	0.140654377120771	0.105854075999431	0.066209241878338	0.0317731702384252	0.0114886779874308	0.00355708946000405	0.000934449929214013	9.83138703080876e-05	
3.34946036471902e-05	5.86155563825828e-05	0.000716412355787123	0.00200595459620395	0.00567733531819873	0.0108234090063268	0.0227912169705992	0.0438007071082992	0.0721287681429103	0.101885932266468	0.136267212504652	0.151954782285076	0.15152028284332	0.127454410122814	0.0880042798660216	0.0521157424637142	0.0225316337923335	0.00765351693338296	0.00200130256791961	0.000537774469668776	3.72162262746557e-05	
6.05797387801664e-05	0.000311286657731932	0.000845320354978629	0.00320793016740512	0.00798347757524469	0.0147423124311488	0.0303206252574639	0.0538665717273427	0.0852888162346244	0.114754801177297	0.147529371853349	0.152476406521735	0.143244054331638	0.11210420460667	0.0723564399990307	0.0391820430470304	0.015541964983047	0.00478859535157684	0.00115660701271056	0.000211563087739966	2.70278834557665e-05	
2.68178329341483e-05	0.000132239658951145	0.000575196278794492	0.00153231548868565	0.00505007536735807	0.0108815669012456	0.0195871903233861	0.0388886320130945	0.0650794825082997	0.097694591120523	0.128057001766278	0.15288661605186	0.152113522661069	0.132782488879847	0.0953669881724109	0.0569915939965044	0.0285415722648122	0.0105079667458872	0.0025967060303134	0.000602014111728641	9.98733088582076e-05	5.54851715878931e-06	
6.74289525143148e-05	0.000356542132472952	0.000793444797394471	0.00283571074272529	0.00634755837915577	0.0145415616360665	0.0269447941615764	0.0494965458826311	0.0776763059279286	0.111332590075382	0.141511202904802	0.153033240626221	0.146923069107287	0.117205374734094	0.0782813191319954	0.0435785006941487	0.0204919357743846	0.00674289525143148	0.00145295537404133	0.000344534236819718	4.24894769268285e-05	
9.64309424641073e-05	0.00052017075694581	0.00142791972494928	0.00391287093460128	0.00943910571427512	0.0200446549441257	0.0347846808321249	0.0611029103600212	0.0918356371674523	0.123974030405418	0.149078528167107	0.15073732582161	0.136018626007425	0.1028881067268	0.0625011590257508	0.0328950052480686	0.0139722872306888	0.00384425661015566	0.000675016597248751	0.000202134090934379	4.91426918326701e-05	
2.1168696100358e-05	0.000283476452126534	0.000765754571978169	0.00244912610100229	0.00533911330774682	0.0132874985043856	0.0269293425739294	0.0447340567505131	0.072084932490267	0.10753053354318	0.133908569640408	0.152880323236786	0.147321239565213	0.123029700601007	0.0859587118388234	0.0486714342251797	0.0229487073289707	0.0089571195847254	0.00238654039079254	0.000364469724162686	0.00010952499286707	3.86558798354364e-05	
9.00529548509763e-05	0.000416843059052457	0.00127188193964781	0.00372002257822538	0.00789495183559487	0.0183763730754662	0.0347864352398565	0.0540456986252534	0.0865427463737439	0.120112074151645	0.142680087342082	0.153417741731839	0.140249585942084	0.107265138180225	0.0691402449440372	0.0362012878500925	0.0162717333986914	0.00599641273590161	0.00119389793750882	0.000270158864552929	3.34217152024242e-05	2.32095244461279e-05	
4.65386419651965e-06	4.93309604831083e-05	0.000279231851791179	0.000688771901084909	0.00197416919216364	0.00572611450739778	0.012041408222075	0.0245249335428193	0.0431785520153094	0.0660560176325607	0.100661221025042	0.130297028228479	0.148969262157755	0.149045585530578	0.12764804872782	0.0906488975926491	0.0548132125066085	0.0274317371199654	0.011787307236945	0.00346899037208575	0.000586386888761476	0.00010890042219856	1.02385012323432e-05	
1.2093957021798e-05	0.000140475962330115	0.000485618889644503	0.00126242305219845	0.00329699874501938	0.00750476548421878	0.0166589606453335	0.0315010368242385	0.0519723848445973	0.0824407838000515	0.114947479665872	0.136899872269208	0.14910825673052	0.141460224370812	0.113288746945113	0.0763928749847663	0.0422553555297758	0.020376456972957	0.00753639583335271	0.00214063039285824	0.000280021620273937	3.81424798379782e-05	
5.38955318745609e-05	0.000194209761410056	0.00090042707562844	0.00206568564408878	0.00514330636078784	0.0106945461438676	0.0224753660250001	0.0397405208910232	0.0657358226874171	0.0952789372544501	0.125506896769613	0.144801497180706	0.144797780247473	0.132161136489505	0.0982831485398028	0.060489371429421	0.0315121599470709	0.0142758113136014	0.00463687420782861	0.00107976910410758	0.000170978928705504	1.85846661636417e-06	
9.38785549461794e-07	0	7.60416295064053e-05	0.000484413343522286	0.0012138497154541	0.00341436304339255	0.0070962799683817	0.0144028478998428	0.0290779436090296	0.0488177873575628	0.0789424768542423	0.10819878971767	0.135069648499915	0.146666466392416	0.13952512471766	0.120329776587815	0.081454666984602	0.0473429552593583	0.0247229174450764	0.00958593924555438	0.00299660347388205	0.000476903059126591	0.000103266410440797	
2.36004908902105e-05	1.88803927121684e-06	3.77607854243368e-06	0.000250165203436231	0.000751439629944303	0.00164259416595865	0.00459548758614179	0.00969319361842726	0.0210025488530161	0.037671103558954	0.0615274237704144	0.0895157179269329	0.117941093174738	0.140658925705655	0.146619465684886	0.13416595865194	0.105329934862645	0.0667922212782026	0.0357481355612197	0.0180100066081374	0.00586897007457755	0.00181440573963938	0.000306806381572737	6.5137354856981e-05	
8.6261565922321e-05	0	3.98130304256866e-05	0.000546007274409416	0.00123609980178798	0.00229209303736453	0.0062411664838743	0.0138321842850385	0.0277307236207866	0.0453754795337325	0.0725327059305301	0.101920409960462	0.128186582819161	0.145961205045638	0.143116469228793	0.123306642804127	0.0891195727493078	0.0528290475869986	0.0278909236717852	0.0126292620086053	0.00396708410313092	0.000919491416974191	0.000185794141986538	5.49798991592815e-05	
8.5828069211755e-06	0.000114437425615673	5.1496841527053e-05	0.000152583234154231	0.000596028258414965	0.00159354115169825	0.00421797277915103	0.00968617443315328	0.0198901782172175	0.03657992309805	0.0551950776648662	0.0841658656046874	0.114563306783851	0.138853604015991	0.146349255393817	0.133242355579969	0.108504798742714	0.0737520598736611	0.0404336034056578	0.0205319814458787	0.00866100582867954	0.00228970215752693	0.000422464829564527	0.000104900973481034	3.90994537520217e-05	
1.43669491208864e-05	4.02274575384819e-05	8.81172879414365e-05	0.000215504236813296	0.000979825930044451	0.00247494643522469	0.00679173574774702	0.0131438428523949	0.0259045670615662	0.0464387685417451	0.0683598595103935	0.0981004019872364	0.128112958700768	0.142798854092138	0.141279788671756	0.120695781767958	0.0928574233547209	0.0588786308872166	0.03183428586206	0.0146475835270477	0.00477748948099875	0.00137922711560509	0.000122597965831564	4.21430507546001e-05	2.10715253773e-05	
1.73051464544158e-05	5.76838215147195e-05	0.00019131800802382	0.000499926453127569	0.00150458634450893	0.00405421125545953	0.00926017614716297	0.0186482180986836	0.0337450355861109	0.057885714890021	0.0817408592774332	0.110380876659491	0.135898276503553	0.143549074030455	0.135031096386782	0.107656277489946	0.0766166131328756	0.0464691252152328	0.0234753925624403	0.00994084524103665	0.00279958813751438	0.000507617629329531	3.65330869593223e-05	3.2687498858341e-05	9.61397025245325e-07	
1.53220014364376e-05	7.66100071821882e-05	0.000134067512568829	0.000775676322719655	0.00269092650227436	0.00596504668422313	0.0126521426861384	0.0237605937275557	0.0437251615992339	0.0702465884606177	0.0943605458463012	0.12193440268135	0.14137514962892	0.140479770169978	0.123992338999282	0.0938597079243476	0.0634014843188892	0.0351467560450084	0.0169365573378022	0.00653770648790998	0.00165573378022504	0.000250897773521666	1.81948767057697e-05	8.61862580799617e-06	
4.5870419886356e-05	6.59387285866368e-05	0.000224573930693618	0.00159399709105087	0.00364478711347004	0.00863223964236363	0.0170513729590052	0.031082943275492	0.0540372658936227	0.0804098904270345	0.106711798063122	0.131469401563035	0.143540967063127	0.136349823112193	0.111231945689423	0.0799607425656473	0.0515191709686113	0.0258164456922898	0.0113854204692926	0.00418376454713472	0.000883961216559986	0.000132833090920906	2.19795761955456e-05	2.86690124289725e-06	
8.57485034504245e-06	0	3.90632071274156e-05	0.000171497006900849	0.000600239524152971	0.00235046175569108	0.00490100335276648	0.0113692987963768	0.0222746029129719	0.0397711086614563	0.0653946670147421	0.0926055254430101	0.119237105092413	0.140215952842134	0.140710435878698	0.127387976725951	0.0976894589364708	0.0658948666182029	0.039486233077771	0.0189018284439219	0.00796413044824554	0.00258198271500723	0.000361096475641232	7.43153696570346e-05	8.57485034504245e-06	
2.86534319648136e-06	3.82045759530848e-05	2.29227455718509e-05	0.000173830820586536	0.000348616755571899	0.00103629912272742	0.00312895477055764	0.00733336835419462	0.0170191834727004	0.0291004255034647	0.0500986155616789	0.0796823289509501	0.10458502667157	0.128922296668083	0.141843084255417	0.135812491941222	0.116488617424152	0.0820452819736484	0.0522552638742305	0.029479605919799	0.0141013089842836	0.00495322327231744	0.00133429481516149	0.000172875706187709	2.10125167741966e-05	
3.17182954011355e-05	2.59513326009291e-05	3.36406163345377e-05	0.000271047251609704	0.000687229733691269	0.00198671868467112	0.00449919214462774	0.0104362803474403	0.0229948030053565	0.0368662708607865	0.0621101893582235	0.0906018690726435	0.117044354672057	0.135776411007594	0.140473602208362	0.129461586741368	0.103368963551834	0.0682164418031755	0.0412626188354772	0.0209388807670829	0.00898877268458846	0.00320258667504799	0.000645899833623123	6.15142698688689e-05	1.34562465338151e-05	
9.74658869395711e-07	1.94931773879142e-06	2.82651072124756e-05	0.00010916179337232	0.000546783625730994	0.00118518518518519	0.0032280701754386	0.00619395711500975	0.0149931773879142	0.0290594541910331	0.0461559454191033	0.0743849902534113	0.104165692007797	0.12766081871345	0.139512670565302	0.135114035087719	0.118931773879142	0.0880526315789474	0.0564054580896686	0.0314083820662768	0.0144054580896686	0.00611111111111111	0.00208479532163743	0.000244639376218324	1.07212475633528e-05	3.89863547758285e-06	
3.87903613710065e-06	5.81855420565098e-06	7.27319275706372e-05	0.000216256264643361	0.000682710360129715	0.00172035252680414	0.00449871216000248	0.00995457648683455	0.0199586106844171	0.0361477680026067	0.0582379090443607	0.0888590203106332	0.115251012428432	0.136844636844637	0.136468370339338	0.128465918788499	0.106127519433971	0.0741545640739189	0.0450530652143555	0.0226302968238452	0.00952012443947928	0.00403807661872178	0.00102212602212602	6.59436143307111e-05	
2.23655345168267e-05	9.52966253325658e-05	0.000462869323043891	0.000791545438986822	0.00264010548752976	0.00641112908997557	0.0143722869634217	0.0263903583153113	0.0461867736063355	0.0719489521260872	0.101677609571671	0.123959516437695	0.140370956700325	0.133748813654256	0.119594347548737	0.0928655889720411	0.0579811896130568	0.0351022202168873	0.0158542467287975	0.00666395687147014	0.00238241563331414	0.000445365861248113	3.20896799589252e-05	
1.46881269994213e-05	2.64386285989583e-05	0.000195841693325617	0.00043476855918287	0.00117700857688696	0.00417828252710204	0.00886869108225057	0.0199161210027486	0.0356999822763268	0.0571250635261493	0.0850560058282488	0.112355358669373	0.13131087616636	0.140338199020204	0.129077301653981	0.108250516777268	0.0774309094986159	0.0463909803149722	0.0257061806659205	0.0106900188301788	0.00423115978429996	0.00137676710407909	0.000145902061527585	2.93762539988426e-06	
7.84195327372142e-06	4.50912313238982e-05	0.000279369585376326	0.000612652599509486	0.0018212936478218	0.00590891179174909	0.013229375172768	0.0277722775188844	0.0457666195495974	0.0699659071081425	0.096349178653419	0.12203941757813	0.137358673298345	0.137841933668838	0.120086771212974	0.0927781491813981	0.0624974268590821	0.0360543604200934	0.0189343961794004	0.00716460455970373	0.00290936466455065	0.000559719414911866	1.6664150706658e-05	
1.95814849227461e-06	4.69955638145908e-05	9.00748306446323e-05	0.000461143969930672	0.00120621947124116	0.00274630326041515	0.00891936638231087	0.0191330689180153	0.0363148428634789	0.0551169846862997	0.0818848745756937	0.108804520973239	0.130878728926651	0.138145417981482	0.131857803172788	0.109467354237874	0.0776758343915494	0.0501266432537379	0.0274757605693513	0.0129942733947343	0.00491788993834769	0.00147546488892892	0.000256517452487974	1.95814849227461e-06	
3.73386576949078e-05	8.15554891757197e-05	0.000228944927445093	0.000735964595091735	0.00215483358749823	0.00486483405914443	0.0127658905466379	0.026126251827629	0.0448073718301445	0.0689428836448819	0.0953373842501611	0.118499143176066	0.136063051236499	0.136661452355873	0.12138699356989	0.0951673950980238	0.0642401779678337	0.0383782445328344	0.0212142531482384	0.00870973320546481	0.00274439134057572	0.000745790557643027	0.000100224818023174	5.89557753077491e-06	
2.75674664513779e-05	6.59650090086542e-05	0.00018017308430722	0.000306195788084947	0.00139904892240743	0.00335141627858894	0.00745503057035119	0.0178026760133505	0.0332532564069746	0.0536915791235515	0.0814992763540057	0.106677234195473	0.126855635085508	0.139304315293052	0.132221445519794	0.111316444978291	0.0815120755348581	0.0508058561175162	0.0299579596136616	0.0144798117535862	0.00571729563154112	0.00177908613848714	0.000326871387923481	1.37837332256889e-05	
9.46072861407224e-05	6.50425092217467e-05	0.000286778336114065	0.00068294634682834	0.00232970442121529	0.00526745775439751	0.0112080069299837	0.0232822618236934	0.0429635338186556	0.0645517339248917	0.0926875466261169	0.115710623905487	0.134020090251409	0.136106378009325	0.126678170649863	0.0988370202252639	0.0658427291836869	0.0417444795170298	0.0234399406339279	0.00989335984965325	0.00294366628856602	0.00115302629984005	0.000193156542537308	1.77388661513855e-05	
3.00029702940591e-06	5.40053465293064e-05	0.000209020693048612	0.000432042772234451	0.000912090296939397	0.00328132485116027	0.00779877207843577	0.0154735318796561	0.0318201501948693	0.0523311807868979	0.0767916023686345	0.104296325336208	0.124460321571836	0.136727536026067	0.131681036422606	0.117304613156703	0.0844893644470803	0.0543653821728351	0.0319361616800063	0.0161615999983998	0.00716870970226052	0.00175117336616325	0.00047704722767554	5.90058415783163e-05	1.50014851470296e-05	
3.79922875656242e-05	4.19914757304267e-05	0.000209957378652134	0.000498898723559117	0.00152169109670737	0.0047210416285494	0.0110467575082258	0.023555218290687	0.0401808432888124	0.0637900506197242	0.0890779171828119	0.113580943068557	0.132293144491668	0.134715652722497	0.124952634615173	0.105167650966854	0.0701137669053182	0.0442620148109934	0.0239501381219612	0.0107698137278133	0.00412016360678782	0.00107978080449669	0.00029893931531899	1.29973615356083e-05	
1.98862308731746e-05	0.000134232058393928	0.000329117120951039	0.000567751891429134	0.00284174239177665	0.00724355959555384	0.0153949256304681	0.0315166929993507	0.0507794905346513	0.0749352951762964	0.0991020372449218	0.124355561830766	0.134981769297847	0.129298284514294	0.117903474223965	0.0901999659945452	0.0574543039272323	0.0354979164201603	0.0167839788569593	0.00739071770401533	0.00236447285082046	0.000768602823248197	0.000125283254501	1.0937426980246e-05	
0.000145128647599811	0.000300197613528376	0.000480117375278826	0.0012654025232504	0.0040069423183208	0.0110973713822211	0.0220744649126644	0.0396052103172552	0.0635315565345665	0.0870046242360865	0.111259000958247	0.128836465858983	0.133814577278023	0.12369135709202	0.105637750943336	0.0761199756661007	0.048032612196373	0.0249750498009948	0.0118359370340476	0.00441051924246822	0.00142842374384197	0.000420475465306301	2.68388594876362e-05	
3.65376164636525e-05	0.000120475384015287	0.000426601359791834	0.000771239958327367	0.00211128172971051	0.0066192335988071	0.015547249556858	0.0296586695370091	0.0498086712651397	0.073850422898223	0.100842833936533	0.11960638124534	0.133830376584325	0.130682216549565	0.116582646607186	0.0922100814196345	0.0618492971446346	0.0363213532743136	0.0176358187141722	0.00788817514355827	0.00256849568708	0.000726802316682384	0.000305138472628881	
6.97079629075093e-05	0.00026017760803507	0.000558645505554546	0.00116441752124375	0.00381921092549593	0.0101243452605949	0.0217263029743701	0.0401321505888359	0.0613037352668293	0.0838527885639669	0.111840044770185	0.126756567030097	0.136862258047097	0.123454765913788	0.105775451997231	0.0778932486365221	0.0482074744608678	0.0270633802471196	0.012009405665981	0.00535180430716667	0.00121939844973418	0.000435920218745551	0.000118798077631107	
0.000152635008600396	0.000404091400974124	0.00117509388031458	0.00206155104564765	0.00605256514873107	0.015299702753105	0.0293069000808183	0.0497629265218982	0.0733959136868595	0.0953880745093665	0.119842942489868	0.13125338781229	0.133093813781376	0.115373476340595	0.0943274568855022	0.0639276510059234	0.0372468558166658	0.0195157556509198	0.00810922404666718	0.00324740765092765	0.000756326036205807	0.000292550433150758	1.36980135923432e-05	
0.000216643303173187	0.000652870768838655	0.00157826116791326	0.00345747027281372	0.00953622648537903	0.0214780758937762	0.0374371391320544	0.0604425012988795	0.081559831782847	0.106103263373558	0.129286057385968	0.136017684367372	0.127908754938193	0.105958180980482	0.080077638686024	0.0503759398496241	0.0271862838321358	0.0132289655037202	0.00515924753212889	0.00176353530501613	0.000432306319906677	0.000143121820195861	
1.08433782446345e-05	0.00058455666355166	0.00128444744115989	0.00284293662341145	0.00548674939178506	0.014461123531708	0.0274406472905355	0.0491471190129766	0.0707224844348234	0.0901656473891117	0.114968396481225	0.134967529010966	0.133713640181222	0.120357555468809	0.094928847723482	0.0667064914376742	0.0385827113177268	0.0196067993896164	0.00915871157008174	0.00348466746316209	0.00108039477782904	0.00026714140948145	3.05586114166972e-05	
3.63658880107564e-05	0.000770563681092785	0.00177799706517455	0.00401793919426952	0.00792383213899239	0.0197211227820494	0.0354685351525451	0.0604725403145354	0.0796697977368623	0.0973691737178813	0.124562012193384	0.137990853487734	0.129991340987206	0.109786650180797	0.0824748854228812	0.0549970170143213	0.029183133697713	0.0142760681988172	0.00642595069768448	0.00231857107614526	0.000592665688391517	0.000167086512481854	5.89717102877131e-06	
0.000111692324875742	0.00123351435981193	0.00239158741247094	0.00502713437664416	0.0127505606660782	0.0258812671396281	0.0478533029086053	0.0709148287237388	0.088835568322881	0.111131903736892	0.132045801691257	0.13582080632061	0.123094739585426	0.0941066622512274	0.0698243589203467	0.0417464760581623	0.0209971773194038	0.0104089408726306	0.00397879413438938	0.00138537673135351	0.00037818629300032	8.13198505674264e-05	
0.00048636989947703	0.00167734005574171	0.00370012995960292	0.00714092788024927	0.0162938809382144	0.0340556790780697	0.0574885306735978	0.0823589625152663	0.0996314549212414	0.121298891428929	0.138411870165659	0.132487356339837	0.11151864842013	0.0810534948172737	0.057434707042871	0.0302831318698525	0.0146351345003601	0.0069589061472458	0.00216175273228322	0.000711450537061974	0.000169299783922588	4.20802931137068e-05	
