# <P(U)> as a function of N_tot.
# number_of_species: 1
# species_total_upper_bound: 189
# species_total_lower_bound: 145
# volume: 729
# Bin widths for each
10	10	10	10	10	10	10	10	10	10	10	10	10	10	10	10	10	10	10	10	10	10	10	10	10	10	10	10	10	10	10	10	10	10	10	10	10	10	10	10	10	10	10	10	10	
# Bin lower bound for each
-440	-450	-460	-460	-470	-480	-480	-480	-490	-500	-500	-510	-510	-520	-530	-530	-540	-540	-540	-540	-540	-560	-570	-570	-580	-580	-590	-590	-600	-600	-600	-600	-600	-610	-610	-630	-630	-630	-640	-640	-640	-650	-650	-650	-650	
# Bin upper bound for each
-250	-250	-260	-260	-260	-260	-260	-270	-270	-270	-270	-280	-280	-290	-290	-290	-300	-300	-300	-310	-310	-320	-330	-330	-330	-350	-350	-350	-360	-360	-360	-370	-370	-370	-380	-380	-390	-400	-400	-400	-410	-410	-410	-420	-420	
# Normalized histogram for each
4.28913027160917e-05	0.000514695632593101	0.00160337781623978	0.00397249153685214	0.00858772185999396	0.0172177042682523	0.0361605219619239	0.0618069979683399	0.0928628241525972	0.129140035688087	0.155729489599805	0.156157141118063	0.13698472880397	0.100139207507492	0.0585806889478574	0.0261977553972082	0.0105127844466044	0.00298409931102691	0.000730413655076974	7.44290253014533e-05	
1.26716373276024e-06	0.000199578287909737	0.000836961645488137	0.00259451774282659	0.00570603828861935	0.011690852598446	0.023130173195939	0.0466835790786199	0.073760967302107	0.10684597878261	0.14027819312589	0.159472555767876	0.14891581471025	0.124299258455784	0.0832197109852958	0.0447505208042942	0.0190220283743303	0.0065043514402583	0.00165745016245039	0.000404858812616896	2.53432746552047e-05	
1.26717497278742e-06	1.01373997822993e-05	0.000285114368877169	0.00135144210847778	0.0038870592290254	0.00782733980690788	0.0158263818226285	0.0312859164906349	0.0576589956117731	0.0875396150575868	0.119820897489346	0.148436876312318	0.158100986242281	0.141737322231191	0.106970476090309	0.068225334122361	0.0328489768195682	0.0130804136565981	0.00391176914099476	0.00100043464101567	0.000193244183350081	
2.27635881232244e-05	5.56443265234373e-05	0.00060829366040394	0.00191150908045853	0.00557644676829766	0.0105901270524378	0.0217493438079563	0.0422093832774888	0.0698759953536987	0.1009811738803	0.132831859917937	0.15279679134579	0.153528387775194	0.129610179876609	0.0894001984226098	0.0533774525394996	0.0233086495943971	0.00875892285230289	0.00214357121493696	0.000578574531465286	8.47311335697796e-05	
4.44497784178546e-06	4.12747942451507e-05	0.000278763610363402	0.000840735808931992	0.00315021929615681	0.00778506119146996	0.0144531629509827	0.0287647216078628	0.0521961048024176	0.0824829138226746	0.113877157322371	0.144021092054856	0.153877512920598	0.145270765825232	0.115852632474627	0.0741365154294706	0.0396149125196611	0.016311163688849	0.00546732274539611	0.00129031356778686	0.000256538721154475	2.66698670507128e-05	
6.31673631921248e-07	2.77936398045349e-05	9.53827184201084e-05	0.000481966981155912	0.0015280185156175	0.00500096014392052	0.0108085675158045	0.0192110901676209	0.0374159242395913	0.0632981196339325	0.0952696488399945	0.126497066507653	0.1506023639754	0.15345942381258	0.134668396610187	0.0987887026434278	0.0592206663398808	0.0286400824713094	0.0111774649168465	0.00298149954266829	0.000660098945357704	0.000157286734348391	8.84343084689747e-06	
4.05443586959414e-05	5.06804483699267e-05	0.000266072353942115	0.000743735579828675	0.00281339839013556	0.00639333856186626	0.0144470953134522	0.0262645088621099	0.0480938449862466	0.0759389503318936	0.109420355041881	0.137483386315519	0.152341626766372	0.148254248605337	0.120118364187168	0.0812027484007151	0.0456820891494427	0.0209937422316375	0.00724793762250415	0.00171299915490352	0.000402909564540918	7.98217061826346e-05	7.60206725548901e-06	
3.18623343238271e-05	6.69109020800369e-05	0.000400190919107268	0.00130253222715805	0.00392034161520369	0.00955933754383461	0.0193022021333745	0.0339633366491403	0.0596399173873396	0.0891412527377711	0.121935241717227	0.146004049065446	0.152311516768191	0.136800295172665	0.105863243037602	0.0659136110157011	0.0343590668414422	0.0139977607151437	0.00439827663006109	0.000813764018630544	0.00022303634026679	5.22542282910764e-05	
2.53858651502843e-06	2.53858651502843e-05	0.000203086921202275	0.000651147441104793	0.00222189784727864	0.00539576563769293	0.0131492435012185	0.0259291226645004	0.0437214409017059	0.0705644547116166	0.103582580219334	0.132335245735175	0.151139825345248	0.149138784524777	0.123863982534525	0.0896800111697807	0.0519096517059301	0.0240086819658814	0.00923030056864338	0.0026826512997563	0.000397923436230707	0.000118678919577579	4.75984971567831e-05	
6.38734794119808e-06	0	0.000102836301853289	0.000338529440883498	0.00109479143712135	0.00345747144057052	0.0080167604009977	0.017945254040796	0.0338746610713499	0.0529645278632086	0.0842612553054909	0.116450295255159	0.140783535971947	0.152892031464076	0.141268974415478	0.109824699235754	0.0732060334888653	0.0389206659448963	0.0168121385160275	0.00606478687016757	0.00136880866379875	0.000276572165853877	4.66276399707459e-05	2.23557177941933e-05	
1.40578583108461e-05	3.38666586579474e-05	0.000229398687890625	0.000567426280910515	0.00175020335970034	0.00540141255916282	0.0117964601034786	0.0237009101185269	0.0420623900531707	0.0654265505657969	0.0971506638184594	0.128153353342352	0.147787708447687	0.148821600027093	0.129901639721373	0.0945148153851757	0.058189948503509	0.0283221115414378	0.0117376726959969	0.00360072870825535	0.000697780967065633	0.000125242737678447	1.34188647512622e-05	6.38993559583913e-07	
2.56514671035967e-06	1.60321669397479e-05	0.000110301308545466	0.000404010606881647	0.00107223132493034	0.00285244314191995	0.00754730290855573	0.01615401140849	0.0305432018802525	0.0508912281601806	0.0814369951871435	0.110911172175854	0.137101961375303	0.14919919326136	0.141106155390175	0.116001064535885	0.0791251567144318	0.0449125124650098	0.0204673056019598	0.00752742302155044	0.00220281973752136	0.000349501239286504	6.41286677589916e-05	1.28257335517983e-06	
1.34822717756345e-05	5.13610353357503e-05	0.000154725118948948	0.00071584442999202	0.00178672201674241	0.00456021792487293	0.0106779592463025	0.0217873511894253	0.0389855938716013	0.0639785156789191	0.0937948807172055	0.122110219497805	0.144529953434801	0.146864954503753	0.132790104782932	0.100743386785191	0.0634084081866922	0.0331330038950925	0.013777597728815	0.004689262526154	0.00122688673158274	0.000188109791917185	3.08166212014502e-05	6.42012941696879e-07	
6.48981067275324e-07	1.03836970764052e-05	6.74940309966337e-05	0.000366674303010558	0.00108314940128252	0.00301192113322478	0.00672733774337601	0.0140361625230307	0.0279970432422575	0.0478824721246407	0.0780938387684416	0.105138826785006	0.134239137841632	0.146499688164597	0.141228663936187	0.121592443783637	0.0836101778402819	0.0503550899909597	0.0250104323706565	0.00922915975772239	0.00304177426231945	0.000665854575024483	0.000104485951831327	7.13879174002857e-06	
1.62638649448655e-05	1.30110919558924e-06	1.04088735647139e-05	0.000181504732784699	0.000631037959860781	0.00148261392837394	0.00416224831668998	0.00952281820251765	0.019879647399408	0.0364544774420193	0.0601567836580685	0.0895930780990795	0.115852063884462	0.140105389844843	0.147572455518329	0.135600299255115	0.107610838239599	0.0679901115701135	0.0376606056663305	0.0175643235858569	0.00581856032267508	0.00175454575025209	0.000324626744299515	5.1393813225775e-05	2.60221839117848e-06	
5.93339471028081e-05	0	4.56414977713909e-05	0.000421857843686998	0.000985204330465308	0.00204734718574525	0.00573126807729322	0.0134068639596477	0.026893274529697	0.0444502546795576	0.0712555063206954	0.101226973864374	0.127073754052313	0.147013872407237	0.145382514872608	0.12453673879762	0.0898935379463413	0.0539202134457244	0.0287443632750252	0.0120310988125386	0.00374586292423772	0.000892617292129059	0.000190390247846373	4.75975619615933e-05	3.91212838040493e-06	
5.91159408104927e-06	7.88212544139903e-05	3.54695644862956e-05	0.000145819320665882	0.000495917059021355	0.0013530982007735	0.00357651441903481	0.00892322284345048	0.019125320539768	0.0349013946107281	0.055566356986716	0.0831216106860602	0.112803067723222	0.13855856944678	0.147465371195561	0.137057024550193	0.109271218681688	0.0745379760803767	0.0414711461661342	0.02067678556415	0.00811727551706743	0.00208942008575752	0.000501828653102405	9.26149739364385e-05	2.82442828316798e-05	
9.91365864233106e-06	2.7758244198527e-05	7.73265374101823e-05	0.00021281320552204	0.000836712789412741	0.00217241306382281	0.00571687648374424	0.0124423025067016	0.0249566442662042	0.0443563524080938	0.0679032744153585	0.0977513178556889	0.125511544785944	0.14220614593963	0.144208044074805	0.12385001559749	0.0940911950849402	0.0606411890045629	0.032262349775026	0.0145896009686305	0.00456424843892922	0.00136610216091322	0.000193646798813533	3.7671902840858e-05	1.45400326754189e-05	
1.19650938329247e-05	3.98836461097492e-05	0.000166846586225784	0.000424096103633666	0.00127561194807681	0.00339010991932868	0.0079082622961281	0.0174411184437933	0.0318789983355225	0.0559521023999319	0.0805264109504539	0.109655431886709	0.134249682260286	0.144273771982536	0.138586364047286	0.111329880295883	0.0782437369381059	0.0475559301663946	0.02385042037363	0.00983996022271028	0.00271208793546294	0.00059094268985945	7.31200178678735e-05	2.26007327955245e-05	6.64727435162486e-07	
1.05885513935195e-05	5.42663258917877e-05	0.000142945443812514	0.000604209213892709	0.00213954916595304	0.00499779625774122	0.0111384942815205	0.0228110486239516	0.0419339724406479	0.0679023947332545	0.093506835571709	0.121086703029517	0.140449854605954	0.141907103991487	0.127891170868777	0.0968210521578806	0.065424673707171	0.0361506380263999	0.0166074810762733	0.00641930928232122	0.00162534263890525	0.000334201153357961	3.44127920289385e-05	5.95606015885474e-06	
3.17273352805985e-05	5.28788921343309e-05	0.000221430360812511	0.0013021427188079	0.00299955515631992	0.00718425848260053	0.015283321799125	0.0295877231076132	0.0519079034775142	0.0789210855243372	0.105749852434842	0.130908307340053	0.143643527524455	0.138191052759254	0.115295814437392	0.0834977536385635	0.0529839889324479	0.0261301045481796	0.0112519672600339	0.00385024433353097	0.000840113398784182	0.000144755967217731	1.85076122470158e-05	1.98295845503741e-06	
5.96534927451411e-06	0	2.7175480028342e-05	0.000135214583555653	0.000549474949841355	0.00186914277268109	0.00438784579969815	0.00976328831262142	0.0212790636787779	0.0388152020960912	0.0631471989702481	0.0904989882104814	0.117711585967643	0.140216860330626	0.142367700152382	0.130289856321249	0.100625500012262	0.0687221492755746	0.0403734838899115	0.0187683144507935	0.00769132366460685	0.00232847466681867	0.000344664624749704	6.82701083638837e-05	1.32563317211425e-05	
1.99600931204878e-06	2.66134574939837e-05	1.59680744963902e-05	0.000123752577347024	0.000284763995185626	0.000960080479095462	0.002687293870455	0.00657352400101397	0.0149833765691128	0.0280612295816564	0.0484524607135467	0.076739904683902	0.102360014876923	0.127618182048025	0.14249310877785	0.138549659713679	0.119779188143172	0.0855755725719046	0.0546207948242148	0.0300532468750811	0.0139195036057908	0.00468929121043993	0.00122821106334735	0.000176979492334992	2.52827846192845e-05	
2.21089084831882e-05	1.80891069407903e-05	2.34488423306541e-05	0.000202999977891092	0.000600960330588479	0.00181360046254516	0.00384293027453235	0.00930651053757476	0.0211897138638265	0.0357829333965782	0.0599546700379402	0.0882708220695144	0.115123096372732	0.134287500226114	0.141706713939533	0.13321354324737	0.106287572582542	0.0706694510492017	0.0436644242873729	0.0215019184502861	0.00871224987622361	0.00312338579844313	0.000591580793656217	7.83861300767581e-05	1.13894377034606e-05	
6.7790405623892e-07	1.35580811247784e-06	1.96592176309287e-05	9.42286638172099e-05	0.000397251776956007	0.00109956037921953	0.00286482254166568	0.00560355492887092	0.0137329803712881	0.026830086737824	0.0448406417039796	0.0722191528233009	0.10085246435072	0.12528616024974	0.138588671545316	0.137984659031207	0.123422601999139	0.0916004297911717	0.0587851281408142	0.0331169689553837	0.0148176268612703	0.00573439041172503	0.00181474915855159	0.000266416294101896	1.89813135746898e-05	6.77904056238921e-06	
2.69038872081433e-06	4.03558308122149e-06	5.04447885152686e-05	0.000176220461213338	0.000519245023117165	0.00165526166048101	0.00393738389291177	0.00879689851988264	0.018593949046728	0.0338154958319153	0.0567833443415072	0.0861354852855915	0.113133536098963	0.133853564832315	0.137983311518765	0.130643931088383	0.11087495476784	0.0769000534042161	0.0466883332638316	0.0243708862274966	0.0100216979850334	0.00396092479421889	0.00100284239568354	9.55087995889086e-05	
6.77556811444748e-06	0	1.55838066632292e-05	6.64005675215853e-05	0.000350296871516935	0.00065790766391285	0.00256861787218704	0.00579107806741826	0.0130118010069849	0.0252457667944313	0.0451056344946883	0.070603452422977	0.0987816850973412	0.122490075486604	0.137507444655466	0.134497059742217	0.123030088265326	0.0965193229039272	0.0604705903078208	0.0366192354313428	0.0170290353420408	0.00680809084139682	0.00229488492036336	0.000502747154092003	2.64247156463452e-05	
5.45210563727277e-06	1.02226980698865e-05	1.84008565257956e-05	0.000164926195527501	0.000444346609437731	0.00112177073486887	0.00384032690825401	0.0082742518177661	0.0183688254051766	0.0337648902116303	0.0559501895628979	0.0830314797764364	0.110150253216231	0.130447760990593	0.138475986541477	0.129300774267152	0.112194792830208	0.0807640853445356	0.0487384168311953	0.0272612096995685	0.0116790917882429	0.00442574675105618	0.00140936930723501	0.000155385010662274	2.04453961397729e-06	
3.41288774670912e-06	1.1603818338811e-05	5.4606203947346e-06	3.13985672697239e-05	0.000293508346216985	0.000671656308552355	0.00183749876282819	0.00540806192343528	0.01206114529687	0.0259085960403676	0.0433498175811499	0.0680768718836069	0.0940421218605699	0.119671543683257	0.13655168647848	0.136812431102329	0.120615548433996	0.0980877589955189	0.0662475640513708	0.0387581184067275	0.0200691451057483	0.00784281604193757	0.0029767206926797	0.000644353206578682	2.11599040295966e-05	
2.32206970170283e-05	2.86843904327996e-05	3.27821604946282e-05	6.28324742813706e-05	0.000478756135556965	0.0012450391371189	0.00274960371148694	0.00794899095827036	0.0173759109855069	0.0340866172976436	0.0538440156507498	0.0789906645968375	0.106225810351104	0.129668469913148	0.13775678505352	0.132064299475964	0.111298166725971	0.0826786576524831	0.0536698604231221	0.029130364407862	0.0136271343406107	0.00514611623597965	0.00161793621274529	0.000247915088740625	1.36592335394284e-06	
8.27250742457541e-06	5.65288007345987e-05	6.06650544468864e-05	0.000192335797621378	0.000754176926873792	0.0021315494130656	0.00468017107545354	0.0116366604439027	0.024291528676647	0.0431556031071538	0.0676477400888467	0.0916290497370721	0.116330756906854	0.135355455856522	0.136941709155184	0.123021836662098	0.097861694705871	0.0686983485317678	0.040997857420577	0.0217663457852953	0.00897429180442689	0.00288779446679553	0.000816910108176822	9.85807134761903e-05	4.13625371228771e-06	
4.40549558039307e-05	5.91988468615318e-05	0.000154880703998194	0.000318710070894061	0.00132027195674905	0.00310036751470162	0.00680304887828511	0.0161537132476694	0.0316149376587957	0.0528569983018191	0.0804932227645724	0.102959873507208	0.125389352880884	0.137686192419656	0.131031140658525	0.114593823632868	0.0847858275207179	0.0552049897744317	0.0319474149033785	0.0152244290236802	0.00596944651143261	0.00189573981693789	0.00037653220038672	1.58322497420376e-05	
7.52039994728821e-05	6.14051004870321e-05	0.000266318750426903	0.000712713132619148	0.00219126515895297	0.00476751959961115	0.0103402049550466	0.0218588358834849	0.0421252788240026	0.0641076148534108	0.093333682905441	0.112829457337599	0.132152055587485	0.13451649692871	0.12588666550296	0.101432946665186	0.0692994505968369	0.0451610366008896	0.0240921876843447	0.0100959644429971	0.003328294435387	0.00114737845067342	0.000205603594889164	1.24190090872649e-05	
2.09707499979029e-06	7.33976249926602e-05	0.000199222124980078	0.000411026699958897	0.000987722324901228	0.00313372907468663	0.00684485279931552	0.014870358823513	0.0300559779219944	0.0523010504947699	0.0778021815172198	0.104380510064562	0.122290229587771	0.134506390486549	0.130414298136959	0.116718301313328	0.0868573513663143	0.0575961648692404	0.0344164958715584	0.0167563282733244	0.00683087229931691	0.00194049339980595	0.000533356074946664	6.71063999932894e-05	1.04853749989515e-05	
2.7945196674801e-05	6.00821728508222e-05	0.00025709580940817	0.000591739539588912	0.00167042413123623	0.00449638214497549	0.01010009270819	0.0218461575005257	0.0382891112239787	0.0644744591381841	0.0886219035848797	0.11349592314512	0.131375958607575	0.133736629096678	0.123277440611217	0.105539925651804	0.0731269906586194	0.046828464697881	0.0253805262499712	0.0112723937086979	0.00410724528127888	0.00114156128416562	0.00026547936841061	1.60684880880106e-05	
1.39243573212878e-05	1.04432679909659e-05	2.22789717140605e-05	0.000136458701748621	0.000352982458094647	0.000708749787653551	0.00277721306773086	0.00655071390179986	0.0145342441719602	0.0295648916824244	0.0492810854315019	0.0766027631494668	0.0989409133821429	0.12303910238023	0.134067889596556	0.12939696393313	0.11629553612953	0.0911989707115068	0.0605772203083967	0.0371362609758747	0.0183098336596274	0.00730332541501547	0.002324671454789	0.00073242119509974	0.000113483512168496	7.65839652670831e-06	
1.74335329124181e-05	9.06543711445742e-06	0.000158993820161253	0.000251042873938821	0.000554386346614896	0.00144489120778121	0.00423913786298359	0.0100180053527919	0.0207452068244611	0.0371571347082115	0.0627886121373651	0.0884019586922898	0.112555769871787	0.128139953612856	0.132966950205646	0.123302496900318	0.104661866169044	0.0767835550181378	0.050145116727963	0.0268894811641137	0.0126846385470754	0.00432700286886218	0.00134586874083868	0.000391905819871159	1.95255568619083e-05	
2.5090307683837e-05	3.06659316135786e-05	0.000135208880296233	0.00045650420924759	0.000827980153566622	0.00243375984533219	0.00628581902779239	0.0141488426747104	0.028160385610151	0.0481455126333184	0.0737459899067268	0.10249739165343	0.121476815510271	0.132503308784326	0.129647195426316	0.115342932234564	0.0911607542982833	0.0634533881324239	0.038450199572489	0.0193292942584316	0.00827701372370135	0.00253272717008511	0.00066837791857777	0.000264842136662724	
1.59805787331848e-05	1.9454617588225e-05	0.000106305588964229	0.000229286564432651	0.000592671028669853	0.00123397860131027	0.00390829371192019	0.00957236666117769	0.0196686183816954	0.0382707068348935	0.0598917350531215	0.0858337727992485	0.112634592950341	0.127584771759121	0.135024773371075	0.122974722198483	0.104638745121581	0.0770340323794317	0.0511371571384203	0.0289297111614615	0.0135973880786272	0.00531458464044045	0.00127358264425773	0.00041688466260482	9.58834723991087e-05	
2.0118895736251e-05	9.01881533004355e-06	0.000253914339291995	0.000414865505182003	0.00107185151422441	0.00217839077971821	0.00585737367935059	0.014400273061978	0.027311054084448	0.0488798978237599	0.0726514137686785	0.0967011254787777	0.12157016187386	0.13043010730309	0.132511372379254	0.115211897066179	0.0925975645036079	0.0638428062113275	0.0403009231798123	0.0208785574890508	0.00884815159379811	0.0031531165903883	0.000656986009042403	0.000239345483758848	9.71257035543151e-06	
3.46553902647464e-06	8.04005054142116e-05	0.000300115679692704	0.000682711188215504	0.00155672013069241	0.00367208515245253	0.009306358501695	0.0200072499076434	0.0358440701508272	0.0597091581027421	0.0820092086303011	0.108040951581568	0.129875233663969	0.134473310844295	0.127497180784002	0.105608836292788	0.0780453250918195	0.0516538591896045	0.0294965888699362	0.0144117905954974	0.0055067415130682	0.00176465247228089	0.000352098765089823	0.000101886847378354	
1.17749488655529e-05	2.07793215274464e-06	0.000150996403099444	0.000712038084340496	0.00130009288356723	0.00281352013481624	0.00565059016736358	0.0137953915620716	0.0255419420215371	0.0467617851653653	0.0706240653634338	0.0925330893379223	0.116797795729572	0.13488273189896	0.132142632033541	0.12036976110014	0.0942598509568531	0.0653558147121752	0.040384611388592	0.0213306661919746	0.00984939840400958	0.00353733316802229	0.000975242823688149	0.000195325622357996	2.14719655783612e-05	
2.69022290221247e-05	2.75920297662817e-05	0.000204870821014642	0.000932610606100322	0.00181417595713302	0.00414087386717473	0.00830933976411574	0.0186287588967051	0.0335815696277973	0.058999347448496	0.0807294504909312	0.101373807162063	0.126345973702036	0.136589514752769	0.128176704877029	0.109581746216788	0.0800541355624014	0.0543273270083204	0.0309941270364642	0.015329441937402	0.00684282338203786	0.00235222053757552	0.00051321175365284	0.000119335528739168	4.13880446494226e-06	
1.86147842753333e-05	3.58506956413827e-05	0.000294389366132124	0.00119961943107704	0.00264329936709733	0.00564717399997242	0.0127545744108765	0.0246142603036278	0.045056740620217	0.0699116142465149	0.0914316837417095	0.115423382926796	0.132904733670698	0.133912689767384	0.121098823821408	0.0936737310922052	0.0677612619444866	0.0417246942349324	0.0226066213477104	0.0111964480233857	0.00427243770941632	0.00142506515174496	0.000335066116956	5.7223225735284e-05	
4.81364655043773e-06	2.81942155097067e-05	0.000654655930859532	0.00167102301679481	0.0039561298006669	0.00775340926516935	0.0166022669524597	0.0328868332325906	0.055689764605807	0.0823119806848994	0.102538235826046	0.1249684534235	0.137570580092546	0.129350934775777	0.10975114134998	0.0803700181336942	0.055766782950614	0.0308733536469218	0.0162199258835964	0.0075175405841979	0.00251960013725769	0.00080594196530186	0.000158850336164445	2.95695430955461e-05	
