# <N_i^j*N_k^m*U^p> as a function of N_tot.
# number_of_species: 1
# max_order: 2
# species_total_upper_bound: 189
# species_total_lower_bound: 145
# volume: 729
#	N_tot	N_1^0*N_1^0*U^0	N_1^0*N_1^0*U^1	N_1^0*N_1^0*U^2	N_1^0*N_1^1*U^0	N_1^0*N_1^1*U^1	N_1^0*N_1^1*U^2	N_1^0*N_1^2*U^0	N_1^0*N_1^2*U^1	N_1^0*N_1^2*U^2	N_1^1*N_1^0*U^0	N_1^1*N_1^0*U^1	N_1^1*N_1^0*U^2	N_1^1*N_1^1*U^0	N_1^1*N_1^1*U^1	N_1^1*N_1^1*U^2	N_1^1*N_1^2*U^0	N_1^1*N_1^2*U^1	N_1^1*N_1^2*U^2	N_1^2*N_1^0*U^0	N_1^2*N_1^0*U^1	N_1^2*N_1^0*U^2	N_1^2*N_1^1*U^0	N_1^2*N_1^1*U^1	N_1^2*N_1^1*U^2	N_1^2*N_1^2*U^0	N_1^2*N_1^2*U^1	N_1^2*N_1^2*U^2	
145	1	-336.582504831695	113932.226830222	145	-48804.4632005958	16520172.8903822	21025	-7076647.1640864	2395425069.10542	145	-48804.4632005958	16520172.8903822	21025	-7076647.1640864	2395425069.10542	3048625	-1026113838.79253	347336635020.464	21025	-7076647.1640864	2395425069.10542	3048625	-1026113838.79253	347336635020.464	442050625	-148786506624.797	50363812078030.4	
146	1	-340.662897181141	116701.205846268	146	-49736.7829884466	17038376.0535551	21316	-7261570.3163132	2487602903.81905	146	-49736.7829884466	17038376.0535551	21316	-7261570.3163132	2487602903.81905	3112136	-1060189266.18173	363190023954.38	21316	-7261570.3163132	2487602903.81905	3112136	-1060189266.18173	363190023954.38	454371856	-154787632862.489	53025743497795.2	
147	1	-344.78749091468	119532.763510216	147	-50683.761164458	17571316.2360018	21609	-7450512.89117533	2582983486.69226	147	-50683.761164458	17571316.2360018	21609	-7450512.89117533	2582983486.69226	3176523	-1095225395.00277	379698572544.352	21609	-7450512.89117533	2582983486.69226	3176523	-1095225395.00277	379698572544.352	466948881	-160998133065.476	55815690163735.1	
148	1	-348.982013149953	122450.042512346	148	-51649.337946193	18122606.2918272	21904	-7644102.01603657	2682145731.19043	148	-51649.337946193	18122606.2918272	21904	-7644102.01603657	2682145731.19043	3241792	-1131327098.37341	396957568203.357	21904	-7644102.01603657	2682145731.19043	3241792	-1131327098.37341	396957568203.357	479785216	-167436410559.265	58749720096215.8	
149	1	-353.03444411067	125298.541918603	149	-52602.1321724899	18669482.7458718	22201	-7837717.69370099	2781752929.1349	149	-52602.1321724899	18669482.7458718	22201	-7837717.69370099	2781752929.1349	3307949	-1167819936.36145	414481186440.856	22201	-7837717.69370099	2781752929.1349	3307949	-1167819936.36145	414481186440.856	492884401	-174005170517.944	61757696779519.4	
150	1	-357.113818683296	128200.882608325	150	-53567.0728024944	19230132.3912488	22500	-8035060.92037416	2884519858.68732	150	-53567.0728024944	19230132.3912488	22500	-8035060.92037416	2884519858.68732	3375000	-1205259138.05612	432677978807.86	22500	-8035060.92037416	2884519858.68732	3375000	-1205259138.05612	432677978807.86	506250000	-180788870708.434	64901696820654.3	
151	1	-361.332937370658	131240.316876394	151	-54561.2735429694	19817287.8483355	22801	-8238752.30498838	2992410465.09866	151	-54561.2735429694	19817287.8483355	22801	-8238752.30498838	2992410465.09866	3442951	-1244051598.05325	451853980229.994	22801	-8238752.30498838	2992410465.09866	3442951	-1244051598.05325	451853980229.994	519885601	-187851791306.208	68229951015005.1	
152	1	-365.522098615707	134287.466043144	152	-55559.3589895874	20411694.8385579	23104	-8445022.56641729	3102577615.4608	152	-55559.3589895874	20411694.8385579	23104	-8445022.56641729	3102577615.4608	3511808	-1283643430.09543	471591797550.042	23104	-8445022.56641729	3102577615.4608	3511808	-1283643430.09543	471591797550.042	533794816	-195113801374.505	71681953225480.2	
153	1	-369.709158415329	137368.845376273	153	-56565.5012375453	21017433.3425698	23409	-8654521.68934443	3215667301.41318	153	-56565.5012375453	21017433.3425698	23409	-8654521.68934443	3215667301.41318	3581577	-1324141818.4697	491997097116.283	23409	-8654521.68934443	3215667301.41318	3581577	-1324141818.4697	491997097116.283	547981281	-202593698225.916	75275555858859.6	
154	1	-373.90493352755	140494.62334735	154	-57581.3597632426	21636171.9954919	23716	-8867529.40353937	3331970487.30575	154	-57581.3597632426	21636171.9954919	23716	-8867529.40353937	3331970487.30575	3652264	-1365599528.14506	513123455040.423	23716	-8867529.40353937	3331970487.30575	3652264	-1365599528.14506	513123455040.423	562448656	-210302327334.319	79021012077127.5	
155	1	-378.140749765753	143685.922104649	155	-58611.8162136917	22271317.9262206	24025	-9084831.51312221	3452054278.56419	155	-58611.8162136917	22271317.9262206	24025	-9084831.51312221	3452054278.56419	3723875	-1408148884.53394	535068413178.693	24025	-9084831.51312221	3452054278.56419	3723875	-1408148884.53394	535068413178.693	577200625	-218263077102.875	82935604042719.3	
156	1	-382.404453991514	146935.388304506	156	-59655.0948226761	22921920.575503	24336	-9306194.79233748	3575819609.77847	156	-59655.0948226761	22921920.575503	24336	-9306194.79233748	3575819609.77847	3796416	-1451766387.60465	557827859143.752	24336	-9306194.79233748	3575819609.77847	3796416	-1451766387.60465	557827859143.752	592240896	-226475556466.325	87021146023680.2	
157	1	-386.713841358182	150254.410264793	157	-60714.0730932345	23589942.4115725	24649	-9532109.47563782	3703620958.61689	157	-60714.0730932345	23589942.4115725	24649	-9532109.47563782	3703620958.61689	3869893	-1496541187.67514	581468490500.822	24649	-9532109.47563782	3703620958.61689	3869893	-1496541187.67514	581468490500.822	607573201	-234956966464.97	91290553009565.7	
158	1	-390.891207481797	153508.434913564	158	-61760.8107821239	24254332.7163431	24964	-9758208.10357558	3832184569.18222	158	-61760.8107821239	24254332.7163431	24964	-9758208.10357558	3832184569.18222	3944312	-1541796880.36494	605485161933.823	24964	-9758208.10357558	3832184569.18222	3944312	-1541796880.36494	605485161933.823	623201296	-243603907097.676	95666655584606.6	
159	1	-395.188514843296	156895.052433008	159	-62834.9738600841	24946313.3368482	25281	-9990760.84375338	3966463820.53742	159	-62834.9738600841	24946313.3368482	25281	-9990760.84375338	3966463820.53742	4019679	-1588530974.15679	630667747468.4	25281	-9990760.84375338	3966463820.53742	4019679	-1588530974.15679	630667747468.4	639128961	-252576424890.508	100276171846963	
160	1	-399.369172695816	160221.512991507	160	-63899.0676313306	25635442.0786411	25600	-10223850.8210129	4101670732.58257	160	-63899.0676313306	25635442.0786411	25600	-10223850.8210129	4101670732.58257	4096000	-1635816131.36206	656267317213.212	25600	-10223850.8210129	4101670732.58257	4096000	-1635816131.36206	656267317213.212	655360000	-261730581017.93	105002770754114	
161	1	-403.797582213334	163788.162253415	161	-65011.4107363468	26369894.1227999	25921	-10466837.1285518	4245552953.72133	161	-65011.4107363468	26369894.1227999	25921	-10466837.1285518	4245552953.72133	4173281	-1685160777.69685	683534025559.433	25921	-10466837.1285518	4245552953.72133	4173281	-1685160777.69685	683534025559.433	671898241	-271310885207.618	110048978114323	
162	1	-408.183998742145	167356.105698994	162	-66125.8077962275	27111689.1232369	26244	-10712380.8629889	4392093637.96439	162	-66125.8077962275	27111689.1232369	26244	-10712380.8629889	4392093637.96439	4251528	-1735405699.8042	711519169346.301	26244	-10712380.8629889	4392093637.96439	4251528	-1735405699.8042	711519169346.301	688747536	-281135723368.375	115266105434632	
163	1	-412.446462425181	170855.778388536	163	-67228.7733753044	27849491.8773313	26569	-10958290.0601746	4539467175.92897	163	-67228.7733753044	27849491.8773313	26569	-10958290.0601746	4539467175.92897	4330747	-1786201279.80846	739933149692.019	26569	-10958290.0601746	4539467175.92897	4330747	-1786201279.80846	739933149692.019	705911761	-291150808608.687	120609103399317	
164	1	-416.78897100145	174461.658435924	164	-68353.3912442379	28611711.9834916	26896	-11209956.164055	4692320765.29262	164	-68353.3912442379	28611711.9834916	26896	-11209956.164055	4692320765.29262	4410944	-1838432810.90502	769540605486.173	26896	-11209956.164055	4692320765.29262	4410944	-1838432810.90502	769540605486.173	723394816	-301502980988.424	126204659303323	
165	1	-421.099304676246	178076.560999051	165	-69481.3852715805	29382632.5648434	27225	-11464428.5698108	4848134373.09641	165	-69481.3852715805	29382632.5648434	27225	-11464428.5698108	4848134373.09641	4492125	-1891630714.01878	799942171575.241	27225	-11464428.5698108	4848134373.09641	4492125	-1891630714.01878	799942171575.241	741200625	-312119067812.942	131990458310253	
166	1	-425.439148907377	181754.461594069	166	-70622.8987186246	30171240.6246154	27556	-11723401.1872917	5008425943.68615	166	-70622.8987186246	30171240.6246154	27556	-11723401.1872917	5008425943.68615	4574296	-1946084597.09042	831398706652.433	27556	-11723401.1872917	5008425943.68615	4574296	-1946084597.09042	831398706652.433	759333136	-323050043117.016	138012185303702	
167	1	-429.872880815971	185554.94873146	167	-71788.7710962671	30987676.4381538	27889	-11988724.7730766	5174941965.04644	167	-71788.7710962671	30987676.4381538	27889	-11988724.7730766	5174941965.04644	4657463	-2002117037.10379	864215308181.017	27889	-11988724.7730766	5174941965.04644	4657463	-2002117037.10379	864215308181.017	777796321	-334353545196.324	144323956466200	
168	1	-434.332390566154	189414.888828923	168	-72967.8416151138	31821701.3232591	28224	-12258597.3913391	5346045822.30752	168	-72967.8416151138	31821701.3232591	28224	-12258597.3913391	5346045822.30752	4741632	-2059444361.74497	898135698147.664	28224	-12258597.3913391	5346045822.30752	4741632	-2059444361.74497	898135698147.664	796594176	-345986652773.155	150886797286070	
169	1	-438.732349875128	193263.126519994	169	-74145.7671288967	32661468.3818789	28561	-12530634.6447835	5519788156.39367	169	-74145.7671288967	32661468.3818789	28561	-12530634.6447835	5519788156.39367	4826809	-2117677254.96842	932844198456.607	28561	-12530634.6447835	5519788156.39367	4826809	-2117677254.96842	932844198456.607	815730721	-357887456089.87	157650669538495	
170	1	-443.21302758884	197221.251054437	170	-75346.2146901029	33527612.6792542	28900	-12808856.4973175	5699694155.47322	170	-75346.2146901029	33527612.6792542	28900	-12808856.4973175	5699694155.47322	4913000	-2177505604.54397	968948006430.66	28900	-12808856.4973175	5699694155.47322	4913000	-2177505604.54397	968948006430.66	835210000	-370175952772.482	164721161093133	
171	1	-447.791101904746	201306.848091029	171	-76572.2784257115	34423471.023566	29241	-13093859.6107967	5886413544.8654	171	-76572.2784257115	34423471.023566	29241	-13093859.6107967	5886413544.8654	5000211	-2239049993.44623	1006576716201.89	29241	-13093859.6107967	5886413544.8654	5000211	-2239049993.44623	1006576716201.89	855036081	-382877548879.548	172124618469871	
172	1	-452.289078315759	205361.004240315	172	-77793.7214703105	35322092.7293342	29584	-13380520.0928934	6075399949.44549	172	-77793.7214703105	35322092.7293342	29584	-13380520.0928934	6075399949.44549	5088448	-2301449455.97767	1044968791326.78	29584	-13380520.0928934	6075399949.44549	5088448	-2301449455.97767	1044968791326.78	875213056	-395849306428.159	179734632104524	
173	1	-456.756678998933	209426.610932486	173	-79018.9054668154	36230803.69132	29929	-13670270.6457591	6267929038.4149	173	-79018.9054668154	36230803.69132	29929	-13670270.6457591	6267929038.4149	5177717	-2364956821.71632	1084351723676.29	29929	-13670270.6457591	6267929038.4149	5177717	-2364956821.71632	1084351723676.29	895745041	-409137530157.094	187592848197491	
174	1	-461.24957286914	213551.745740568	174	-80257.4256792304	37158003.7588589	30276	-13964792.0681861	6465492654.04145	174	-80257.4256792304	37158003.7588589	30276	-13964792.0681861	6465492654.04145	5268024	-2429873819.86438	1124995721805.89	30276	-13964792.0681861	6465492654.04145	5268024	-2429873819.86438	1124995721805.89	916636176	-422798044656.488	195749255595140	
175	1	-465.923875119468	217892.156667901	175	-81536.6781459068	38131127.4168827	30625	-14268918.6755337	6672947297.7544	175	-81536.6781459068	38131127.4168827	30625	-14268918.6755337	6672947297.7544	5359375	-2497060768.2184	1167765777139.46	30625	-14268918.6755337	6672947297.7544	5359375	-2497060768.2184	1167765777139.46	937890625	-436985634438.623	204359011000645	
176	1	-470.348253068681	222039.230351073	176	-82781.2925400879	39078904.5417888	30976	-14569507.4870555	6877887199.35484	176	-82781.2925400879	39078904.5417888	30976	-14569507.4870555	6877887199.35484	5451776	-2564233317.72176	1210508147086.45	30976	-14569507.4870555	6877887199.35484	5451776	-2564233317.72176	1210508147086.45	959512576	-451305063919.03	213049433887215	
177	1	-475.028293859628	226472.969603233	177	-84080.0080131541	40085715.6197723	31329	-14882161.4183283	7095171664.48289	177	-84080.0080131541	40085715.6197723	31329	-14882161.4183283	7095171664.48289	5545233	-2634142571.0441	1255845384653.7	31329	-14882161.4183283	7095171664.48289	5545233	-2634142571.0441	1255845384653.7	981506241	-466243235075.258	222284633083020	
178	1	-479.605424364027	230843.947066278	178	-85369.7655367968	41090222.5777975	31684	-15195818.2655498	7314059618.84795	178	-85369.7655367968	41090222.5777975	31684	-15195818.2655498	7314059618.84795	5639752	-2704855651.26787	1301902612154.7	31684	-15195818.2655498	7314059618.84795	5639752	-2704855651.26787	1301902612154.7	1003875856	-481464305925.611	231738664963841	
179	1	-484.163860256811	235241.074211473	179	-86665.3309859692	42108152.2838536	32041	-15513094.2464885	7537359258.57764	179	-86665.3309859692	42108152.2838536	32041	-15513094.2464885	7537359258.57764	5735339	-2776843870.12144	1349187307331.39	32041	-15513094.2464885	7537359258.57764	5735339	-2776843870.12144	1349187307331.39	1026625681	-497055052751.661	241504528011428	
180	1	-488.693352613566	239647.81893026	180	-87964.8034704419	43136607.4074468	32400	-15833664.6246795	7764589333.34043	180	-87964.8034704419	43136607.4074468	32400	-15833664.6246795	7764589333.34043	5832000	-2850059632.44232	1397626079993.72	32400	-15833664.6246795	7764589333.34043	5832000	-2850059632.44232	1397626079993.72	1049760000	-513010733839.617	251572694400873	
181	1	-493.412418221969	244286.187278654	181	-89307.6476981764	44215799.8974363	32761	-16164684.2333699	8003059781.18861	181	-89307.6476981764	44215799.8974363	32761	-16164684.2333699	8003059781.18861	5929741	-2925807846.23996	1448553820442.63	32761	-16164684.2333699	8003059781.18861	5929741	-2925807846.23996	1448553820442.63	1073283121	-529571220169.395	262188241499268	
182	1	-498.112349738884	248946.601004383	182	-90656.4476524769	45308281.3827977	33124	-16499473.4727508	8246107211.66918	182	-90656.4476524769	45308281.3827977	33124	-16499473.4727508	8246107211.66918	6028568	-3002904172.04064	1500791512531.99	33124	-16499473.4727508	8246107211.66918	6028568	-3002904172.04064	1500791512531.99	1097199376	-546528559311.395	273144055280203	
183	1	-502.809579372361	253653.092544843	183	-92014.1530251421	46418515.9357063	33489	-16838590.003601	8494588415.97381	183	-92014.1530251421	46418515.9357063	33489	-16838590.003601	8494588415.97381	6128487	-3081461970.65898	1554509680170.73	33489	-16838590.003601	8494588415.97381	6128487	-3081461970.65898	1554509680170.73	1121513121	-563907540630.663	284475271470446	
184	1	-507.420625534659	258315.173123999	184	-93365.3950983773	47529991.8548159	33856	-17179232.6981014	8745518501.28612	184	-93365.3950983773	47529991.8548159	33856	-17179232.6981014	8745518501.28612	6229504	-3160978816.45066	1609175404236.65	33856	-17179232.6981014	8745518501.28612	6229504	-3160978816.45066	1609175404236.65	1146228736	-581620102226.922	296088274378284	
185	1	-512.094125753116	263085.917939462	185	-94737.4132643264	48670894.8188004	34225	-17526421.4539004	9004115541.20381	185	-94737.4132643264	48670894.8188004	34225	-17526421.4539004	9004115541.20381	6331625	-3242387968.97157	1665761375171.36	34225	-17526421.4539004	9004115541.20381	6331625	-3242387968.97157	1665761375171.36	1171350625	-599841774259.861	308165854406728	
186	1	-516.625541551881	267751.534287971	186	-96092.3507286499	49801785.3775625	34596	-17873177.2355289	9263132080.22663	186	-96092.3507286499	49801785.3775625	34596	-17873177.2355289	9263132080.22663	6434856	-3324410965.80837	1722942566911.11	34596	-17873177.2355289	9263132080.22663	6434856	-3324410965.80837	1722942566911.11	1196883216	-618340439640.33	320467317446889	
187	1	-521.209463374221	272516.927010609	187	-97466.1696509794	50960665.350984	34969	-18226173.7247331	9529644420.34693	187	-97466.1696509794	50960665.350984	34969	-18226173.7247331	9529644420.34693	6539203	-3408294486.5251	1782043506666.04	34969	-18226173.7247331	9529644420.34693	6539203	-3408294486.5251	1782043506666.04	1222830961	-637351068979.97	333242135744734	
188	1	-525.922645476337	277448.498916342	188	-98873.4573495513	52160317.7962723	35344	-18588209.9817156	9806139745.6992	188	-98873.4573495513	52160317.7962723	35344	-18588209.9817156	9806139745.6992	6644672	-3494583476.56254	1843554272244.07	35344	-18588209.9817156	9806139745.6992	6644672	-3494583476.56254	1843554272244.07	1249198336	-656981693593.758	346588203173928	
189	1	-530.630855446096	282419.944926306	189	-100289.231679312	53377369.5910718	35721	-18954664.78739	10088322852.4122	189	-100289.231679312	53377369.5910718	35721	-18954664.78739	10088322852.4122	6751269	-3582431644.81671	1906693019167.87	35721	-18954664.78739	10088322852.4122	6751269	-3582431644.81671	1906693019167.87	1275989841	-677079580870.347	360364980622401	
