# lnPI (bias) matrix in single row (vectorized) notation.
# species_total_upper_bound: 189
# species_total_lower_bound: 145
# volume: 729
0
3.28607188722506
6.57779747437468
9.8699833879442
13.1624780828518
16.4524889749549
19.7493827637134
23.0425998240962
26.3367611286087
29.6353937200859
32.9325586621334
36.2357553282573
39.5377253546521
42.8463757986273
46.1520241370676
49.4624508102238
52.7730424071711
56.083341874604
59.3966844263576
62.7072549081514
66.022465838915
69.3362755785012
72.651670280616
75.9706157621351
79.2926499251621
82.6075259097071
85.9248785756135
89.2469501803594
92.5673888297731
95.8914689131008
99.2181394386564
102.543273032563
105.869228935335
109.200341009569
112.527323076795
115.856734977541
119.186249930641
122.517576469246
125.851602393611
129.192445586304
132.52874452378
135.867061773996
139.204192269518
142.546233465155
145.889307994612
