# lnPI (bias) matrix in single row (vectorized) notation.
# species_total_upper_bound: 189
# species_total_lower_bound: 145
# volume: 729
0
3.28687500249607
6.57872992336713
9.87303197751197
13.1645739961214
16.4541271773235
19.7520048259043
23.0448059280726
26.3384035094372
29.6344156858718
32.9318895374498
36.2335885940053
39.5328819304113
42.8379777247072
46.1403639636645
49.4482432457519
52.754394148817
56.0613972966212
59.3709232155683
62.6793966969602
65.9932390821634
69.304186732815
72.6186825216491
75.9334194711684
79.2487673575456
82.5660048806775
85.8845862236217
89.2062986225274
92.5259950099502
95.8489828394355
99.1717160675026
102.496069627434
105.822426282098
109.149939917125
112.477386595797
115.804722431316
119.129865348414
122.460530476687
125.795418663494
129.134040242557
132.469333027193
135.809156391556
139.149058301176
142.491516775904
145.834165458254
