# <P(N_2)> as a function of N_tot.
# number_of_species: 2
# species_total_upper_bound: 100
# species_total_lower_bound: 0
# volume: 512
# Bin widths for each species index 
1	1	1	1	1	1	1	1	1	1	1	1	1	1	1	1	1	1	1	1	1	1	1	1	1	1	1	1	1	1	1	1	1	1	1	1	1	1	1	1	1	1	1	1	1	1	1	1	1	1	1	1	1	1	1	1	1	1	1	1	1	1	1	1	1	1	1	1	1	1	1	1	1	1	1	1	1	1	1	1	1	1	1	1	1	1	1	1	1	1	1	1	1	1	1	1	1	1	1	1	1	
# Bin lower bound for each species index 
0	0	0	0	0	0	0	0	0	0	0	0	0	0	0	0	0	0	0	0	0	0	0	0	0	0	0	0	0	0	0	0	0	0	0	1	0	0	0	1	1	1	1	1	1	1	1	2	2	2	2	2	2	2	3	3	3	3	3	4	4	4	4	4	4	4	4	5	5	5	4	4	4	4	6	5	6	6	6	6	7	8	9	9	10	9	10	9	9	10	10	10	10	9	9	9	10	10	11	11	12	
# Bin upper bound for each species index 
0	1	2	3	4	5	6	7	8	9	9	10	11	11	12	12	13	14	14	15	15	16	17	17	17	18	19	19	19	20	20	21	21	22	22	23	23	23	24	24	25	25	25	26	26	27	27	27	28	29	29	29	29	29	30	31	31	32	33	33	32	33	34	35	36	36	36	37	37	36	37	38	38	37	38	38	38	39	40	41	41	41	42	42	43	43	44	44	45	45	46	46	46	46	47	47	47	48	48	48	49	
# Normalized histogram for each species index 
1	
0.715156442936934	0.284843557063066	
0.511932103365933	0.40661931342875	0.0814485832053174	
0.364437367957475	0.439788608772243	0.173387618337819	0.022386404932462	
0.260606679161486	0.419164084197765	0.249311857088954	0.0644287331366327	0.00648864641516203	
0.187079687136994	0.372576473321459	0.297154805235034	0.117760396499652	0.0236846588709053	0.00174397893595601	
0.132465086793579	0.319582470991119	0.318522800017402	0.169997949023922	0.0511376702154768	0.00775331108335043	0.000540711875151493	
0.0938897584973166	0.266634366925065	0.319807816537468	0.211675114291393	0.0852557891075333	0.0200072053269728	0.00257776783939575	0.000152181474855893	
0.065981559136752	0.218369406469972	0.303255671098241	0.24373656267825	0.122429279728214	0.038132220111949	0.0072365658123194	0.000792919510834477	6.58154534684744e-05	
0.0470921556192874	0.174243499824895	0.281388723249188	0.25989342268412	0.156796118036428	0.0615706429659918	0.015989752423861	0.00279221209453768	0.000227163017860692	6.31008382946367e-06	
0.0339681762238465	0.138221184035365	0.248332830984854	0.266618315625549	0.186801421646196	0.0890224298595936	0.0289541104664306	0.00704543741993821	0.000926205008414337	0.00010988872981187	
0.024092049842599	0.108653611460543	0.216252667680542	0.261100993222057	0.209925336237272	0.117637671091418	0.0463472334353467	0.013086498563677	0.00254407540226432	0.000331699867945902	2.81631963350294e-05	
0.0176163968731133	0.0831760722989825	0.185776648237886	0.248266967596324	0.224205239084188	0.144790787506362	0.0667071277971127	0.0227246145919274	0.00566455826244733	0.000881926202691297	0.000180178471517577	9.48307744829352e-06	
0.0128182010863204	0.0647932859452158	0.155115417588014	0.230695985296397	0.231259075077583	0.166804275686226	0.0902019214647927	0.0351646404924821	0.0104045072489901	0.00232195449095735	0.000370120811228896	5.06148117919858e-05	
0.00893622540165565	0.0503781684059356	0.129605319347482	0.210062980618671	0.22892553356383	0.185765937323055	0.112375011466838	0.0508178623283533	0.0174865323965849	0.00466265353700546	0.000882551110464399	9.48979688671397e-05	6.32653125780931e-06	
0.00667169590308216	0.0380216639133189	0.105273377195914	0.186718359577671	0.225357537329348	0.199555644681264	0.133561240502542	0.066767888007181	0.0272724668404618	0.0084510270146389	0.00203715905437623	0.000276926308954269	3.50136712470915e-05	
0.00451490300610915	0.0300897879015904	0.0885125052610099	0.163588710191692	0.212605379621717	0.206575943474435	0.152161159080184	0.0853718417998393	0.0380833343961636	0.0137902228117387	0.00385169691481628	0.000723787416939814	0.000114785669646843	1.5942454117617e-05	
0.00350813582178797	0.022247878579698	0.0714985433125962	0.141963411065735	0.198631095505261	0.207985064183301	0.167452260091854	0.10542854598425	0.0512575855883363	0.0207880106357264	0.00702899380430772	0.00180336628372963	0.000330776179026246	7.31524242077274e-05	3.18054018294467e-06	
0.00210976515318106	0.0161929255941284	0.0569827808744371	0.121088409358179	0.182791072697663	0.204898989416118	0.178858368469528	0.125094413584083	0.0677355718515261	0.0297693599635412	0.0104245344653403	0.00308497381915297	0.000777617367637732	0.000149786951963006	4.14304335216825e-05	
0.00163842456234301	0.0126196942457509	0.043966517487154	0.104578663504571	0.16630328067424	0.196540820359816	0.1876027999847	0.139001517295898	0.0835724030651927	0.0407789210623621	0.0161738642593938	0.00546991546494281	0.00135791607696133	0.000353823203151895	3.82511570975022e-05	3.18759642479185e-06	
0.00115252855851152	0.00930937432344663	0.0358207149497599	0.0870222737287164	0.149211059180113	0.188247392483731	0.191014097780268	0.151678489105103	0.0984934350445092	0.0532550972326579	0.0231365332450365	0.00865988309157826	0.00225411662824905	0.000582631840352508	0.000143270124676846	1.91026832902462e-05	
0.000753772823005907	0.00655275617982866	0.0294826521401764	0.0720549810765016	0.132154111704065	0.178048741864479	0.190973728800139	0.164167286892904	0.111409523507894	0.0659202837732981	0.0306734865160177	0.0122440577047934	0.00419325721705807	0.0010958209947901	0.000212196551014268	4.11724651221714e-05	2.21697889119384e-05	
0.000711856363204935	0.00482796804555881	0.0229375939254924	0.0603527643755438	0.115732025626829	0.164676105354742	0.18774341532864	0.169788815945583	0.127786126710433	0.0777568615043898	0.0409902712963695	0.0179292889345883	0.00615360278414933	0.00198370639879775	0.000484062326979356	8.54227635845923e-05	5.06208969390176e-05	9.49141817606581e-06	
0.000445221916285649	0.00391542678151919	0.0175720564831889	0.0497069745118347	0.0985171899866118	0.153797332457625	0.178303483466795	0.174886957839695	0.140254376436709	0.0919746381387829	0.0521351706368252	0.0250176825725617	0.00914441609619319	0.00312602622072903	0.000865183014626014	0.00024945057720969	8.20976583221765e-05	6.31520448632127e-06	
0.000334895124116556	0.00289083998647782	0.0134779490517097	0.0404054126634588	0.0843872525014454	0.136507675733057	0.173162894884003	0.174685719882344	0.149966668456987	0.106733603566317	0.063459466632124	0.0326585933772909	0.0140087262295548	0.00504238318952852	0.00168079439650951	0.000451792478761014	0.000123216130571186	2.21157157435462e-05	
0.000252675198665875	0.00207193662906017	0.0102428208659179	0.0322381969097823	0.0723914444177732	0.1221968845148	0.161478402587394	0.174257450759921	0.156289085694794	0.119303753490076	0.0769522317536922	0.0415113767008199	0.0196802395360883	0.00769395979937589	0.00243831566712569	0.00071696587621442	0.000224249238815964	4.42181597665281e-05	1.57921999166172e-05	
7.27613238764703e-05	0.00159442205364091	0.00735522078316493	0.0262446931686607	0.0615687341427767	0.106816786986479	0.149562482995995	0.172627822664836	0.160524134614776	0.130850168616459	0.0894932648322377	0.0515624703418517	0.0253778843537845	0.0109363433322156	0.00365704740874781	0.00117050825366496	0.000417586728334525	0.000139195576111508	2.53082865657288e-05	3.1635358207161e-06	
7.29498707518594e-05	0.0011449957974531	0.00611193047560144	0.0207367936945938	0.0514708914157033	0.0943432132832199	0.136317934567138	0.1655613175381	0.165640610875874	0.139045625386555	0.101019712323771	0.0617568231917154	0.0327005724978987	0.0150625624435035	0.00604849580538243	0.00202356597998636	0.000605801100591528	0.000260082147897934	6.9778137240909e-05	6.34346702190082e-06	
7.58859686843903e-05	0.000730402448587256	0.00478081602711659	0.0166411605494144	0.0430431538208585	0.0813813775832849	0.124130473275491	0.158551083904586	0.166509624870361	0.145764298181266	0.111473326082007	0.0726892722535603	0.0403903068322667	0.0202362583158374	0.00865416234538234	0.00344016391369236	0.00106872739230516	0.000335163028356057	8.85336301317886e-05	1.5809576809248e-05	
4.43994811603487e-05	0.000624764127756336	0.00340607448330104	0.0127458224845315	0.0347806507061103	0.0715243927578103	0.112210174458247	0.148789004151351	0.164262223335733	0.151912824790133	0.120909301374164	0.083509081279593	0.0492707385219413	0.026281321455415	0.011965660172714	0.00497908467298196	0.00191234908140645	0.000650135259847963	0.000177597924641395	3.80566981374418e-05	6.34278302290696e-06	
3.81385828973881e-05	0.00048308871670025	0.0025743543455737	0.0106501992740956	0.0282320859897916	0.0608501090127828	0.101029106095181	0.138983352508565	0.161249928490157	0.153476014009573	0.130618289993071	0.0919902619485002	0.0592737142530241	0.0330502602958283	0.0164409074440157	0.00682998455387393	0.00284768085633831	0.00101385066202223	0.000292395802213309	4.76732286217352e-05	2.86039371730411e-05	
1.58783086425634e-05	0.000390606392607059	0.00216262563711713	0.0084917194620429	0.0237952333317455	0.0501024150907445	0.0894488639070166	0.128188761333143	0.154353038314359	0.156407691452706	0.13536893250131	0.103907651756935	0.0697565855285095	0.040689753727433	0.0212705822575779	0.00965401165467854	0.00393782054335572	0.00139729116054558	0.000482700582733927	0.000139729116054558	3.17566172851268e-05	6.35132345702536e-06	
1.90810563272783e-05	0.000289396020963721	0.00170139418918231	0.00692324327074747	0.0195326413270239	0.0432440339897217	0.0769570803439678	0.11616547092047	0.145092352312624	0.155920851778354	0.142519589884496	0.114444995674961	0.0796379687579504	0.0490701165216506	0.0265099475906986	0.0132422530911311	0.00571795654607439	0.00201941179463695	0.000763242253091131	0.00018445021116369	3.49819366000102e-05	9.54052816363914e-06	
3.19696160768805e-06	0.000242969082184292	0.0014194509538135	0.00552434965808496	0.0161158834643555	0.0358443335453985	0.0678714949312174	0.105045764505414	0.136021125522304	0.153355051359188	0.14641125074729	0.121839403830599	0.0900360297573186	0.0582678222617225	0.0332452037583481	0.0168064271716161	0.00754802635575149	0.00283250798441162	0.000965482405521792	0.000406014124176383	0.000124681502699834	6.71361937614491e-05	6.39392321537611e-06	
6.39378013068887e-06	0.000140663162875155	0.00120203066456951	0.00454917456298513	0.0131647932890884	0.0302138080075702	0.0583911970435161	0.0948325468983773	0.127798877252209	0.14971675554021	0.147267937750157	0.129023286147236	0.0978663955703891	0.0678060382859554	0.0403671308551042	0.02130087850539	0.0095331261748571	0.00428383268756154	0.00152811345123464	0.000585030881958031	0.000294113886011688	8.31191416989553e-05	4.47564609148221e-05	
6.0928876760123e-05	0.00091713993438922	0.0036910072184685	0.0107715840545923	0.0263822036371333	0.0513919041556701	0.0836938291874974	0.11906785232123	0.142047659208758	0.148653632162751	0.134088423834094	0.106943005845965	0.0755165325696914	0.0479606463591789	0.0261513152620423	0.0127982709026132	0.00585237895195918	0.00266804344549591	0.000869038189578597	0.000266162987952116	0.000169959498330869	2.88610468863741e-05	9.62034896212469e-06	
6.45734118976511e-06	6.45734118976511e-05	0.000613447413027686	0.00259585115828558	0.00884655742997821	0.0218064411978368	0.0444491080797482	0.0747792396480749	0.108709338929696	0.135697796432319	0.147198321091291	0.138526111873436	0.115014932601501	0.0839615788199209	0.055862458632658	0.0319702962305271	0.0167568003874405	0.00775203809831302	0.00338364678343692	0.00138187101460973	0.000384211800791024	0.000209863588667366	1.61433529744128e-05	1.29146823795302e-05	
6.4672385861323e-06	6.4672385861323e-05	0.000417136888805533	0.00199514310382181	0.0066580221244232	0.018480134259873	0.0379497560234243	0.0666804634423171	0.0986900608243789	0.128387620411898	0.143873423206392	0.140701242679894	0.121836307724146	0.0925138479746226	0.0633886390019757	0.0389489443849818	0.0209409185418964	0.0105998040426708	0.0048148591273755	0.00195957329159809	0.000724330721646818	0.000232820589100763	9.05413402058522e-05	4.52706701029261e-05	
3.2315711575811e-06	1.61578557879055e-05	0.000261757263764069	0.00136049145734164	0.00552598667946369	0.0148135221863518	0.0321605961602471	0.058051944274787	0.090506613410374	0.120366330906423	0.139933494265577	0.141817500250447	0.126800389081167	0.100666673129809	0.0709976183320569	0.0457073424528271	0.0264439467824862	0.0139539242584352	0.00640174246316817	0.00260787792416795	0.00106641848200176	0.000371630683121827	0.000122799703988082	3.87788538909732e-05	3.2315711575811e-06	
2.58338688479063e-05	0.000222817118813192	0.00116252409815578	0.00421414985581472	0.0126424495674442	0.0276551566016837	0.0514449205769995	0.0808438633259169	0.112651814344902	0.132882962886418	0.139674041159812	0.131126259804761	0.109335391431552	0.0795909206867934	0.0520068072244414	0.0322051467525212	0.0177963064026015	0.0086608045312606	0.00379112025343025	0.00125940110633543	0.000513448143352138	0.000242192520449122	2.90631024538946e-05	2.2604635241918e-05	
1.62039887738766e-05	0.000171762281003092	0.000972239326432595	0.00367830545166998	0.00971267087106162	0.0235087469131401	0.0448234737462974	0.073028136606107	0.103468949916712	0.128283738325026	0.136982039498843	0.13256159136133	0.116289545834603	0.0887719320988054	0.060103835160063	0.0367960177077189	0.0214994523051794	0.0111256586921437	0.0051463868345832	0.00197688663041294	0.000709734708295794	0.000220374247324721	0.000100464730398035	4.86119663216297e-05	3.24079775477532e-06	
2.90679835539809e-05	9.04337266123849e-05	0.000791295107858368	0.00255475277679987	0.00838126859139782	0.019627348450838	0.0393031435409326	0.0635393822730517	0.0948165325771351	0.120977717775718	0.135140285318407	0.134013093511703	0.119521088822068	0.0975424634793084	0.0698923515675718	0.0434178781017961	0.0253505114350218	0.0135359910083038	0.00661458114650587	0.0031522613276317	0.00110135359910083	0.000439249529260155	0.000109812382315039	5.49061911575194e-05	3.22977595044232e-06	
9.64475164764507e-06	0.000106092268124096	0.000668702780903392	0.00200289342549429	0.00598939077318759	0.0160360070728179	0.0328275196913679	0.055897765632535	0.0855457321973959	0.113261533515512	0.13048384504099	0.135563414242083	0.12479344156888	0.104111879119113	0.0776852596045652	0.05163157048706	0.0308278411830895	0.0170133419064459	0.00878315383378878	0.00409580453303327	0.00173284037936023	0.000636553608744575	0.000234688956759363	5.46535926699887e-05	6.42983443176338e-06	
1.93027834613751e-05	8.68625255761881e-05	0.00052760941461092	0.00159569676614034	0.00500907230822685	0.0130776357950817	0.027554723391113	0.0486751856284343	0.0775714524701129	0.105573357011414	0.126040741741626	0.135190261102318	0.12760105007142	0.109594770232534	0.0854212510777387	0.0582139777889305	0.0371289039879551	0.0211751534571285	0.0107902559549087	0.00512810613957199	0.00236459097401845	0.00110991004902907	0.00039570706095819	0.000122250961922042	2.89541751920627e-05	3.21713057689586e-06	
9.65254070959044e-06	2.89576221287713e-05	0.000405406709802799	0.00136744326719198	0.00442408115856229	0.0107400602962043	0.0238160354441295	0.0428991084269898	0.0684397311445661	0.0965865398537318	0.121689580725807	0.133414200174389	0.128488186898928	0.1135975340976	0.0919597553402682	0.0665446156519165	0.043529741086683	0.0258237639117243	0.0142954127909034	0.00659268530465027	0.00308881302706894	0.00141248845717007	0.000566282388295973	0.000131918056364403	0.000119048002084949	2.89576221287713e-05	
6.47878198898607e-06	4.85908649173955e-05	0.000291545189504373	0.00107871720116618	0.00387107223841918	0.00902818270165209	0.0199773242630386	0.0386232588273405	0.0602397149335925	0.0872303206997085	0.114577259475219	0.129964366699061	0.12993521218011	0.117246517654681	0.098127632005183	0.0743505021056041	0.0501814058956916	0.031162941367023	0.0180207321023648	0.00929705215419501	0.00387107223841918	0.00165856818918043	0.000741820537738905	0.00028830579850988	0.000132815030774214	4.53514739229025e-05	3.23939099449304e-06	
6.51669577457446e-06	1.30333915491489e-05	0.000198759221124521	0.000827620363370956	0.00288689622813649	0.00765711753512499	0.016845658577275	0.0332449234939916	0.055030237468394	0.0792071787920653	0.106108098949509	0.124371138857754	0.128841592159112	0.121826369157782	0.103973881083336	0.0814489221385189	0.0569950212444282	0.0366629304277559	0.022075306936371	0.0121797044026797	0.00561739175768318	0.00236230221828324	0.000918854104214999	0.000371451659150744	0.000202017569011808	0.00011730052394234	9.77504366186169e-06	
1.31371087194275e-05	0.000147792473093559	0.000742246642647653	0.0024369336674538	0.0059018460922028	0.0142866057323774	0.0282086566977907	0.0488043588926731	0.0721260111468368	0.0984429241890299	0.117862855153524	0.128168916943914	0.12323264834259	0.109576623828745	0.0886721995789557	0.063652576022806	0.0424558511040098	0.0266256350970997	0.0152160561742769	0.00775417842164207	0.003464912424749	0.00135312219810103	0.000515631517237529	0.000259457897208693	6.56855435971374e-05	1.31371087194275e-05	
1.97240603950729e-05	0.000138068422765511	0.000512825570271896	0.00202500353389415	0.0049211530685707	0.0115254259575209	0.0246912362712321	0.0425184995249789	0.0662596935538483	0.0909081943608911	0.111868295874055	0.124830290897017	0.124915761825396	0.113133923082739	0.0936103906350161	0.0718448899890531	0.0491326344441267	0.0304999720575811	0.0183795369448088	0.0100789948618823	0.00479294667600272	0.00210389977547445	0.000818548506395527	0.000318872309720346	0.00011176967557208	2.62987471934306e-05	1.31493735967153e-05	
2.32170930872764e-05	0.000122718920604175	0.000480925499665011	0.00165504706436442	0.00390047163866243	0.0100132005757839	0.0205902448408302	0.0367526583571585	0.0600858369098712	0.0833427307281544	0.105475253895497	0.121256243739677	0.125587889964246	0.116105365801885	0.0989744678310592	0.0782150698834502	0.0554921692061744	0.036673056895145	0.0215686794780797	0.0126035648188072	0.00616579657846382	0.00294193736691631	0.00134327467147813	0.000447758223826044	0.000116085465436382	5.3067641342346e-05	9.95018275168987e-06	3.31672758389662e-06	
9.97947554529518e-06	6.32033451202028e-05	0.000452402891386715	0.00137716762525073	0.00324665604406936	0.007990233419933	0.0175239590575383	0.031984219122671	0.0528147110775505	0.0765059860220813	0.101008924977629	0.117332020477884	0.125285662487484	0.118303356097626	0.103563670717225	0.0828695649281311	0.0624282725195182	0.0423229557875968	0.0256006812655306	0.0150290901712145	0.00806674273244693	0.00363918208218431	0.00161667503833782	0.000685257320776935	0.000186283543512177	6.98563288170662e-05	1.33059673937269e-05	9.97947554529518e-06	
1.6559142633831e-05	4.30537708479606e-05	0.000278193596248361	0.00109290341383285	0.00270245207784122	0.0063686462569714	0.0148270563143323	0.0278392305959967	0.0475114920449879	0.0700617324837389	0.0927576933776677	0.114195159431425	0.123802773987574	0.119974300210632	0.108409394995165	0.0895485315352312	0.0668724416124631	0.0471339435929365	0.0300680911945103	0.0180030998715011	0.00973015221163909	0.00502073204657756	0.00224210791262072	0.00102997867182429	0.000298064567408958	0.000119225826963583	3.64301137944282e-05	1.6559142633831e-05	
1.32207804226684e-05	2.31363657396696e-05	0.000191701316128691	0.000869266312790444	0.00228388981801596	0.00571798753280406	0.0125266894504783	0.0241180086860527	0.0423197181329614	0.063033375860177	0.0857995597480119	0.1080137760532	0.120794965526815	0.121601433132598	0.113014536248075	0.0958143009181832	0.0736232209787344	0.0508867838468505	0.0352532109970452	0.0203633070460149	0.0120507413552622	0.0065079291630585	0.00297137039999471	0.00138487674927451	0.000548662387540736	0.000208227291657027	5.61883167963405e-05	9.91558531700126e-06	
1.98377273899502e-05	3.30628789832503e-06	0.000115720076441376	0.000585212958003531	0.0019143406931302	0.00518425942457365	0.010487545213487	0.0212759626257216	0.0373775846905645	0.0573012755658712	0.0788615789508487	0.101370786962646	0.116900421221078	0.122706262770537	0.114738108935574	0.0999027951357892	0.080603992673266	0.057380626475431	0.0398804446295966	0.0249492484807607	0.0141013178863563	0.00750527352919783	0.00376916820409054	0.00183168349567207	0.000843103414072884	0.000314097350340878	5.95131821698506e-05	1.65314394916252e-05	
2.97387942571084e-05	4.29560361491566e-05	0.000472516397640722	0.00144398367670626	0.00415682257504915	0.00929832967105589	0.0177177127562906	0.0322401572851785	0.0526442744560279	0.074069423563038	0.0940671105457069	0.112491945743222	0.121258281428123	0.116364597617592	0.103864391098188	0.0854626860739835	0.0651676111487435	0.0439638508434252	0.0297189683942703	0.017284848084326	0.00941398053761131	0.00470203380309614	0.00238240785104168	0.00105407504089084	0.000512168123316867	0.000168519834123614	3.30431047301204e-06	3.30431047301204e-06	
9.87176576274198e-06	8.55553032770972e-05	0.000227050612543066	0.00113196247412775	0.00323793917017937	0.00784147260420471	0.0156533299111212	0.0284635912825727	0.0466539649947186	0.0686877461771587	0.0889873871739438	0.108405150429257	0.117447687867929	0.116809313681938	0.106631523180551	0.0910472956297693	0.0705929969693679	0.0504940818764252	0.0334093459297064	0.0207208363359954	0.0117638542006009	0.00584079474295567	0.0034024685995584	0.00133926955514533	0.000816065969720004	0.000227050612543066	3.94870630509679e-05	2.96152972882259e-05	3.29058858758066e-06	
3.29291825001153e-06	7.24442015002535e-05	0.000227211359250795	0.000875916254503066	0.00256189039850897	0.00657595774527302	0.0136853682470479	0.0252039962855882	0.0413228311193946	0.063151586198721	0.0837454969342931	0.102031071976607	0.113497013323147	0.117728413274412	0.110954880434138	0.093999644364829	0.0757700489327652	0.0563615887671973	0.038273588819884	0.023432406267082	0.0147983746155518	0.00793593298252778	0.00422152119651478	0.00203173056025711	0.0010010471480035	0.000355635171001245	0.00010866630225038	6.2565446750219e-05	9.87875475003458e-06	
6.58176193767071e-06	6.91085003455425e-05	0.000230361667818475	0.000668048836673578	0.00218185408233784	0.00488695823872051	0.0115773192483628	0.0229407312337513	0.0379010761180768	0.0566590976404383	0.0777207358409846	0.0962352321716523	0.109866061144568	0.116250370224109	0.111541119557706	0.09918057063876	0.0799289169710732	0.0621910685490506	0.0437259354329154	0.0281534866883865	0.0175074867542041	0.0101293316220752	0.00569322407608517	0.00264915917991246	0.0012472438871886	0.00055286800276434	0.000180998453285945	8.88537861585546e-05	1.97452858130121e-05	1.64544048441768e-05	
3.28791625019728e-06	4.60308275027618e-05	0.000141380398758483	0.000647719501288863	0.00178862644010732	0.00414606239149876	0.00927192382555632	0.0188890788573833	0.0340036298595402	0.0506371981692882	0.0703449681729707	0.0894773528328686	0.106426561102636	0.116901862275764	0.112857725288021	0.103122205271187	0.0863308169814298	0.0675074964490504	0.0482962017991478	0.0328265558419696	0.0209538902625072	0.0122474880319848	0.00696709453416803	0.00338984165395339	0.00163409437634805	0.000703614077542217	0.000282760797516966	0.000115077068756905	1.97274975011837e-05	1.64395812509864e-05	3.28791625019728e-06	
3.94651161261042e-05	0.000101951549992436	0.000470292633836075	0.00121684108055488	0.00389718021745279	0.0080179960929535	0.0161346549762223	0.0291022343833247	0.0452796432353502	0.0637427400630126	0.0833634802970408	0.101126071313465	0.114031164286701	0.114363329014096	0.106046055790519	0.0924930771608796	0.0734939125058375	0.0548926877717338	0.0370807653601521	0.0235113429321266	0.0145757828892412	0.00826465306874166	0.00476212401254991	0.0023744844869206	0.00105569185637329	0.000305854649977308	0.000187459301598995	5.5908914511981e-05	9.86627903152605e-06	3.28875967717535e-06	
1.96776150730531e-05	9.18288703409147e-05	0.000377154288900185	0.00108882803404227	0.00321401046193201	0.00706426381122608	0.0138497614089172	0.0253349294065559	0.0408146532640244	0.0584195595493826	0.0782808323631176	0.0961973008871325	0.110486529032681	0.113425052883591	0.108548283947986	0.0954462719118443	0.0796287489956217	0.0607316793204664	0.0423757440598199	0.0273715625666169	0.0165751110965351	0.00975025826869783	0.00539166653001656	0.00313202039912763	0.00149221914303986	0.000524736401948084	0.000200055753242707	0.000114786087926143	5.24736401948084e-05	
1.31161302169408e-05	5.57435534219984e-05	0.000354135515857401	0.000878780724535033	0.00267569056425592	0.00583339891398442	0.0121816059389838	0.022641719786994	0.036820256551507	0.0540712468193384	0.0729551952991789	0.0910029904776895	0.105132341753889	0.111034600351512	0.109526245376564	0.099416988011857	0.0839760237139634	0.0659511817633325	0.0474312058970121	0.0320754964455287	0.0202840953804989	0.0118077962278009	0.00681382964770074	0.00365940033052648	0.0019280711418903	0.000862385561763857	0.000357414548411637	0.000144277432386349	9.8370976627056e-05	1.6395162771176e-05	
2.62172161904419e-05	6.88201924999099e-05	0.000265449313928224	0.000802902245832282	0.00196956836630694	0.00458801283332733	0.0103525232432007	0.0195154403017602	0.0328829434068617	0.0500355570994583	0.0676797435956257	0.0863595101313155	0.101326263424034	0.109964836158785	0.110154910976165	0.100818304860344	0.0884241159063128	0.0707209406737169	0.0524606495970742	0.0362879043595953	0.0236151574835405	0.0143244314960527	0.00802246815427521	0.00474203897844617	0.00249063553809198	0.00104213434357006	0.000521067171785032	0.000285112226071055	0.000154026145118846	8.5205952618936e-05	1.31086080952209e-05	
1.63453177202858e-05	5.55740802489719e-05	0.000205951003275602	0.000637467391091148	0.00168356772518944	0.00384441872781123	0.00859109899378224	0.016698376583044	0.02950656754866	0.0452242250684869	0.0629817782398054	0.0811512334176752	0.0990199347494917	0.107267782071148	0.108850008826472	0.103750269697742	0.0912853304042524	0.0751590399414184	0.0571922667032802	0.0415236451366142	0.0273457165460382	0.0166787622017797	0.00987257190305265	0.00546914330920764	0.003144839129383	0.00149396203963413	0.000735539297412863	0.000339982608581946	0.000117686287586058	0.00012749347821823	2.28834448084002e-05	6.53812708811434e-06	
3.2583160371057e-05	4.23581084823741e-05	0.000166174117892391	0.000492005721602961	0.00139781757991835	0.00339190699462704	0.00709987064485333	0.014642872270753	0.0251183583300479	0.039487532053684	0.0579654423001105	0.076384702857869	0.0942207248449856	0.10620481122946	0.108185867380021	0.104093422437416	0.0944650985477685	0.080392431583509	0.0623511356860547	0.0456424910477767	0.0316545403004819	0.0200223520480145	0.0123034013561111	0.00667628956002959	0.00378942155115393	0.00201363931093132	0.000909070174352491	0.000495264037640067	0.000205273910337659	6.51663207421141e-05	6.19080047050084e-05	1.30332641484228e-05	1.30332641484228e-05	
2.59131133310012e-05	6.8021922493878e-05	9.71741749912543e-05	0.00045995776162527	0.0010818724815693	0.00277270312641712	0.00614140785944727	0.0121208587605758	0.0221006465321776	0.0353811171143157	0.0520076184553193	0.0704415594511603	0.0892901102602972	0.102615928790765	0.108954924139361	0.104760238918905	0.0990755496819165	0.0846387064173825	0.067374094660603	0.050718441067102	0.0354361824801441	0.0234610849820552	0.0135784713854446	0.00826304401342299	0.00446353377126495	0.00236133245228748	0.0011207421515658	0.000644588694108654	0.000310957359972014	0.000171674375817883	1.61956958318757e-05	2.59131133310012e-05	1.94348349982509e-05	
3.22895207589329e-06	4.19763769866128e-05	0.000145302843415198	0.000348726824196475	0.000913793437477801	0.00232807444671906	0.00499518886140692	0.0105812759527023	0.0188441643149132	0.0313240640882408	0.0484601127550065	0.0660611305207008	0.0827774154176004	0.0978211031391872	0.106468236798429	0.106213149584434	0.10226091224354	0.0883086103236056	0.07328752526655	0.056613216746637	0.0389540778435766	0.026961749833709	0.01615767618777	0.00942854006160841	0.00525027607540249	0.00273815136035751	0.00131095454281268	0.000636103558950978	0.000345497872120582	0.000271231974375036	9.68685622767987e-05	3.22895207589329e-05	1.93737124553597e-05	
5.17330574236937e-05	0.000122866011381273	0.000371831350232799	0.000853595447490947	0.00182035695809622	0.00455574236937403	0.00890778582514227	0.0161504138644594	0.0274152871184687	0.0429869374030005	0.0601008794619762	0.0779293843766167	0.093239136057941	0.104332643559234	0.106540998448008	0.103825012933264	0.0926280393171236	0.078036083807553	0.0617013709260217	0.0443416968442835	0.0303899379203311	0.0188340662183135	0.0117531039834454	0.00648279875840662	0.00333678220382825	0.00160695809622349	0.000727496120020693	0.000442964304190378	0.000239265390584584	0.000122866011381273	0.000135799275737196	1.29332643559234e-05	3.23331608898086e-06	
5.17982071345556e-05	8.74094745395625e-05	0.0002330919321055	0.000718700123991958	0.00145034979976756	0.00371328397395845	0.00797692389872156	0.0146103317998906	0.0242706974304852	0.0388745544544839	0.0553107730558676	0.0726210864026469	0.0890378806763551	0.101909735149292	0.10672373102486	0.105616544347359	0.0946385618227789	0.0804523278438025	0.0654988329216455	0.0492859940885296	0.0346594753489095	0.0221081222826175	0.0135160946741731	0.00815498023574659	0.00440284760643722	0.00211725171662496	0.00104243891858293	0.000492082967778278	0.0002330919321055	0.000106833802215021	3.88486553509167e-05	3.56112674050069e-05	9.71216383772917e-06	
2.26445612616256e-05	4.85240598463405e-05	0.0001520420541852	0.000469065911847958	0.00116457743631217	0.00284674484431864	0.00634371209057825	0.0122442377678932	0.0218455317428225	0.0349114435907804	0.0510990699555196	0.0676975333602911	0.0836975333602911	0.097953902143146	0.106261221188839	0.105209866558835	0.0991087747674889	0.0848394662353417	0.0704019409623939	0.0530853214718965	0.0380493327941771	0.0264391427416094	0.016326728669632	0.00927456530529721	0.00552203801051355	0.00255883542256369	0.00140719773554387	0.00056287909421755	0.000294379296401132	0.00010028305701577	3.23493732308937e-05	2.91144359078043e-05	
6.46730132450331e-06	3.23365066225166e-06	5.17384105960265e-05	8.73085678807947e-05	0.000346000620860927	0.00100889900662252	0.0023346957781457	0.00527408423013245	0.0105514021109272	0.0192143522350993	0.0316154025248344	0.0462088679635762	0.0624773644453642	0.079023954884106	0.0940733650662252	0.102733081539735	0.105307067466887	0.101125957160596	0.0892455246274834	0.0745097785596027	0.0588330401490066	0.0425807119205298	0.0294811930877483	0.0194148385761589	0.0113533474751656	0.00643496481788079	0.00348910906456954	0.00186258278145695	0.000734038700331126	0.000320131415562914	0.000190785389072848	6.14393625827815e-05	3.88038079470199e-05	6.46730132450331e-06	
3.22823283306485e-06	6.4564656661297e-06	3.55105611637134e-05	0.0001194446148234	0.000261486859478253	0.000803829975433148	0.00212094897132361	0.00461314471844967	0.00892283555059125	0.0166221708574509	0.0279500398686755	0.041666801176368	0.0580533110370052	0.0754470295415587	0.0886214477332963	0.100152695413004	0.104158932358837	0.101037231209264	0.0930473549474282	0.0791691819980824	0.0645549719627978	0.0475260437683808	0.0335381109027107	0.021654985844199	0.0133519709975562	0.00791562690667502	0.00427418027097786	0.00228881707864298	0.00102657804091462	0.000590766608450868	0.000267943325144383	0.000142042244654853	3.55105611637134e-05	1.61411641653243e-05	3.22823283306485e-06	
1.61574380766186e-05	6.46297523064743e-06	3.23148761532371e-06	9.69446284597114e-05	0.000232667108303307	0.000668917936372009	0.0018257905026579	0.00391333150215702	0.00802701523646411	0.0143671939377292	0.0246691764553812	0.0375918954290608	0.0526021554022394	0.0709117642306636	0.0838958814690343	0.0979657785461537	0.102816241456755	0.101943739800617	0.0948280040716744	0.0831397133670485	0.0679840364511803	0.052967313502771	0.0382155725388182	0.0256838635665929	0.015443279313632	0.00922912862936453	0.00514775977121068	0.003134542986864	0.00148648430304891	0.000604288184065535	0.0003134542986864	0.000174500331227481	6.46297523064743e-05	1.29259504612949e-05	1.61574380766186e-05	
6.48375980263435e-06	6.48375980263435e-06	2.91769191118546e-05	4.86281985197576e-05	0.000223689713190885	0.000664585379770021	0.00146208783549405	0.00368277556789631	0.0066069512388844	0.0127178948528673	0.0211565082359959	0.0340267714442251	0.0485892959609418	0.0663515559402586	0.079980419045396	0.0925394617830988	0.101555129788662	0.101973332295932	0.0969451765689888	0.0870898616689846	0.0724624995542415	0.0566291581162084	0.0429970531311697	0.0289337781192558	0.0186667444717843	0.0112006950590508	0.00633463332717376	0.00361469608996865	0.00190946726187582	0.000894758852763541	0.000437653786677819	0.000194512794079031	4.53863186184405e-05	2.26931593092202e-05	
6.50586340939772e-06	3.57822487516875e-05	0.000169152448644341	0.000621309955597482	0.00134346079404063	0.00279426833433632	0.00580973602459216	0.0112323731763252	0.019163020672381	0.0300798594733504	0.0441097539157165	0.0617178732332515	0.0771562871037523	0.0897060976204805	0.0978351739505229	0.101846038742417	0.0982808255940667	0.0898654912740107	0.0760828196412016	0.0608883756485533	0.0466633053039051	0.0331246035489485	0.0215734430655628	0.0134476196672251	0.00795016508628401	0.00410845274303466	0.00222175235430932	0.00128165509165135	0.000497698550818926	0.000283005058308801	9.43350194362669e-05	6.50586340939772e-06	3.25293170469886e-06	
9.79064340844932e-06	1.63177390140822e-05	1.63177390140822e-05	0.000150123198929556	0.000372044449521074	0.00118793140022518	0.00223226669712645	0.00464729207121061	0.00926847575999869	0.0175317787967299	0.027041757094137	0.0393844948843888	0.0559992167485273	0.0716838274888631	0.08670920157303	0.095670903839564	0.101039439975197	0.0989572964770001	0.0935789696979586	0.080025455672862	0.0655712024541879	0.0505262470832041	0.0376548145488961	0.024339539513405	0.0157009284793499	0.00964052020951977	0.00532611001419643	0.00281970530163341	0.00141964329422515	0.000760406638056231	0.000492795718225283	0.000208867059380252	1.30541912112658e-05	3.26354780281644e-06	
1.95497688239837e-05	4.23578324519646e-05	8.47156649039292e-05	0.000228080636279809	0.00094490549315921	0.00207227549534227	0.00405657703097661	0.00782642411920146	0.0149327650867195	0.0242254218677197	0.0361572974399578	0.0517873376147327	0.0675607427608835	0.0823762092346591	0.0939170894304175	0.0989283468389653	0.0999579679970284	0.0958753246076199	0.0840542310587177	0.0692974138914141	0.0532112124440795	0.040692843807122	0.0278812286378047	0.0178684887051211	0.0115539133749743	0.00671860388584238	0.00380243003626482	0.0019126190499464	0.000935130608747218	0.000648400665995458	0.000280213353143766	0.00010752372853191	4.23578324519646e-05	
9.83168161082271e-06	4.91584080541136e-05	7.86534528865817e-05	0.0002162969954381	0.000704603848775628	0.00157634628493524	0.00332966283886529	0.00671176131298831	0.0130040375439148	0.0221180063971475	0.0330344502123643	0.0467299826962404	0.0625983168161082	0.0783519479838498	0.0907628074039117	0.0987068061454564	0.100365083110482	0.0958621729327251	0.0880558177337318	0.0741538199360285	0.0571187929316764	0.0433314980860993	0.0306814010801741	0.0210496303287714	0.0136463740758219	0.00821600859944418	0.0046733259923444	0.00242842535787321	0.00123223742855645	0.000622673168685439	0.000327722720360757	0.000140920769755126	9.1762361701012e-05	1.96633632216454e-05	
1.64137849531551e-05	6.56551398126202e-06	4.92413548594652e-05	0.000180551634484706	0.000564634202388534	0.0013229510672243	0.00239969536015127	0.00560694893999777	0.0110070841895858	0.0194634661974513	0.0295087025887822	0.0431781026977697	0.0586169088247073	0.0736322392998536	0.0868256396451996	0.0970350138860621	0.0997104608334263	0.0971367793527716	0.0902758172423528	0.0773745822691729	0.0621031967487575	0.0477411349147468	0.0336121488270709	0.0241446776660911	0.0157441025270663	0.0103341190065064	0.00574154197661364	0.00331886731752795	0.00162824746735298	0.0009421512563111	0.00039064808188509	0.000206813690409754	0.000141158550597133	1.96965419437861e-05	1.96965419437861e-05	
3.28934384169046e-06	9.86803152507138e-06	3.94721261002855e-05	0.00021709669355157	0.000526295014670474	0.00112495559385814	0.00230583003302501	0.00468402563056721	0.009170690630633	0.016726313434996	0.0264693498940831	0.0397879031090878	0.0540866807889162	0.0696551451916372	0.0821941239161612	0.0944469297264582	0.0988579398181651	0.0975882530952726	0.0919700538136653	0.0811777166690789	0.0671322184650606	0.0518400589450416	0.0382419115034933	0.0272390563530387	0.0180321829401471	0.0115752009789087	0.00676946962619897	0.00376629869873558	0.00215780956014894	0.00105259002934095	0.000621685986079497	0.000223675381234951	0.000194071286659737	8.88122837256424e-05	6.57868768338092e-06	1.64467192084523e-05	
1.31985758736632e-05	2.30975077789107e-05	7.25921673051478e-05	0.000376159412399402	0.000989893190524742	0.00189729528183909	0.00398926955781471	0.00784655335689279	0.0147527081827871	0.0237046422690992	0.0364181704794053	0.0506198381194669	0.0651085747847807	0.0789241840805377	0.0904795372579299	0.097527576774466	0.0958744551462897	0.0933865235941042	0.0845071816750973	0.0715296819473179	0.0568462662878675	0.0426182014960586	0.0310892454704137	0.0201113299874944	0.0133800562919261	0.0078894487284822	0.00468879407911886	0.00259352015917482	0.00141224761848197	0.000689625589398904	0.000310166533031086	0.000174881130326038	9.56896750840584e-05	3.62960836525739e-05	2.30975077789107e-05	
1.99487980849154e-05	7.31455929780231e-05	0.000299231971273731	0.000784652724673338	0.00158925424743159	0.00333144928018087	0.00650663297536323	0.0124613492037105	0.0210858795757556	0.032297104099478	0.0462679123582804	0.0609103301526083	0.0756192439405526	0.0872892908202281	0.0942115237556937	0.0970642018818366	0.0936097350134654	0.0870233068457625	0.0747514712238588	0.0611929381254779	0.0473118994580577	0.0350367390364731	0.0242344648734914	0.0152408817368754	0.00939588389799515	0.0055158426704791	0.00317518369518237	0.00173887023306846	0.000984140705522492	0.000485420753399608	0.000239385577018985	0.000162915184360142	7.31455929780231e-05	1.66239984040962e-05	
4.33503844845639e-05	0.000140055088334745	0.000593566802942491	0.00131385011437832	0.0029711686596728	0.00597234912398877	0.0105074662700662	0.0183105354772877	0.0292248284325168	0.041926491086494	0.0564188580841798	0.0707678353485704	0.0839563561667589	0.0925397322947026	0.0973382863926478	0.0956742985574326	0.0888882960631182	0.0779506605931666	0.0646954468757711	0.051633642566076	0.0382817241448303	0.0271606832020595	0.0179103780820456	0.0113578007349557	0.00643253012851722	0.00379149131991917	0.00206081058549696	0.000980385618343215	0.000513535323894065	0.000300118046431596	0.000203413342581415	0.000126716508493341	6.66928992070214e-06	6.66928992070214e-06	
3.33325555737033e-06	0.000139996733409554	0.000453322755802365	0.00105330875612902	0.00233994540127397	0.00551653794744789	0.00931644928285007	0.016336285486672	0.0256227354695057	0.0383924375097914	0.052168782728403	0.0669817704253567	0.0813547683887376	0.0884412697037069	0.0973177292529841	0.0972977297196399	0.0897712386710977	0.0816547613889009	0.0686817307596156	0.0542820667517758	0.0413990340225395	0.0302259613942341	0.0204195235444506	0.0135330175629235	0.00806314519327882	0.00440989710240094	0.00246660911245404	0.0012133050228828	0.000446656244687624	0.000346658577966514	0.000186662311212738	0.000119997200065332	2.9999300016333e-05	1.33330222294813e-05	
8.7025210534067e-05	0.000361489336064586	0.000846822240966114	0.00175723982809174	0.00409353201858323	0.00805317909788328	0.0138872153271478	0.0233997402632178	0.0350209529929978	0.0479174197694501	0.0630430707849674	0.0788180637560081	0.0866804568154128	0.0940642112168802	0.096875794941827	0.0917680845081737	0.0831994483940501	0.072793241488265	0.0583169324282711	0.0449016615120965	0.0336787564766839	0.0231487060020618	0.0154670576106894	0.00965979836928144	0.00596122692158359	0.00303918812172819	0.00160661927139816	0.000763144153914126	0.000425084682224097	0.000197480285442691	9.70665809803055e-05	5.69010991953515e-05	1.00413704462385e-05	3.3471234820795e-06	
1.00613743837408e-05	6.70758292249388e-05	0.000311902605895965	0.000664050709326894	0.00151926753194486	0.00361874098668545	0.00675118221149009	0.0121507864640977	0.0212429151155381	0.0312606902102827	0.0443538920749908	0.0584934768756079	0.0743669718616896	0.0849280611731563	0.092095113525841	0.0952141395848006	0.0935439514370996	0.0851125197035248	0.075064560485629	0.0625381493778717	0.0489150484622866	0.036764261998189	0.0265620283730758	0.0178421705738337	0.0111748331488748	0.0071737599356072	0.00393399738404266	0.00222020994734547	0.00111345876513398	0.000472884596035818	0.000311902605895965	0.000154274407217359	3.01841231512225e-05	1.34151658449878e-05	1.00613743837408e-05	
5.02142474558115e-05	0.000271156936261382	0.000565747188002143	0.00129552758435994	0.00287560257096947	0.0058851098018211	0.010334092126406	0.0187633904659882	0.0283275307980718	0.0413062399571505	0.0546331012319229	0.0692856186395287	0.0837104981253348	0.0910216925549009	0.0943324852704874	0.0932009908944831	0.0870748527048741	0.0771792983395822	0.0659078735940011	0.0525542313872523	0.0401713979646492	0.029703401178361	0.0201292179967863	0.0128347616497054	0.00819161756829138	0.00483061060524906	0.00271491697911087	0.00158677021960364	0.000609266202463846	0.000348152115693626	0.000227637921799679	4.68666309587574e-05	1.00428494911623e-05	1.67380824852705e-05	3.3476164970541e-06	
6.68339743825376e-06	2.33918910338882e-05	0.000187135128271105	0.00041771233989086	0.00104595169908671	0.00214537057767946	0.00495908089918429	0.00985466952270517	0.0162874395570244	0.0268806244966566	0.0373902669683107	0.0507938205307286	0.0652266172986376	0.0792116264381836	0.0888390604479881	0.0936343981099352	0.0931899521802913	0.0875124060564948	0.0809793850606017	0.0688423353127329	0.0570962643150019	0.0433551991819522	0.0325681957166106	0.0227335763862202	0.0147134994603157	0.00973771006753573	0.00565081253404356	0.00312448830238363	0.00184461769295804	0.000959067532389415	0.000451129327082129	0.000230577211619755	6.34922756634107e-05	2.00501923147613e-05	1.67084935956344e-05	6.68339743825376e-06	
1.33547454418584e-05	5.00802954069692e-05	0.000140224827139514	0.000353900754209249	0.00116186285344168	0.00190972859818576	0.0045005492139063	0.00868058453720799	0.0147970579495792	0.0235878191366825	0.0345487264580878	0.0469552849735743	0.0608408815467466	0.0731940210804657	0.0858943839956731	0.0922913070623233	0.0933730414431138	0.0885720104567657	0.0822285063718829	0.0724628487675239	0.0616521823323395	0.0482807434586787	0.0358574915113899	0.0254341126940194	0.0166867544296021	0.0112079701120797	0.00712475669323148	0.00390292435538313	0.00211672715253456	0.00122195920793005	0.000460738717744116	0.000310497831523209	0.000140224827139514	3.00481772441815e-05	1.00160590813938e-05	3.33868636046461e-06	3.33868636046461e-06	
5.99095365997344e-05	0.000126475688377217	0.000312860913354169	0.000931926124884757	0.00192043347878037	0.00423027894545902	0.00753861668879991	0.0128439389854653	0.0213943611812829	0.0314525067148606	0.0434277574196297	0.0578659557401657	0.0701440824355224	0.0807713685667975	0.0899708107424456	0.0931926124884757	0.0904334454972991	0.0841762272302157	0.074833667828246	0.0645125859951473	0.0519149417712587	0.0389678252505384	0.0280975726652754	0.019117798790493	0.0129204900600094	0.00859369019447301	0.00467627216236816	0.00283904637330964	0.00132133811278303	0.000765510745441051	0.000359457219598406	0.000176400302210329	4.9924613833112e-05	3.99396910664896e-05	9.9849227666224e-06	9.9849227666224e-06	
1.66863565674162e-05	0.000176875379614612	0.000276993519019109	0.000694152433204515	0.00160856477309892	0.00356086849148662	0.00634749003824513	0.0115102487602037	0.0189256656187635	0.0285069715597739	0.0392362988326225	0.0540037243947858	0.0667087162852166	0.0783524558979596	0.0883542580244689	0.0925825807786521	0.0914512458033813	0.0855075655940677	0.0781054978207618	0.0674195550749885	0.0543741615105825	0.0425902565026732	0.0313403149049211	0.021415270018622	0.0141166576560341	0.00966140045253399	0.00597705292244849	0.00361426483250235	0.0017320438116978	0.000927761425148342	0.000517277053589903	0.000226934449316861	6.34081549561816e-05	4.33845270752822e-05	2.33608991943827e-05	2.33608991943827e-05	6.67454262696649e-06	
2.02351322365892e-05	7.41954848674936e-05	0.000161881057892713	0.000563211180585065	0.00123434306643194	0.00283966355720135	0.00543313300552419	0.010073723331782	0.0167108467053832	0.0257896760355329	0.0361871614831003	0.0511004539414665	0.0623511874650101	0.0738683502296688	0.0854731985673526	0.0912537013429383	0.0917191093843798	0.087719298245614	0.0817499342358202	0.0703137120001079	0.059005645601894	0.0461327289773839	0.03423109870023	0.0244440397417997	0.0160026170771026	0.0104952885867109	0.00655618284465489	0.00393910574205602	0.0023101775970106	0.00107246200853923	0.00064077918749199	0.000290036895391111	0.000118038271380103	4.72153085520414e-05	4.72153085520414e-05	1.68626101971576e-05	1.34900881577261e-05	
3.71091312077673e-05	2.69884590601944e-05	0.000141689410066021	0.000371091312077673	0.00116387729697088	0.00231088680702914	0.00484105484392237	0.00865317468617482	0.0143173775314331	0.0226804262827109	0.0335601488413517	0.0459006217466256	0.0592194262928315	0.0704398781471073	0.0820145535265482	0.0904720618845366	0.0913491868039929	0.0907520671472861	0.0839476019067346	0.0732972812501054	0.0612907905257014	0.049705994474113	0.0379289056517207	0.0278453426353556	0.0184432382102603	0.0115105777891729	0.00736784932343307	0.00456104958117285	0.00279330551273012	0.00147761813354564	0.00081640088657088	0.000394706213755343	0.000212534115099031	8.09653771805831e-05	5.39769181203888e-05	1.68677869126215e-05	3.3735573825243e-06	
3.35865761172575e-06	3.69452337289832e-05	3.69452337289832e-05	8.39664402931436e-05	0.000342583076396026	0.00087660963666042	0.00197824933330646	0.00395649866661293	0.00726813507177451	0.0123094801469749	0.0200377513115558	0.0302749397120959	0.0420235240379125	0.0550685502018553	0.0671294896855625	0.0792844715823979	0.0887961899388053	0.0922119447299303	0.0904956706903385	0.0855651613163251	0.0764296126124311	0.0638380052260712	0.0526368820909659	0.0419294816247842	0.0304260793046235	0.0220126419872505	0.0137100403710645	0.00852427301855994	0.00533018962980876	0.00322766996486844	0.00201519456703545	0.00100759728351772	0.00058440642444028	0.000295561869831866	0.000124270331633853	7.72491250696921e-05	1.67932880586287e-05	3.35865761172575e-05	
3.3562790947444e-06	2.68502327579552e-05	4.69879073264216e-05	0.000117469768316054	0.000302065118526996	0.000795438145454423	0.0018593786184884	0.00344354235120776	0.00658501958388852	0.0108474940342139	0.0177177973411557	0.0269173583398501	0.0379729416779382	0.0512570943349365	0.0646553604811562	0.0761673977761295	0.0874411392553759	0.0907302927682254	0.0899784862510027	0.086954478786638	0.0775736787168274	0.0682969232989538	0.0556336822744832	0.044987564985954	0.0339420504851501	0.0243833676233181	0.0161202084920574	0.0101057563542754	0.00660851353755173	0.00387314607533504	0.00214466234154167	0.00125524838143441	0.000550429771538082	0.000302065118526996	0.000234939536632108	7.71944191791213e-05	5.37004655159104e-05	3.02065118526996e-05	6.71255818948881e-06	
3.36281400275751e-06	1.345125601103e-05	4.03537680330901e-05	0.00010761004808824	0.000373272354306083	0.000595218078488079	0.00151999192924639	0.00310724013854794	0.00602952550694421	0.0099001244241181	0.0153142549685577	0.0238423512795507	0.033712210377644	0.047163466388674	0.0601203887412987	0.0724652789454215	0.0838046877627198	0.0899989911557992	0.0909674815885933	0.0880418334061943	0.0809093049063456	0.0702760870296264	0.0608501193798971	0.0483101859636144	0.0374819248747352	0.0274876416585399	0.0184450348051249	0.0116588761475603	0.00716615663987625	0.00482563809395702	0.00265326024817567	0.00132494871708646	0.000642297474526684	0.000396812052325386	0.000242122608198541	0.000104247234085483	6.72562800551502e-05	3.02653260248176e-05	6.72562800551501e-06	
1.00624205488044e-05	5.03121027440221e-05	7.71452242075005e-05	0.000295164336098263	0.000647349055306418	0.00132153123207631	0.00276381151073828	0.00522575040501243	0.0088851173445943	0.0136479964043617	0.0221272627868209	0.0309486514679395	0.0425573306410768	0.055460707924827	0.0680588584519301	0.0799694102415316	0.088901485548687	0.0918967327320478	0.0889920473336263	0.081955061229829	0.0738212712862121	0.0632221883081382	0.0529887066100041	0.040336889839974	0.0303650310761088	0.0212350614981603	0.0133058741057024	0.00862684855050832	0.00533308289086634	0.00325351597744676	0.0019755885677486	0.000908971989575332	0.000395788541586307	0.000231435672622502	0.000137519747500327	3.01872616464132e-05	1.34165607317392e-05	2.68331214634784e-05	
1.67775663804414e-05	6.37547522456773e-05	8.38878319022069e-05	0.000265085548810974	0.000543593150726301	0.00118114067318307	0.00227839351446394	0.00442927752443653	0.00773110258810739	0.0128683934137985	0.0199351043732405	0.0287030605636591	0.040178915967881	0.0513259310710463	0.0628923853337226	0.0747239251452098	0.0863944003194449	0.0906089249942117	0.0899411778522702	0.0842535828493005	0.0761768623937561	0.0661807883442891	0.056865883489868	0.0443129083240218	0.0328202753534194	0.0242167393135291	0.0159017774153823	0.00988198659807998	0.00628152085283725	0.00413399235614076	0.00233208172688135	0.00124489542542875	0.000630836495904596	0.00029192965501968	0.000161064637252237	0.000104020911558737	2.34885929326179e-05	1.67775663804414e-05	3.35551327608828e-06	
2.33940017779441e-05	6.68400050798404e-05	0.000180468013715569	0.000411066031241018	0.00102933607822954	0.00189825614426747	0.00363609627634332	0.00669736850900001	0.0114196148678907	0.018010039368763	0.0267560540334601	0.0371563588238833	0.0482885616699307	0.0597349125398534	0.0708036173810749	0.0822900722540455	0.0890074927645695	0.08960236880978	0.0863639705636618	0.0780357059307137	0.0676153491387665	0.0599320905548389	0.0483320076732326	0.0369424708076278	0.026782790035492	0.0186817814198154	0.0118540749009097	0.00733903255776647	0.00474898236092266	0.00305458823214871	0.00166765812674202	0.000775344058926148	0.000441144033526947	0.000193836014731537	0.000103602007873753	8.68920066037925e-05	3.00780022859282e-05	6.68400050798404e-06	
1.65901859096233e-05	0.000106177189821589	0.00019908223091548	0.000338439792556315	0.000812919109571542	0.00166233662814426	0.00294309898036717	0.00569706984136464	0.00987779669058972	0.0165039169428933	0.0240358613458622	0.0335619460951679	0.0443356128248773	0.0574883122140267	0.0681358935308229	0.0787502944757999	0.0872311975127993	0.0896931811017874	0.0870553415421573	0.0814843571137058	0.0703125259221655	0.0598739809478305	0.0517613800380247	0.0409313066762226	0.0303368139543372	0.02104962788213	0.013696857486985	0.00868662134227876	0.00572693217600196	0.00359343426802441	0.00205718305279329	0.0010086833033051	0.000464525205469453	0.000301941383555144	0.000145993636004685	6.30427064565685e-05	4.31344833650206e-05	1.65901859096233e-05	
2.64424348193982e-05	0.000353667565709451	0.000211539478555185	0.000697419218361627	0.00163612565445026	0.00261449574276799	0.00491829287640806	0.00826987148976678	0.0151779575863345	0.0220166322915014	0.0304352424771273	0.0411840922312127	0.0529774181606642	0.064717859220477	0.0762930350626686	0.0845893489872547	0.0890250674282088	0.0876401449045428	0.0839084562906552	0.0737743931461209	0.0616240943466074	0.0523989898989899	0.0460792479771537	0.0332381405679835	0.0242741551642075	0.01537627584748	0.0101803374054683	0.00669654661801259	0.00430020096250463	0.00253186313395737	0.00143450208895235	0.000509016870273415	0.000492490348511291	0.00022145539161246	5.94954783436459e-05	4.62742609339468e-05	4.62742609339468e-05	2.31371304669734e-05	
