# <P(N_2)> as a function of N_tot.
# number_of_species: 2
# species_total_upper_bound: 100
# species_total_lower_bound: 0
# volume: 512
# Bin widths for each species index 
1	1	1	1	1	1	1	1	1	1	1	1	1	1	1	1	1	1	1	1	1	1	1	1	1	1	1	1	1	1	1	1	1	1	1	1	1	1	1	1	1	1	1	1	1	1	1	1	1	1	1	1	1	1	1	1	1	1	1	1	1	1	1	1	1	1	1	1	1	1	1	1	1	1	1	1	1	1	1	1	1	1	1	1	1	1	1	1	1	1	1	1	1	1	1	1	1	1	1	1	1	
# Bin lower bound for each species index 
0	0	0	0	0	0	0	0	0	0	0	0	0	0	0	0	0	0	0	0	0	0	0	0	0	0	0	0	0	0	0	0	0	0	0	0	0	0	0	0	0	0	1	1	1	1	1	1	1	2	2	2	2	2	3	3	2	2	3	3	4	4	4	3	4	4	4	4	4	4	4	4	4	4	6	5	6	6	6	6	7	8	8	8	8	9	9	9	9	9	9	10	9	9	9	9	9	10	10	11	11	
# Bin upper bound for each species index 
0	1	2	3	4	5	6	7	8	9	9	10	11	11	12	13	14	14	15	16	17	17	17	17	17	18	19	19	19	20	20	21	21	22	22	23	23	23	24	24	25	25	25	26	27	27	28	28	29	29	30	30	31	30	30	31	33	34	34	35	35	35	34	35	36	36	36	37	37	38	38	38	39	39	39	40	40	41	40	41	42	42	42	43	43	43	44	44	45	45	46	46	46	47	48	48	49	50	50	50	51	
# Normalized histogram for each species index 
1	
0.716230744116856	0.283769255883144	
0.513188651854039	0.405835376972898	0.0809759711730628	
0.366828291650017	0.437057573922489	0.172702542744109	0.0234115916833853	
0.261925581561876	0.418052550912914	0.247915493306857	0.0654084118365554	0.00669796238179763	
0.186973375286593	0.373039293312494	0.296745409354108	0.118005246452448	0.0234107448998561	0.00182593069450086	
0.133004612956632	0.319774078445138	0.318969782231963	0.169153720077279	0.0504177641670836	0.0080761289858958	0.000603913136008977	
0.0947399603271831	0.267010793054904	0.319501833448919	0.211124169272531	0.0846251915466169	0.0200675794459925	0.00275051944258723	0.000179953461266402	
0.0666084800121915	0.218112674300202	0.304084841683811	0.242674369471402	0.121348267907982	0.038369942436774	0.00784272978533281	0.000889424575549137	6.92698267561633e-05	
0.0478221925969129	0.173331666909687	0.280542420896953	0.259938481193715	0.156920171363898	0.0616868373362218	0.0166239645607238	0.00285930524020803	0.000272182528936752	2.77737274425257e-06	
0.0344219939459849	0.137815428733713	0.247955557710557	0.265084125873641	0.187095388835399	0.0896465258681001	0.0296314254642682	0.00716368699217965	0.00108196471492793	0.000103901861228674	
0.0242599359713293	0.108862545436473	0.216051896631937	0.260339084133232	0.208873175465892	0.11752809019787	0.0473132945774425	0.0135857298067405	0.00277899340524019	0.00036445815150691	4.27962223360387e-05	
0.0174862358897099	0.0836536650751626	0.186204595052675	0.247054701953008	0.222937045119695	0.144462230395144	0.0678678645412148	0.0230278827087326	0.00612461366330272	0.00100946040256561	0.000166166321409977	5.53887738033255e-06	
0.0125572276696215	0.0645155934590624	0.15601207021311	0.229876406219951	0.230169721806769	0.166603253312598	0.0902664882791368	0.0359754334360399	0.0110007180697621	0.00261770325594137	0.000366644483522444	3.87397944853903e-05	
0.00900099089674082	0.0498958660119654	0.129847551158326	0.209771596228235	0.229611643105805	0.184975683642741	0.11173224505139	0.0513483520295417	0.0178098832621371	0.00504154994492715	0.000851314354735505	9.53582637609576e-05	1.79660496940935e-05	
0.00649522231091571	0.0381315894687475	0.106466308541736	0.18727130107811	0.224899320595596	0.1978504203564	0.132088888397001	0.0680303636079404	0.0276659117728844	0.00862156026445723	0.0021180373499493	0.000314039502572495	4.42698858251976e-05	2.76686786407485e-06	
0.00454055547878955	0.029980654967528	0.088484178527014	0.16375984523974	0.213208511814288	0.205864308415089	0.150638386071577	0.0854387177007047	0.0391198010225231	0.0139864584772696	0.00398507668923587	0.000816636727925936	0.000147851319607572	2.07268205057344e-05	8.29072820229377e-06	
0.00342028280236461	0.022242898143591	0.0711111909883705	0.14179657474023	0.199586082186327	0.208640015926297	0.16664546847091	0.104498349305713	0.0520355797890872	0.0209240017032289	0.00688480531761349	0.00180691577311663	0.000313825463272743	7.32720244645612e-05	2.07373654144985e-05	
0.00221716617411666	0.0167407104331215	0.057092028983504	0.120897758782273	0.182782128866564	0.205069901554504	0.179819917450646	0.123184038615183	0.0675240446418945	0.0300146797411279	0.0107374980302607	0.00299123915261125	0.00074642751497693	0.000136845044412437	3.87036489247297e-05	6.91136587941602e-06	
0.00161932682468125	0.0124913571369306	0.0446746134911635	0.103469590950577	0.164728821528335	0.198527256132976	0.187768620184197	0.139614735735819	0.0830544569516276	0.0407431479381586	0.0163868683795669	0.00513593495035539	0.00142296097574467	0.000297314489587079	5.39314655530049e-05	9.68000663771884e-06	1.38285809110269e-06	
0.00120202639189665	0.00926960606253865	0.0363255980323923	0.0875524413474896	0.147207333608769	0.188250919889863	0.191407798891418	0.15233570226347	0.0992593742807945	0.0526077179244734	0.0229813027359618	0.00856669097523576	0.00239850710263115	0.000471382898783	0.000135869188472747	1.52506231959206e-05	1.10913623243059e-05	1.38642029053824e-06	
0.000815520168494525	0.00694928770495675	0.0293392758403192	0.0729327883565393	0.130615210632049	0.177190164854554	0.190485783274473	0.164068209162168	0.113050267718461	0.0658028914149483	0.0308716757480696	0.0124800982514247	0.00419708079901526	0.000947503841419533	0.000180609236634222	5.55720728105298e-05	1.52823200228957e-05	2.77860364052649e-06	
0.000684861907062012	0.0049610728389614	0.0227131945884773	0.0611656850776664	0.114754737309523	0.16366111585163	0.188011297437475	0.169989128513223	0.128006536812024	0.0785280480182853	0.040870387100097	0.0178634814092008	0.0063140927041327	0.00193905007426297	0.000432910677024971	6.959978730305e-05	2.783991492122e-05	6.959978730305e-06	
0.00040697941827031	0.00403355628929547	0.0175168401671961	0.0490605326134072	0.0984611439187937	0.151597045775428	0.179363634716459	0.175550293317872	0.139602303057503	0.0929836469537172	0.0524975574266078	0.025006933981527	0.00963091705564329	0.00322099121788591	0.000784689768788302	0.000229971246625346	5.01755447182574e-05	2.78753026212541e-06	
0.000280867630700779	0.00297830923248053	0.0140989988876529	0.0401849276974416	0.083801446051168	0.13621106785317	0.171874304783092	0.175221078976641	0.150461624026696	0.106453003337041	0.0641198553948832	0.0328378754171301	0.0140948275862069	0.00530033370411568	0.00155867630700779	0.000418520578420467	9.45494994438265e-05	9.73303670745273e-06	
0.000261275496944605	0.00222362125059239	0.0105886064426646	0.0327720079438869	0.0718952340847783	0.122072637367677	0.161268131199213	0.174573724857445	0.156082924395488	0.118670496854271	0.0771026771010094	0.0416970677384521	0.01955674889896	0.00771874526611882	0.00261553449600929	0.000674035191585817	0.000197346385990074	2.22362125059239e-05	6.94881640810121e-06	
0.000180771225670626	0.00174652814955621	0.00760629695706405	0.0265191388058809	0.0605249874503053	0.107435120511833	0.15046979660456	0.171959323693128	0.161043522758402	0.129689448939777	0.0887864827620731	0.0520064910775495	0.0255930339112914	0.0107475446400636	0.00396028039007649	0.00123063488245003	0.000411602175373119	7.64801339375727e-05	1.11243831181924e-05	1.39054788977405e-06	
0.000109713231832392	0.00122628840136711	0.00616477260891121	0.020833015072376	0.051222191514862	0.093628438780711	0.138067852773176	0.166312760482127	0.165111470032317	0.137380409105365	0.100907009008984	0.0619851984351282	0.0330625684839715	0.0148821138267836	0.00626198686496523	0.00198872592384791	0.000618004913486256	0.000202761162626951	3.19418269891773e-05	2.77755017297194e-06	
0.000105089367444973	0.000843480449229391	0.00502907933417589	0.0164464860051383	0.0421574294034519	0.0817968622527289	0.125309391394287	0.157535875574189	0.165609781054599	0.145778311213865	0.111098819957024	0.0733496129669217	0.0410885599161498	0.0203029892394019	0.008734862291446	0.00337668730658717	0.00108822805498939	0.000295909534647688	4.56309095484752e-05	6.9137741740114e-06	
8.31725331026682e-05	0.000658449220396123	0.00366790870982767	0.0131939361678533	0.0348298844456273	0.0708588395768182	0.112775023842793	0.149002206844545	0.162483088251602	0.151831459178921	0.120507297003571	0.0837381063277663	0.0503221549448843	0.0264377758555681	0.0120295207044159	0.00501807616386098	0.00185058886153437	0.000569731851753277	0.000123372590768958	1.66345066205336e-05	2.77241777008894e-06	
5.41559107010691e-05	0.000506843779638211	0.00277167173741882	0.010718704479527	0.0283041007133305	0.0603880062709767	0.10111880557056	0.138825205549453	0.159068407246894	0.15395136799219	0.130464366105065	0.0929884758999254	0.0602991350329032	0.0330795411466889	0.0164606196269352	0.00697916941496342	0.00278000341598821	0.000951199970005957	0.000254116196366555	2.36064226132865e-05	1.24975178540929e-05	
2.78127368428372e-05	0.000446394426327537	0.0021095960895292	0.00857883867917313	0.0231471502374512	0.0507638072855464	0.0888255376549691	0.128218107482322	0.153605573672463	0.155541340156725	0.136938791119393	0.104146183744846	0.0702911298229024	0.0410696778589755	0.0210917889847656	0.00948414326340748	0.0037672352053623	0.00139480875266828	0.000446394426327537	8.9000757897079e-05	1.39063684214186e-05	2.78127368428372e-06	
1.94815676539183e-05	0.000299181217542317	0.00166428249386331	0.00659311911030464	0.0192130003284036	0.0434536366520648	0.0779777576159014	0.115694072593887	0.145162726751532	0.156082145421553	0.14277066855174	0.113936556883394	0.0800789838414312	0.0492633184345725	0.0266702661182142	0.0127757337593303	0.00541170118614916	0.001942590603205	0.000737516489755478	0.000225429568566769	2.36561892940437e-05	4.17462164012535e-06	
5.57049531451713e-06	0.000220034564923427	0.00134945248994177	0.00526551069604732	0.0157951394643133	0.0364101499995126	0.0682329971075203	0.105501003385469	0.136465994215041	0.152969979208126	0.146019393679438	0.121570489744022	0.0898966533856774	0.0582144612843613	0.0334076530249878	0.0168994901604163	0.00736419480579164	0.00285070097720414	0.000992940789812678	0.000417787148588785	0.000114195153947601	3.34229718871028e-05	2.78524765725856e-06	
2.78262805306472e-06	0.000128000890440977	0.00106992048640338	0.00410576769229699	0.0126971318061343	0.0303751678272545	0.0588929314290882	0.0952730105948563	0.128636720951102	0.149059819546571	0.147120327793585	0.12886628776548	0.0983547711636255	0.0670390750544352	0.0402980194644832	0.0214721493714739	0.00982406834134498	0.00422124675649918	0.00164592449338778	0.00064278708025795	0.000196175277741063	5.56525610612943e-05	2.22610244245177e-05	
1.39701095535991e-06	6.14684820358361e-05	0.000831221518439148	0.00337378145719419	0.010282000631449	0.0257692640825689	0.0507869362711542	0.0838038931901304	0.119106360032075	0.143382219403365	0.148464545258964	0.134009672903855	0.107368673985141	0.0756830685066232	0.0476911599940767	0.0263881399357934	0.013278589130696	0.00576825823468108	0.00256770613595152	0.000940188372957221	0.00031293045400062	0.000103378810696633	2.09551643303987e-05	4.19103286607974e-06	
7.01912008310638e-06	6.31720807479574e-05	0.000522222534183115	0.00253951764606789	0.00846786646825954	0.0211149170340006	0.0439031922958138	0.0743338855041132	0.108587191509672	0.136263581997361	0.147791784821855	0.137965016705506	0.11473313305444	0.08474324058736	0.0562961507145464	0.0325504674733975	0.0169708285369346	0.00773085885953337	0.00339725412022349	0.00134486340792318	0.000485723109750962	0.00015442064182834	2.66726563158042e-05	7.01912008310638e-06	
2.81501812167916e-06	3.80027446426686e-05	0.000378619937365847	0.00207889088286006	0.00664485027622365	0.01765297864105	0.0370160807910201	0.0658657940110489	0.0994461451845596	0.128273338259615	0.144490657658609	0.14020057004117	0.12157641014814	0.0931531721735459	0.0639923994510715	0.0397199056968929	0.0211759738203315	0.0104929800485591	0.00483057109680144	0.00189591470495091	0.000782575037826806	0.000177346141665787	8.16355255286956e-05	3.23727083993103e-05	
1.4078102497033e-06	2.81562049940661e-05	0.000274522998692144	0.00152606631067838	0.00532996960537671	0.0144117535262127	0.0315039777678605	0.0577680857863254	0.0903236978107143	0.120402971605875	0.139232433695657	0.141387791187953	0.127188617009445	0.101458069075618	0.0718898304010992	0.0461269028315288	0.0266132449603913	0.0137458592781031	0.00654631766112036	0.00267061604368717	0.00107697484102303	0.000350544752176123	0.000116848250725374	2.39327742449562e-05	1.4078102497033e-06	
1.40937771745641e-06	1.97312880443898e-05	0.000207178524466092	0.00134595572017087	0.00416189239964878	0.0120896420603411	0.027062870930598	0.0510843047469251	0.0809518373352614	0.112018750361153	0.132917003155597	0.139865235302657	0.131618966277819	0.10888429431753	0.0804275488243676	0.0525768357497114	0.0325495783846558	0.0175833964029862	0.00866767296235693	0.0037151196632151	0.00148548411419906	0.000486235312522462	0.000233956701097764	3.52344429364103e-05	9.86564402219488e-06	
8.45726754143004e-06	2.81908918047668e-05	0.000184650341321223	0.00104447254136661	0.00347875604870822	0.00958913184739143	0.0228924136900609	0.0446064481026825	0.0730722011025458	0.103519773796284	0.127422830957546	0.137279776277083	0.132976436643085	0.115400825147403	0.0889690449912538	0.060866954495672	0.0376024210337882	0.0217126248680314	0.0111227163615707	0.00511100868420422	0.00204947783420655	0.000701953205938693	0.000253718026242901	8.17535862338237e-05	2.25527134438134e-05	1.40954459023834e-06	
1.40596353492976e-06	2.67133071636654e-05	0.0001181009369341	0.000725477184023755	0.00253495225347835	0.00811943941421935	0.0189214572530847	0.0381929994263669	0.063910884407302	0.0951893551688843	0.120642919005253	0.135762650859887	0.134464946517147	0.119242579324463	0.0972743990911852	0.069274635293059	0.0444059522872215	0.0258992542769411	0.0138178096212897	0.00677815020189636	0.00307484225089138	0.00106431439594183	0.000400699607454981	0.00011388304632931	3.79610154431035e-05	4.21789060478927e-06	
7.02433651629435e-06	9.8340711228121e-05	0.000647643826802339	0.00199772130523411	0.00612803117681519	0.0157766598155971	0.0321138616851945	0.0562003115995679	0.0858795382482148	0.113274450661763	0.131449218964023	0.135680679281438	0.124461408997613	0.103209981301216	0.0772381994658694	0.0517791941962122	0.030846671377655	0.0173276333183949	0.00896445826209485	0.00420055323674402	0.00179542041356484	0.000632190286466492	0.000226183635824678	6.04092940401314e-05	4.21460190977661e-06	
8.42964199310455e-06	8.99161812597819e-05	0.000476274772610407	0.00170138274227494	0.00495522455161329	0.0128523941588201	0.0271364225161357	0.0488764692163524	0.0778126202980159	0.105466060856395	0.126712973500015	0.135180548882089	0.127366270754481	0.108299825506411	0.0850227740827847	0.0587517948112744	0.0373742227167612	0.0212806312115924	0.0111510114165451	0.00552141550548348	0.00234203553375088	0.00107477935412083	0.000386358591350625	0.000132064391225305	2.38839856471296e-05	4.21482099655228e-06	
4.20845309889444e-06	5.19042548863648e-05	0.000333870612512292	0.00138317825183664	0.00416917420330476	0.0104930763932435	0.0233807625997579	0.0429640976866133	0.0693539042520807	0.0964984267399499	0.120293020561099	0.133069884169343	0.129945809152263	0.113149872834576	0.0915408689894522	0.0663939589058583	0.0438913601860697	0.0263687642999729	0.0144448138531053	0.00697340678486809	0.00301465523650805	0.00143648532442264	0.000555515809054066	0.000186574754050987	8.13634265786258e-05	1.96394477948407e-05	1.40281769963148e-06	
2.82005510387673e-06	5.21710194217195e-05	0.000273545345076043	0.00105893069150571	0.00357441984416376	0.00878306162102407	0.0196261734954301	0.0380397232961932	0.0610189423101327	0.0886794527965076	0.114100839530404	0.128939969487004	0.129881867891699	0.118945694198865	0.0977050391564651	0.0739108242175052	0.0503140131358167	0.031525396006238	0.0176746953635474	0.00908198746203501	0.00392128662194059	0.00172305366846868	0.000740264464767642	0.000283415537939611	0.000111392176603131	2.53804959348906e-05	5.64011020775346e-06	
2.82881030139559e-06	2.68736978632581e-05	0.000207917557152576	0.000743977109267041	0.00275101801810721	0.00736480761968343	0.0163208210339019	0.0326317412317489	0.0548506317440606	0.0798799452908088	0.10655704083812	0.124727903809135	0.129232784214107	0.122189046563632	0.104738115814323	0.0805291572549791	0.0574828397295092	0.0371564233088311	0.0216375699953749	0.0115373028142419	0.00548364876925536	0.00237195743772021	0.000929264184008453	0.000414420709154454	0.000152755756275362	6.08194214800053e-05	1.55584566576758e-05	2.82881030139559e-06	
7.10568426318318e-06	1.13690948210931e-05	0.000176220969726943	0.000660828636476035	0.00224681736401852	0.00591761385437895	0.0139157720610179	0.0280702951132788	0.0485375080649516	0.0728616864346803	0.0976164692707578	0.118909362733813	0.127869630589687	0.124015507445336	0.109974675341286	0.0886235152672732	0.0643973953403765	0.0421665515545816	0.0265866282391262	0.0144330658753777	0.00745528392893179	0.003328302508875	0.00135718569426799	0.000567033604202017	0.000221697349011315	5.25820635475555e-05	1.5632505379003e-05	4.26341055790991e-06	
1.42124996091563e-06	2.13187494137344e-05	0.000122227496638744	0.000541496235108854	0.00178793245083186	0.00484361986680045	0.0115590259321268	0.0246089430732541	0.0425792275790712	0.0663297356759323	0.0906814325062606	0.112554469404752	0.124622302822887	0.125516269048303	0.114228701858711	0.0940796411628099	0.0712714217900359	0.0489123174049113	0.0307601129040969	0.0176789282638295	0.00922675474626425	0.00456647612442191	0.00208639494262414	0.00094228872408706	0.000325466241049678	0.000100908747225009	2.98462491792281e-05	1.56337495700719e-05	5.6849998436625e-06	
1.70794922266961e-05	0.000102476953360177	0.000432680469742968	0.00138201557934349	0.00389412422768671	0.00981643815729358	0.0210319713861574	0.036689595884981	0.0601255058020458	0.0835073306603928	0.105717787010192	0.122340402819824	0.125447447114064	0.116647238744259	0.0993343267904645	0.0773957190252734	0.0556065568170658	0.0364092075542594	0.0214105667971825	0.0118432045681949	0.00583691646847339	0.00286508482102827	0.00138486216138128	0.00048818881947973	0.000200684033663679	5.8354931774545e-05	9.96303713223939e-06	4.26987305667402e-06	
7.13330869964062e-06	5.99197930769812e-05	0.000395185301960091	0.00120267584675941	0.00308729600520446	0.00790370603920181	0.0178632316456401	0.0322525419545551	0.0529990569765899	0.0767187350646349	0.100542559459695	0.116799369986176	0.125365047072704	0.119398747676325	0.103504309231785	0.0831244462769122	0.0617216668545105	0.0421150545626782	0.0259852169310509	0.0146889092743	0.00783379961394533	0.00373928042035162	0.00160642111915907	0.000701917576044637	0.000243959157527709	0.000118412924414034	1.56932791392094e-05	4.27998521978437e-06	1.42666173992812e-06	
1.99354660484774e-05	3.84469702363492e-05	0.000263432944212022	0.000975413874514785	0.0026286335946778	0.00646621080900969	0.0149245442610065	0.028910697655874	0.0468825202985763	0.0701258497492403	0.0931370734166256	0.113079659274406	0.122742664460475	0.121330094294754	0.108790686150262	0.0887327593817727	0.0674673129554898	0.0470277644083581	0.030347475173225	0.0180586843161993	0.00963310198699638	0.00490697257164664	0.00208325620206588	0.000936966904278436	0.000284792372121105	0.000119612796290864	6.69262074484597e-05	1.13916948848442e-05	7.11980930302763e-06	
5.699329046488e-06	4.1320135587038e-05	0.000182378529487616	0.000782232911630478	0.00217001953445031	0.00581616529194101	0.0125100272570412	0.0251725115660759	0.0421835839375809	0.0629134685119194	0.0861524826989743	0.107285594803352	0.119838367028242	0.121635080510147	0.112784022500951	0.0952229648764599	0.0740371339784024	0.052070495000976	0.0349653837002039	0.0209478839103667	0.0121139238883102	0.00622509215102652	0.00280549472313372	0.00133079333235495	0.00052006377549203	0.000182378529487616	7.836577438921e-05	2.137248392433e-05	4.274496784866e-06	1.424832261622e-06	
9.97585842261727e-06	1.14009810544197e-05	0.000136811772653037	0.000550097335875752	0.00183555794976158	0.00505918534289876	0.0106898448611503	0.0216404871639205	0.0381334313817704	0.0575621282211334	0.0793707798556066	0.100625058786309	0.11613894375611	0.120783418413154	0.114977468811191	0.100422691372593	0.0797541378435614	0.058474206705487	0.0401642311320889	0.0252203952150083	0.0141828204316981	0.00749329479801737	0.00380935279480799	0.00177570279922587	0.000749614504328097	0.000310676733732938	8.69324805399505e-05	2.42270847406419e-05	7.12561315901233e-06	
2.99184508511087e-05	8.69059762817919e-05	0.000471571772938904	0.00141756469508825	0.00404896368185004	0.00927756914011523	0.0179695914564302	0.0329744069023291	0.0526621722504944	0.0747847296226856	0.094838639821743	0.112275397915396	0.119452976743391	0.115894105780245	0.104163223670339	0.0853131749460043	0.0644300962519305	0.0447523037207155	0.0295893478917465	0.0174353334055175	0.00942573670623501	0.00486958404805188	0.0022980219629923	0.000930321352655904	0.000423132376322823	0.000153866318662845	2.70690745795745e-05	4.27406440730124e-06	
1.8418137047941e-05	7.22557684188454e-05	0.000298940532085812	0.00114900839583693	0.00313533363746872	0.00761802483898298	0.0154698183404975	0.0286685387050066	0.046575218254924	0.0681641084346567	0.0896226548752809	0.10858341857625	0.117568635896099	0.117429791478353	0.107326734917671	0.0908793385338596	0.0695936392255315	0.0502234261701893	0.0338596197929801	0.0207940767271254	0.0116473465131633	0.00588671995647653	0.00321892364407092	0.00128076891471836	0.000644634796677935	0.00019409882888984	4.81705122792303e-05	2.69188156854522e-05	1.41677977291854e-06	
2.82245488658671e-06	7.05613721646677e-06	6.06827800616142e-05	0.000270955669112324	0.000944111159563253	0.00255432167236097	0.0064761227372732	0.0133657351154313	0.0248742949154886	0.0417751547763698	0.0624891511890297	0.0839976686522637	0.102512972708272	0.114655173630368	0.117292757721884	0.110524510903849	0.0950292335764878	0.0753863587932876	0.0561739083802919	0.0384347794180945	0.0238977255247296	0.0143126687298812	0.0076657874719695	0.00409538204043731	0.0018049598999722	0.000903185563707746	0.000334460904060525	0.000100197148473828	4.65705056286807e-05	5.64490977317341e-06	2.82245488658671e-06	2.82245488658671e-06	
1.40732484434987e-06	1.40732484434987e-05	5.34783440852951e-05	0.000253318471982977	0.000696625797953187	0.00210957994168046	0.00507481338872564	0.0117356818770336	0.0222878035599689	0.0370239020051564	0.0567264498260546	0.0774394568851961	0.097716193242589	0.110479222255998	0.117254084056698	0.111544567163171	0.0989532317807726	0.0809000686774524	0.0611398205379358	0.0436678825953322	0.0285475844676372	0.0172172121457763	0.00955432836829128	0.00529576338928857	0.00242763535650353	0.0011230452257912	0.000468639173168507	0.000173100955855034	7.03662422174936e-05	2.53318471982977e-05	1.40732484434987e-05	8.44394906609923e-06	2.81464968869974e-06	
4.21235314683842e-06	3.22947074590945e-05	0.000157261184148634	0.00065572297319118	0.00178322949882826	0.00426851785546293	0.00958029517362618	0.0189471644544792	0.0328423133681835	0.050541217173483	0.0716703805580245	0.0911525138621521	0.106867399335291	0.116020842723371	0.11376161731895	0.102940082084722	0.0857944006593737	0.0668893597363629	0.0480783947002981	0.0331624522073433	0.0206658045383893	0.0118409246957628	0.00649404443470923	0.00317471015500055	0.00158244066549563	0.000638873560603827	0.000289248249416238	9.96923578085092e-05	2.66782365966433e-05	2.52741188810305e-05	4.21235314683842e-06	8.42470629367684e-06	
1.40275669746185e-06	2.94578906466989e-05	0.000120637075981719	0.000472729007044644	0.00133402161928622	0.00381830373049116	0.00785684026248383	0.0164066423335138	0.0287859701886147	0.0453132495981102	0.0653081435637314	0.0850379165135324	0.102129104115408	0.112379047303761	0.113797234324895	0.106783450837586	0.0917374825006102	0.0728577801094711	0.0538967178298793	0.0369864858419767	0.0241175958994616	0.0145942806803931	0.00810372544123712	0.00430646306120789	0.00225282725612373	0.000973513148038525	0.000350689174365463	0.000159914263510651	5.04992411086267e-05	1.68330803695422e-05	1.26248102771567e-05	4.20827009238556e-06	4.20827009238556e-06	
1.82080989624185e-05	9.52423638034198e-05	0.000362761356251261	0.001091085314748	0.00322283351634807	0.00672299038612375	0.0137177016336867	0.02496610492347	0.0404499921565112	0.0598570244044551	0.0798915357551039	0.0975267799117047	0.109684187526612	0.112610088967573	0.108340990072384	0.0951191089796742	0.0790553638258297	0.0603094256325213	0.0417343634448603	0.0279326244313471	0.0171212155166618	0.00980576160276091	0.00524673374717074	0.00292870268695516	0.00128157004235484	0.000529435492907245	0.000212894695560585	9.8043609797638e-05	5.04224278959281e-05	5.60249198843646e-06	5.60249198843646e-06	5.60249198843646e-06	
8.37809797627043e-06	6.70247838101635e-05	0.000326745821074547	0.000883889336496531	0.00256230163107604	0.00569710662386389	0.0116287999910634	0.0215205410017133	0.03595740016449	0.0542035012071443	0.0745483157928543	0.0926994650584442	0.10623986773776	0.11100281643727	0.109424941318405	0.0990738012687233	0.0835813017609366	0.0657359530714805	0.047142160962811	0.0319289313875666	0.0204816568526558	0.0120826136314447	0.00648464783363332	0.00358303323451832	0.00179151661725916	0.000797315657408403	0.000343502017027088	0.000108915273691516	6.423208448474e-05	2.23415946033878e-05	5.58539865084696e-06	1.39634966271174e-06	
2.23258513823888e-05	5.02331656103748e-05	0.000234421439515083	0.000745125289887227	0.00181816152195329	0.00456703197340991	0.0101596577446983	0.0188499953952932	0.031565963123275	0.0494657144691052	0.0688696700518239	0.08737361475069	0.102432401508111	0.110193425594914	0.11025900778335	0.101261689676247	0.0885066517083462	0.0704366657457253	0.0526052873197536	0.0362809038620932	0.0234714466314476	0.0141504036793003	0.00799405016060659	0.00449028685928295	0.00234979585799642	0.00104791964926087	0.000453493856204773	0.0001995372967301	8.79080398181559e-05	4.88377998989755e-05	8.3721942683958e-06	
2.79577949127996e-06	1.53767872020398e-05	4.75282513517594e-05	0.000176134107950638	0.000589909472660072	0.00154466816893218	0.00377150653373667	0.00837475746612913	0.0164014403855939	0.0285001761341079	0.0443774078650869	0.0630769789925129	0.0818744024021337	0.0992557634994213	0.108084835132883	0.109426809288698	0.103866003880542	0.091428978813583	0.0757768073316521	0.0571219686760866	0.0413090398734071	0.0270100256652557	0.016901884914533	0.00998652434285203	0.00548112569265437	0.00303062496854748	0.00142025598157022	0.000659803959942071	0.000276782169636716	9.78522821947987e-05	8.94649437209588e-05	1.95704564389597e-05	2.79577949127996e-06	
2.51796850301177e-05	2.79774278112419e-05	0.000135690524884523	0.000492402729477857	0.00125758538011532	0.00330133648172654	0.00694259871135967	0.0144363527506008	0.0247460348990435	0.0391222361798501	0.0581622746767908	0.0763182264548962	0.0934865750312648	0.10596730557786	0.109134350406092	0.105154561299943	0.0950183392039303	0.0804337060859299	0.0628512915779549	0.0458228301406425	0.0311962308809253	0.0197842380767197	0.0123016750086031	0.00673416687416592	0.00370561031359899	0.00182972377885522	0.000858907033805126	0.000418262545778066	0.000179055537991948	7.83367978714773e-05	6.01514697941701e-05	1.11909711244968e-05	5.59548556224838e-06	
2.09596735880167e-05	3.91247240309644e-05	9.78118100774111e-05	0.000387055305592041	0.001095492272867	0.00262974037950982	0.00585473548891932	0.011948411256742	0.0215116116591678	0.0355741553251544	0.0523558673112931	0.0708814241399547	0.0884037112595367	0.102158846379566	0.109190118212559	0.106561775144622	0.0990190872760808	0.0841572813906045	0.0672707710365257	0.0507699186764665	0.0353547774082665	0.0232959785372942	0.0140932845205824	0.00823016516222787	0.00456361959589749	0.00242433557834726	0.00103680518682056	0.000567308498448984	0.000283654249224492	0.000143923091971048	3.07408545957578e-05	3.21381661682922e-05	1.53704272978789e-05	
6.96680595634042e-06	3.3440668590434e-05	0.000111468895301447	0.000277278877062349	0.00089453788479411	0.0022962592432098	0.0048154562770225	0.0103666072630345	0.0188396366671358	0.0313143994125589	0.0474286215895743	0.0657039469742465	0.0827837684568107	0.0983573664916141	0.107042186796788	0.107875416789166	0.101744627547587	0.08783748949754	0.0728518898854518	0.055748381262636	0.0393931075995313	0.0268194162095281	0.016699433877348	0.00981762295367492	0.00546476259215343	0.00283130994065675	0.00136828068982526	0.000615865646540493	0.000348340297817021	0.000202037372733872	7.24547819459404e-05	2.78672238253617e-05	9.75352833887659e-06	
2.78758077015282e-06	4.4601292322445e-05	0.00010871565003596	0.000305240094331733	0.000761009550251719	0.00182865298522025	0.00428451164372488	0.0087139774874977	0.0162474145188357	0.0274785774417814	0.0424729744044334	0.0598591156678765	0.0778278613122815	0.093615325004042	0.104775404617349	0.107494689658633	0.103500086415004	0.0922814676055239	0.0776968450160843	0.0609142149893793	0.0446152302262958	0.0303929931369761	0.0191116537601677	0.0118695189193107	0.00686023627534608	0.00354719653001946	0.00172411870633952	0.000847424554126456	0.000420924696293075	0.000216037509686843	9.05963750299665e-05	8.36274231045845e-05	5.57516154030563e-06	1.39379038507641e-06	
9.75800156128025e-06	4.32140069142411e-05	7.52760120441619e-05	0.000228616036578566	0.000698394111743058	0.00149994423999108	0.00361324857811977	0.00747741719638675	0.0142564402810304	0.024407549905208	0.0380812980930077	0.0548106947697112	0.0728156016504963	0.0890989182558269	0.101506914241106	0.107540147206424	0.104915244786439	0.0952255492360879	0.0813691870190699	0.0650635664101706	0.0491468718634995	0.0348611575777852	0.0225897736143638	0.013716962194714	0.00818835731013717	0.00443989071038251	0.00227640236422438	0.00112774618043939	0.000499052079848333	0.000232798037247686	0.000103156016504963	4.32140069142411e-05	3.34560053529609e-05	4.18200066912011e-06	
1.25499732964457e-05	2.64943880702743e-05	6.13554250048457e-05	0.000131077498873989	0.00051733778810904	0.00125220844668981	0.00299107696898623	0.00630148103629313	0.0121957851611905	0.0214716098687412	0.0345668097828436	0.0508092641113991	0.0674867841808981	0.084659330974868	0.0979093138929599	0.105421170131621	0.105751652761761	0.0986553400833597	0.0851683021141127	0.0705782609362559	0.0528939541200865	0.0382300075439284	0.0261541443497929	0.0165073982092583	0.00954355747120827	0.00550107162827537	0.00275959968374067	0.00138328594556379	0.000582876537546034	0.000278888295476571	9.62164619394171e-05	5.01998931857828e-05	4.18332443214857e-05	6.97220738691428e-06	2.78888295476571e-06	
6.95538952267944e-06	1.66929348544307e-05	5.28609603723637e-05	9.32022196039045e-05	0.000306037138997895	0.00106417459696995	0.00245525250150584	0.00516368118163722	0.0105388062047639	0.0188254572820842	0.0307859451052837	0.0458179329416985	0.0629907896731941	0.0800440137048995	0.0942733495903971	0.102334646047183	0.105343547554694	0.100867058857897	0.0889789070857335	0.0747871303036584	0.0589232778803311	0.0423819705174949	0.0294226887588386	0.0193721508985668	0.0115862878668794	0.00672864382424009	0.00360289177274795	0.00169711504353378	0.000819344885771638	0.000353333787752115	0.00020309737406224	6.95538952267944e-05	7.51182068449379e-05	1.11286232362871e-05	6.95538952267944e-06	
5.5601658597476e-06	9.73029025455829e-06	1.94605805091166e-05	8.06224049663401e-05	0.000255767629548389	0.000785373427689348	0.0021059128193794	0.00460937749773076	0.00908392097336264	0.0168014311866923	0.0272614932103425	0.0413718041209169	0.058377571402955	0.0759657660588015	0.0901900603695008	0.0995394792626664	0.103667902413529	0.101591180464913	0.0926726744258781	0.0785290025201452	0.0636096874769774	0.0473489824201456	0.0334332773146623	0.0221350202876552	0.013789211332174	0.00803443966733528	0.00458991691722164	0.00220043563899511	0.000975809108385703	0.000533775922535769	0.000225186717319778	0.000134834022098879	4.58713683429177e-05	1.66804975792428e-05	2.7800829298738e-06	
6.94222678866473e-06	1.24960082195965e-05	1.24960082195965e-05	7.7752940033045e-05	0.000204101467586743	0.0005984199491829	0.00192021992974466	0.00384599364092026	0.00788636963192314	0.0146286602890743	0.024383877372506	0.0371339710925676	0.0531177540507893	0.071160601474529	0.0857795426460992	0.0973869458367466	0.102785221387612	0.10177026783111	0.0952043097343904	0.0828887994112992	0.0669550004859559	0.0522222067950516	0.0375866042791886	0.0256029323965955	0.0161753884175888	0.00954833872512947	0.0054871360537606	0.00296433083875984	0.00143565249989587	0.000638684864557155	0.000326284659067242	0.000136067645057829	7.21991586021132e-05	3.05457978701248e-05	1.11075628618636e-05	2.77689071546589e-06	
2.77596568906408e-06	8.32789706719225e-06	2.63716740461088e-05	5.41313309367496e-05	0.000202645495301678	0.000549641206434688	0.00146709786667037	0.00353241633933405	0.00668174941357725	0.0126847752161783	0.0215040182103349	0.033700223465238	0.0482032562077533	0.0663552958485433	0.0810068427554235	0.0937804488736519	0.101436562244091	0.102823157105778	0.0967771038349966	0.0864463475231446	0.0720710092023263	0.0557622107790748	0.0421169514344803	0.0286646217052757	0.0188501950115897	0.0116007606145988	0.00644856829569587	0.00371285410912321	0.0019362360681222	0.00086332532929893	0.000391411162158036	0.000184601718322762	6.801115938207e-05	6.5235193693006e-05	1.94317598234486e-05	1.38798284453204e-06	
8.33629735016895e-06	3.61239551840654e-05	0.000168115329895074	0.00051268228703539	0.001315745598435	0.00282461541881558	0.00598546149742131	0.0112137093188689	0.0189595189400676	0.0305928218922283	0.0442699070780722	0.0611036701938467	0.0772413524808821	0.089816657033612	0.0983321847768095	0.101612517784101	0.0988698759558954	0.0890552752089632	0.0762604481593455	0.0604812266583674	0.0464943090876756	0.0324351436066157	0.021593788902721	0.013717377289703	0.0081348368308732	0.00432098079317091	0.00243836697492442	0.00120042681842433	0.000536301796194202	0.000262593366530322	0.000111150631335586	3.05664236172861e-05	4.30708696425396e-05	2.08407433754224e-05	
4.17197434513909e-06	1.11252649203709e-05	1.529723926551e-05	0.000123768572239126	0.000387993614097936	0.0011667621585239	0.00235299353065845	0.00490346051365348	0.00958858770324468	0.0169326532088045	0.0271665062774307	0.040101017405477	0.0564356876248116	0.0716925978049852	0.0860928625862903	0.0955827135633667	0.101031312058118	0.0992957707305405	0.0925705480861763	0.0803063341695824	0.0654429802359669	0.0504850615505282	0.0366799984424629	0.0246035233714003	0.0158868783062897	0.00982778089903266	0.00538462822145952	0.00298713363111959	0.00148383220875447	0.000732876826629434	0.000421369408859048	0.000187738845531259	4.589171779653e-05	3.19851366460664e-05	3.47664528761591e-05	1.39065811504636e-06	
8.33759477066056e-06	4.16879738533028e-05	8.61551459634925e-05	0.000283478222202459	0.000960212997754408	0.00217472263601396	0.00404373346377037	0.00804577895368744	0.0148131267092069	0.0242596215843653	0.0363505236009516	0.0518973586499767	0.0674594792894146	0.0820961269093092	0.0940036018409409	0.098939457945172	0.0999413589167797	0.0951625275140627	0.0837733730573404	0.0692284389799231	0.0538219534428708	0.0405832425461903	0.0282130311047869	0.0181356582253152	0.0113238432976855	0.00665617982524401	0.00384502078840296	0.00188568601729773	0.000971329790781955	0.000554450052248927	0.000254296640505147	0.000115336727660804	5.28047668808502e-05	9.72719389910399e-06	8.33759477066056e-06	
5.5754257534491e-06	4.32095495892305e-05	6.13296832879401e-05	0.000221623173699602	0.000688565080550964	0.00170050485480197	0.00340379742248067	0.00675741601318031	0.0129656525896459	0.0221441972362615	0.0333229258719269	0.0473465154982897	0.0626845117460282	0.0781925584792469	0.0906968445877948	0.0983435410086503	0.100184825363727	0.0957802390185021	0.0873097734425745	0.0733461196430612	0.0580903609251862	0.0437852122982741	0.0314217056900008	0.0209608131200919	0.0130158314214269	0.00792128613921281	0.00471402247454121	0.00243088562850381	0.00125028922521096	0.000592388986303967	0.000349857966028931	0.000147748782466401	9.33883813702724e-05	2.23017030137964e-05	1.39385643836227e-06	2.78771287672455e-06	
9.78204212706314e-06	8.38460753748269e-06	4.89102106353157e-05	0.000205422884668326	0.000558973835832179	0.00128843469159317	0.00276971535654845	0.00583708428067753	0.0112828868762725	0.0195123791743118	0.0304081766692706	0.0430256135785924	0.0589326115117867	0.0739005334007828	0.0870517903233244	0.09625948683407	0.0997628553501482	0.0976163958205526	0.0891046217354181	0.0773242481452549	0.0625463773604417	0.0482785702008253	0.0342231730988252	0.0238653879208549	0.0151635627315374	0.00937818353067439	0.00552825123638025	0.0029947023254709	0.00156093443656136	0.00081051206195666	0.000371717600828399	0.000166294716160073	0.00012576911306224	6.00896873519593e-05	1.81666496645458e-05	
1.39589356032424e-06	8.37536136194543e-06	3.21055518874575e-05	0.000198216885566042	0.000523460085121589	0.00101202283123507	0.00249725357942006	0.00498892358459883	0.00905516152582333	0.0167074500235208	0.0272422587232878	0.039947681909359	0.053973620403497	0.0702609064653602	0.0836419421346283	0.0936937716625232	0.0986226718240281	0.0977767603264716	0.0911630166376553	0.0798953638187181	0.0671899406326469	0.0531430637351041	0.0386229789206113	0.02716548457747	0.0174319187813291	0.0109089081739339	0.0065886176047304	0.00367817953145437	0.00199473189770334	0.000968750130865021	0.000597442443818774	0.000209384034048636	0.00012842220754983	8.93371878607512e-05	2.9313764766809e-05	1.11671484825939e-05	
5.57549569641426e-06	2.2301982785657e-05	9.06018050667317e-05	0.000362407220266927	0.000921350663832456	0.00205317629020455	0.00442554970902882	0.00794786911523853	0.014361083040039	0.0236930689619124	0.0368568143011465	0.0503857546084957	0.0656277659685681	0.0800348468481026	0.0912165034672614	0.0967641216851936	0.0968616928598808	0.0928654563194759	0.0828100498309928	0.0712478656305537	0.0572129490887549	0.0427961110917517	0.0308826706624386	0.0201916576645642	0.0127065546921281	0.00798410983726522	0.00462347980625152	0.00252012405477925	0.00126284977523783	0.000650939122556365	0.000341499111405373	0.000158901627347806	6.13304526605568e-05	4.18162177231069e-05	9.75711746872495e-06	1.39387392410356e-06	
1.2577631939359e-05	8.80434235755133e-05	0.000303260681204546	0.000730900167142753	0.00162530954949717	0.00379564981636657	0.00691769756664747	0.0124225078121069	0.0210074403680495	0.0324433028302467	0.046133356438909	0.0615144027860852	0.0759577167964492	0.0882306905399438	0.0949164006730431	0.097037827926815	0.0939870534241904	0.0863887662181576	0.0736196747703883	0.0608785336158176	0.0470976415542599	0.0340183018519864	0.0239478112125396	0.015129493708389	0.00951847234877494	0.00561661141825378	0.00332189234665072	0.00154704872854116	0.000940527366132071	0.000483540072335359	0.000202639625689673	9.36334822152284e-05	5.03105277574362e-05	1.67701759191454e-05	4.19254397978635e-06	
2.79544342721364e-06	7.8272415961982e-05	0.000171919770773639	0.000644349709972744	0.00134740373191698	0.00317003284646027	0.00614298693130198	0.011016842546649	0.0184247676287651	0.0294374170102733	0.0419749807813264	0.0568635124746663	0.0714920679292753	0.0844713117618282	0.0931972884198756	0.0969990914808862	0.0950310993081278	0.0879236843944371	0.078069746313509	0.0645747431686351	0.050867286323293	0.0376979523376896	0.0266643371304773	0.0178517017261863	0.0113872388007548	0.00650499685512614	0.00379481445244252	0.00206583269271088	0.00105807533720036	0.000570270459151583	0.000261373960444475	0.000129988119365434	8.24655811028024e-05	1.39772171360682e-05	1.5374938849675e-05	
2.79376431804213e-06	2.93345253394424e-05	0.000171816505559591	0.000490305637816394	0.00118595295300888	0.00247108453930826	0.00528440520757669	0.00966223389394871	0.0164301279544058	0.0262823378219813	0.038397496787171	0.0527560484997486	0.0675993183215064	0.0817581158853439	0.0902120467117394	0.0967634240375482	0.0958149410515729	0.0891140973347488	0.0808976364753869	0.0687224115773593	0.0544015756830754	0.0408602000335252	0.0296348550036319	0.0202966977705761	0.0133150807397888	0.00795943454210203	0.00452450131306923	0.00242638431021959	0.00130049729004861	0.000600659328379058	0.000339442364642119	0.000166228976923507	8.38129295412639e-05	2.51438788623792e-05	1.67625859082528e-05	2.79376431804213e-06	
1.39533261241148e-06	3.76739805351101e-05	0.000167439913489378	0.000403251124986919	0.000948826176439809	0.0021502075557261	0.00443994837269334	0.0082743223916001	0.0141305333658911	0.0237178637457704	0.0353535424006698	0.0487361774863083	0.0633453099382565	0.0786702480203719	0.0878250252904036	0.0947193637283287	0.0957295845397147	0.0909882443227404	0.0823218334670527	0.0719210241741375	0.0587672236369345	0.0446269229427565	0.0333596120975337	0.0228820595109359	0.0152384274601458	0.00944221578818851	0.00565807374332857	0.00308787107126661	0.00158230718247462	0.000760456273764259	0.000403251124986919	0.000182788572225904	6.97666306205742e-05	3.20926500854641e-05	1.95346565737608e-05	5.58133044964593e-06	
1.95854597546781e-05	0.000103523144417584	0.000338548661473722	0.000775024621720834	0.00194315739994628	0.00392548571940192	0.00718366684573373	0.0125570776255708	0.0215635911899006	0.0319774599337452	0.0450605470498702	0.0590697466201092	0.0745688400931149	0.0849253514191065	0.092478344077357	0.0954483391530128	0.0927273592085236	0.0846777352493509	0.0740414316411496	0.0623587048974841	0.0485523547318471	0.036276468349897	0.0261158116214522	0.0174996082908049	0.0110210179962396	0.00678496284358492	0.00382336153639538	0.00219077356970185	0.00106321067239681	0.00047424791834542	0.000292382934909123	0.000120310681350166	1.95854597546781e-05	1.53885755215328e-05	6.99480705524219e-06	
1.39794055397588e-05	7.129496825277e-05	0.000241843715837828	0.00062487942762722	0.00153773460937347	0.00319429416583489	0.00615093843749388	0.0107347855139808	0.0185534670323679	0.0292547019730533	0.0417746575744613	0.0546231292060536	0.0700661785058252	0.0825735526422474	0.0912715387690854	0.0945049752704316	0.0940296754820798	0.0870930944532515	0.076105281699001	0.0657814907078891	0.052225661155985	0.0396092476563527	0.0292924463680106	0.0202547606865566	0.012578669104675	0.00789556824885579	0.00461879559033632	0.00276932023742622	0.00137836938622022	0.000589930913777823	0.000328516030184332	0.000199905499218551	3.07546921874694e-05	1.11835244318071e-05	1.25814649857829e-05	2.79588110795177e-06	
8.37643708248696e-06	5.02586224949218e-05	0.0001926580528972	0.000466288330925108	0.00117549333724234	0.00233842201886094	0.00537348438841539	0.00971247879714363	0.0160534416685863	0.0263494789158098	0.0379536364207484	0.0509440942628386	0.0653292288791629	0.079160122575196	0.0891867177629329	0.0938747303834314	0.0941371920786827	0.088381183730167	0.0800242916675392	0.068547176791685	0.0568145805848149	0.0432559210939627	0.0319030567014987	0.0226107958313265	0.0147564899936479	0.00934670771120837	0.00536231580563874	0.00325983009793451	0.00179255753565221	0.000903259132061511	0.000452327602454296	0.000178697324426389	5.72389867303276e-05	2.23371655532986e-05	9.77250992956813e-06	1.53568013178928e-05	
6.99233220850016e-06	4.4750926134401e-05	0.000169214439445704	0.000377585939259009	0.000962144911889622	0.00202078400825655	0.00469325337834531	0.0087250321297665	0.0145524417923305	0.0235417840795783	0.0343994775329374	0.0472024378067012	0.0613381365994051	0.0742068247959288	0.0859735214363928	0.092714129685387	0.0938678644997895	0.0899409707314958	0.0826241943085213	0.0716909836673104	0.0604319303451835	0.0479030694939929	0.0354707028272796	0.0249640244507873	0.0166515399213223	0.0108059501950161	0.00666928646046745	0.00374649159731439	0.00211448125985045	0.00116771947881953	0.000528620314962612	0.000289482553431907	0.000130057379078103	4.75478590178011e-05	1.25861979753003e-05	1.11877315336003e-05	2.79693288340006e-06	
4.20144529718223e-06	3.64125259089127e-05	0.000144249621869923	0.000315108397288667	0.000889305921236906	0.00182342725897709	0.00391154557167666	0.00753599238137919	0.0127990028569828	0.0209764158870651	0.0312671559016302	0.043305697159823	0.0576256232143857	0.0705926838832558	0.0814394151588146	0.0903954960506414	0.0938854966108341	0.0912806005265811	0.08490560752899	0.0749733908464512	0.0637093160047056	0.0512240210632458	0.0389515993501765	0.0280796594028346	0.0193098425858495	0.0126043358915467	0.00805557111646406	0.00455016525684836	0.00267632065430508	0.00139347935689877	0.000676432692846339	0.000358523332026217	0.000176460702481654	6.02207159262786e-05	4.48154165032771e-05	1.54052994230015e-05	7.00240882863705e-06	
2.80682845225865e-06	2.66648702964572e-05	0.000134727765708415	0.00027226235986909	0.000680655899672724	0.00153393174915935	0.0034552058247304	0.0062592274485368	0.0116146561354463	0.0188197847723943	0.0281721371753201	0.0395004968086361	0.0536623497645071	0.0666649825695953	0.0786052308055036	0.0870102786057922	0.0935656264560423	0.0923502697362143	0.087474808714641	0.0778993134497606	0.0670481146533286	0.054215294969602	0.0421711940809602	0.0311375514351314	0.0214273284045426	0.014345700219494	0.00936778995941326	0.00569365151540668	0.00323346637700197	0.00176268826801844	0.000905202175853416	0.000505229121406558	0.00024980773225102	0.000120693623447122	6.03468117235611e-05	2.38580418441986e-05	2.38580418441986e-05	2.80682845225865e-06	
2.81556104277119e-05	7.60201481548221e-05	0.000199904834036754	0.000554665525425924	0.00128108027446089	0.00293381460656758	0.00543403281254839	0.00999383392131633	0.0167399181797961	0.0255146141695925	0.03645447660128	0.0502422790277305	0.0624491439286649	0.074877030371457	0.0846118326768383	0.0916901531383651	0.0923405477392453	0.0889520200242701	0.0820510799084379	0.0699540218881715	0.0580906554344551	0.0454290774251131	0.034238630060619	0.0244475165343822	0.0162232627284476	0.0104443236881597	0.00654899498548578	0.00372498725958628	0.00218769093023321	0.00109384546511661	0.000608161185238577	0.00028437166531989	0.00013092358848886	8.58746118045212e-05	4.64567572057246e-05	2.95633909490975e-05	7.03890260692797e-06	
1.41269276192737e-06	1.5539620381201e-05	8.47615657156419e-05	0.000197776986669831	0.000415331672006645	0.00115416998649466	0.00236060960518063	0.0049302977391265	0.00881096475614098	0.0144546723400408	0.0228375911893178	0.0333451999525335	0.0459238163047348	0.0595986822401917	0.071223730978092	0.0818641328609289	0.0893711821978109	0.0921089807704261	0.0908615730616443	0.0843490594291591	0.0731760723750756	0.0613716116564105	0.0487859318403996	0.0372936762221205	0.027345493792628	0.0186729729271559	0.0116561279786627	0.00756214435459718	0.00460537840388321	0.00266575124175694	0.00147061316516639	0.000752965242107286	0.000346109726672204	0.000183650059050557	0.00010736464990648	6.07457887628767e-05	2.11903914289105e-05	1.27142348573463e-05	
1.4100553869756e-06	3.10212185134632e-05	5.35821047050728e-05	0.00015369603718034	0.000360974179065754	0.000909485724599262	0.00208124175117599	0.0041723538900608	0.00777081523762253	0.0128597051292175	0.0205304064343647	0.0300271294656454	0.0419745287594897	0.0551486762400027	0.0677616216764994	0.080157418583402	0.0873952328847477	0.0915619465532606	0.0908230775304854	0.0860951618179562	0.07622336405374	0.0644169702985933	0.0521057767149094	0.0407590610159167	0.0298875339823348	0.0214892440975081	0.0140089002696026	0.00883258694401516	0.00525245631648411	0.0031726246206951	0.00204881047727555	0.000981398549335018	0.000500569662376338	0.000221378695755169	0.000108574264797121	7.050276934878e-05	2.39709415785852e-05	2.53809969655608e-05	1.4100553869756e-06	
2.81883489097451e-06	2.95977663552324e-05	5.21484454830285e-05	0.00010288747352057	0.00033403193458048	0.000789273769472864	0.00172230811838543	0.00356582613708276	0.00676097548600237	0.0112048686916237	0.0181758473770037	0.0268028915608312	0.0380274920966917	0.0511322555048322	0.0647754163771488	0.0770937248507075	0.0861957427136642	0.0901280173865736	0.0908566862058905	0.0869215926980901	0.0785369683148864	0.0677718378662547	0.0556959491933199	0.0444051060375215	0.0331875525888884	0.0238797597788906	0.0162393078069042	0.0104437832710606	0.00664540325547242	0.00373636564798672	0.00234386121184531	0.00124874385670171	0.000594774161995622	0.000264970479751604	0.000156445336449086	8.73838816202099e-05	4.79201931465667e-05	2.39600965732834e-05	1.26847570093853e-05	2.81883489097451e-06	
7.05278302818292e-06	8.46333963381951e-06	4.23166981690975e-05	8.88650661551048e-05	0.000287753547549863	0.000657319378226648	0.00147967387931278	0.00301859113606229	0.00592151663046238	0.0100248257962592	0.0159900696814963	0.0242573419471323	0.0339704347335459	0.0469828194205433	0.0603929810703304	0.0728411431150732	0.0837362823370102	0.0895802183541625	0.091030270544757	0.0880314272011736	0.0807839873614128	0.0707126131971676	0.0605439106271335	0.048218467007081	0.0365136682935086	0.0266905520918554	0.0181707901938105	0.0121872090727001	0.00742234885885971	0.00471408017603746	0.00273083758851243	0.00148108443591841	0.000730668321719751	0.000363923604254239	0.000187604028549666	8.04017265212853e-05	7.19383868874658e-05	2.68005755070951e-05	1.26950094507293e-05	7.05278302818292e-06	
1.40661220264218e-06	1.40661220264218e-05	4.07917538766232e-05	8.86165687664574e-05	0.000256003420880877	0.000565458105462156	0.00131799563387572	0.00268381608264128	0.00517773951792587	0.00878147998109513	0.0140942542704746	0.0219009519951387	0.0310776900051763	0.042832748182657	0.0552840794004456	0.0691068575158103	0.080386480768798	0.0888163076992326	0.0912173947291428	0.08854342493192	0.0833431796187518	0.0736656876645736	0.0634607161344046	0.0525552517273198	0.0394512524475052	0.0297062431076002	0.0206659464812189	0.0136989962415322	0.00877304030787928	0.00536341232867463	0.00323942790268494	0.00191017937118808	0.0009804087052416	0.000503567168545901	0.000274289379515225	0.000113935588414017	4.92314270924763e-05	2.81322440528436e-05	2.10991830396327e-05	5.62644881056872e-06	2.81322440528436e-06	
1.68538378997871e-05	3.93256217661699e-05	6.60108651074994e-05	0.000198032595322498	0.000478929893652283	0.00106038730119494	0.00234408795456205	0.0045673900708423	0.007624957163162	0.0127330745332891	0.0196600019101016	0.0283032117797091	0.0398832029033545	0.0517862259200791	0.0640572243976157	0.0759349666574907	0.0860177751810383	0.0909011747125016	0.089339385733788	0.0846652546895804	0.0772692288245572	0.0667833326779063	0.055911202746052	0.0437146420525727	0.0323354924972332	0.0230012752737344	0.0157162038415515	0.0103552789029275	0.00649153656440132	0.00390025898730906	0.00222611108926354	0.00125420643704249	0.000707861191791057	0.000349717136420582	0.00015589800057303	7.02243245824462e-05	3.23031893079252e-05	2.24717838663828e-05	9.83140544154246e-06	7.02243245824462e-06	8.42691894989354e-06	
5.60045251656334e-06	1.680135754969e-05	7.28058827153234e-05	0.000175014141142604	0.0003360271509938	0.000961877719719753	0.00189295295059841	0.00379850691935908	0.00670934211484288	0.0112513091057757	0.0177548345906349	0.0256626735440224	0.0366465610421322	0.0481988944706732	0.060216065458089	0.0719434130277726	0.0824260600256501	0.0890457949002279	0.0903955039567197	0.0868112143461192	0.0792352022043381	0.0695576202557167	0.0595384107035849	0.0474204315708709	0.0361537212206746	0.0255688659643699	0.0179088470348404	0.0121207793589722	0.00748920512777432	0.00451816506773747	0.00281422738957308	0.00156672659150859	0.000877870931971303	0.000477438577037025	0.000207216743112844	0.000109208824072985	5.60045251656334e-05	1.96015838079717e-05	1.96015838079717e-05	1.40011312914083e-05	5.60045251656334e-06	
1.39535013520943e-05	6.97675067604714e-05	0.000166046666089922	0.000259535125148954	0.000767442574365185	0.00162418755738377	0.00304186329475655	0.00597488927896677	0.00992233481147424	0.016257224425325	0.0232437425523187	0.0327321234717428	0.0450237628128026	0.0571842392411528	0.0687223895091995	0.0792419341785434	0.0870251972327416	0.0895549670278763	0.0876391512922338	0.0824247278369561	0.072602858235217	0.0617261039312595	0.0510391172456905	0.039449339022641	0.0288139802920747	0.0201111814987735	0.0137790825851931	0.00888558966101364	0.00538465617177318	0.00320930531098168	0.00198837394267343	0.00100465209735079	0.000545581902866886	0.000302790979340446	0.000143721063926571	6.69768064900525e-05	2.51163024337697e-05	9.767450946466e-06	1.39535013520943e-05	8.37210081125657e-06	
8.36822417914694e-06	1.95258564180095e-05	0.00017294329970237	0.000207810900448816	0.000495119930599527	0.00143654515075356	0.00260530712777442	0.00508788030092134	0.00864298087302894	0.014723890443209	0.0211562654289133	0.0295481995765679	0.0412023464500598	0.0537058680777352	0.0661312862797386	0.0758997933048628	0.0837031623519173	0.0886766769223903	0.087825907464177	0.0839346832208737	0.0755929584182941	0.0648342115319708	0.0533655602944499	0.0444812956242556	0.0319624322522517	0.0227601750632498	0.0156178957263479	0.0106095135551285	0.00669457934331755	0.00386193545867631	0.00219526414299621	0.00130823238000664	0.000656905598063035	0.000510461674927963	0.000184100931941233	8.50769458213273e-05	3.76570088061612e-05	2.92887846270143e-05	2.23152644777252e-05	4.18411208957347e-06	1.39470402985782e-06	
