# <P(N_2)> as a function of N_tot.
# number_of_species: 2
# species_total_upper_bound: 100
# species_total_lower_bound: 0
# volume: 512
# Bin widths for each species index 
1	1	1	1	1	1	1	1	1	1	1	1	1	1	1	1	1	1	1	1	1	1	1	1	1	1	1	1	1	1	1	1	1	1	1	1	1	1	1	1	1	1	1	1	1	1	1	1	1	1	1	1	1	1	1	1	1	1	1	1	1	1	1	1	1	1	1	1	1	1	1	1	1	1	1	1	1	1	1	1	1	1	1	1	1	1	1	1	1	1	1	1	1	1	1	1	1	1	1	1	1	
# Bin lower bound for each species index 
0	0	0	0	0	0	0	0	0	0	0	0	0	0	0	0	0	0	0	0	0	0	0	0	0	0	0	0	0	0	0	0	1	1	1	1	1	1	2	1	1	1	1	1	1	1	1	2	2	2	2	2	2	2	3	3	3	3	3	4	4	4	4	4	4	4	4	5	5	5	4	4	4	4	6	5	6	6	6	6	9	9	10	10	10	10	10	10	10	10	10	10	10	9	9	9	10	10	11	11	12	
# Bin upper bound for each species index 
0	1	2	3	4	5	6	7	8	9	9	10	11	11	11	12	13	13	14	15	15	16	16	17	17	18	19	19	19	20	20	21	21	22	22	23	23	23	24	24	25	25	25	26	26	27	27	27	28	29	29	29	29	29	30	31	31	32	33	33	32	33	34	35	36	36	36	37	37	36	37	38	38	37	36	37	38	39	40	41	41	41	42	42	43	43	44	44	45	45	46	46	46	46	47	47	47	48	48	47	46	
# Normalized histogram for each species index 
1	
0.71601160989023	0.28398839010977	
0.512273631320004	0.406438640566663	0.0812877281133326	
0.364268075575719	0.439344609906834	0.173513157720359	0.0228741567970879	
0.260246137500553	0.41894284828899	0.248767099030502	0.0653813803178538	0.00666253486210102	
0.186617907801418	0.371945921985816	0.296334219858156	0.119295212765957	0.0242287234042553	0.00157801418439716	
0.132178564154335	0.319310503617509	0.317154166998751	0.170350592881875	0.0526863437917873	0.00783277100325	0.000487057552491521	
0.0946692515931302	0.264545731559214	0.318767361034442	0.213044457496655	0.085925252052411	0.0204335787247009	0.00248188269792131	0.000132484841526049	
0.066596830632759	0.218089018655136	0.302079479350079	0.24345287182116	0.123351238103729	0.0384469654757394	0.00711436022020639	0.000802371453406736	6.68642877838946e-05	
0.0474764008161618	0.173985963810848	0.281239489674656	0.259790578264087	0.157254646965179	0.0614229018587861	0.0158075293168008	0.00278930020852485	0.000224220273997175	8.96881095988699e-06	
0.0345708007508429	0.138679085822057	0.2480494986967	0.266202282775984	0.186314019589527	0.0891892853647905	0.0289884081952192	0.00694351775245314	0.000938553648794114	0.000124547403631446	
0.0242255408431335	0.109764268208826	0.217029285752067	0.26046423470917	0.209178905795441	0.117455965583511	0.0464719572614913	0.0126020417158877	0.00244635647160463	0.000330588712379005	3.08549464887071e-05	
0.0179255543471023	0.0839322575633143	0.186123010676315	0.248311988102901	0.223061727298959	0.144709564290946	0.0668412758306883	0.022546778238963	0.00550018866668146	0.000834572614476283	0.000199764721550174	1.33176481033449e-05	
0.0131593551738376	0.065801215597654	0.155687958124481	0.23119885987773	0.230177722330502	0.166361065357243	0.0908768019747912	0.0347186766057388	0.0096342107716692	0.00205559427985384	0.000297461807235869	3.1078099263449e-05	
0.00886399405825037	0.0502528780349785	0.130130506286583	0.210379493890254	0.229734389644379	0.185993563104564	0.112583776901448	0.05035455976233	0.0167686431236627	0.00409821570673221	0.000769244372137438	7.07351146793047e-05	
0.00674656330243384	0.0378270369859417	0.105083508746946	0.186634150248991	0.22624573333274	0.201057376939748	0.13304881467867	0.0667046420449741	0.0266035326002305	0.00791697632917533	0.00189135184929708	0.000222511982270245	1.78009585816196e-05	
0.00460560860781574	0.0299609301994429	0.087573311499337	0.164280056602262	0.212690120413303	0.207350284346271	0.152550216708347	0.0848099463346475	0.0382109769230085	0.0136299315611011	0.00359993948185791	0.000649680054822317	8.00975410054911e-05	8.8997267783879e-06	
0.00341263650546022	0.0220137214579492	0.0704509998581761	0.14246649411431	0.198907956318253	0.208113210892072	0.167640228336406	0.106035491419657	0.0514864912778329	0.0207151467876897	0.00678095305630407	0.00159551836618919	0.000332399659622749	4.87519500780031e-05	
0.00216496214636738	0.0158852437242662	0.0568557134634967	0.120950104042148	0.183548058617789	0.205392482401381	0.17814229424005	0.125346438216673	0.0680258555806437	0.029503696816753	0.0103820781865675	0.00290875282241998	0.000721654048789126	0.000163811041749679	8.85465090538806e-06	
0.00165854348922168	0.0128393379978948	0.0440818745521933	0.103833667990553	0.165907422313823	0.197088039911191	0.187428682629963	0.139118627875914	0.0831350452450664	0.041052268445215	0.016399678021424	0.00567885290709503	0.00143740435732545	0.00029632643674094	3.98050437413203e-05	4.42278263792448e-06	
0.00118969460098965	0.00984802753041432	0.0357260882400892	0.0867375489647454	0.148500323861308	0.189170254109954	0.191382204812535	0.151126464536085	0.0975990200441509	0.0531925674931372	0.0234942652313956	0.00888745929702268	0.00237498292567934	0.000594847300494825	0.000149813394198697	2.643765779977e-05	
0.000719433928328588	0.00675566005869528	0.0296371684133411	0.0719390060406129	0.131621314546164	0.1782485293279	0.191562443794224	0.165118860135903	0.110577872142553	0.0648982044859338	0.0308610834499489	0.0124014616791763	0.00432099036221744	0.00105721693126335	0.000223726404541207	4.38679224590603e-05	1.31603767377181e-05	
0.000724602676199217	0.00492729819815468	0.0228403546600735	0.0606558312949309	0.11639753898582	0.164809780818669	0.186789395330046	0.17020258134214	0.128364461971534	0.0767376191751826	0.0407578026533633	0.0181282414990931	0.00624914914079689	0.00192788227182701	0.000382063229268678	7.46560333053739e-05	3.07407195963304e-05	
0.0003644362873163	0.00396928197269801	0.0175763669653873	0.0493877031293222	0.0985470847292414	0.154687836170521	0.178626470368695	0.174740613570202	0.140593372528529	0.0914559449218218	0.0518904583554703	0.0248958283022099	0.0092118955516819	0.00304721425780135	0.000684964588208949	0.000241493925330078	7.4643576920206e-05	4.39079864236506e-06	
0.000277498810719383	0.00282344028049404	0.0136106559543316	0.0404531599626478	0.0841041633631094	0.136313582465599	0.173921278432616	0.173753898197579	0.150540902443751	0.107550610497384	0.0628468735133992	0.0325378367426044	0.013993868597706	0.00519319202917702	0.00154606480257942	0.000396426872456261	0.000114523318709586	2.20237151364589e-05	
0.000251299482852117	0.00211179740852919	0.0103958628169349	0.0320296621565023	0.0723257546699821	0.122272629077555	0.161510618505341	0.174150541616517	0.155157591228325	0.120072656411884	0.0768623716498913	0.0418964734305906	0.0196983524453203	0.00779028396841562	0.00260557884851932	0.000617226799987655	0.000193985565710406	3.52701028564375e-05	2.20438142852734e-05	
6.6382255580535e-05	0.00155334478058452	0.00775344745180648	0.0262563948239543	0.0608504009488237	0.10685772954984	0.1494397337629	0.172978881591758	0.160299870775876	0.130383600927581	0.0899037014745712	0.051583438069781	0.0258890796764086	0.0108557115292701	0.00375281018215291	0.00112849834486909	0.000305358375670461	0.000110637092634225	2.6552902232214e-05	4.425483705369e-06	
7.98318209638362e-05	0.000944676548072062	0.00631114895730772	0.0212751802868623	0.0512919449692648	0.0938777863523067	0.135447989568642	0.165726425219759	0.165611112589478	0.139031551309685	0.101142482060016	0.0621091567098646	0.032974977159229	0.0151059545668237	0.00616922572003867	0.00211997835670632	0.00052777703859425	0.000212884855903563	3.1045708152603e-05	8.87020232931513e-06	
0.000101628710552595	0.000653958659208003	0.00474561891884727	0.0166096662159654	0.0436208100250095	0.0814001785130394	0.122975158408229	0.158788232279046	0.166613642991596	0.146358599114505	0.111159716146593	0.0725673179741421	0.0404305522415759	0.0203389980292867	0.00865611495532755	0.00356584214851931	0.00105605486182914	0.000322560690014758	3.09304771247028e-05	4.41863958924326e-06	
5.33122453784947e-05	0.000577549324933693	0.00325204696808818	0.0128971206944808	0.0351949673240363	0.072144796058448	0.111973486043298	0.147772658814958	0.164748166280893	0.153037243046084	0.120574528297696	0.0828294585697213	0.0490250523126408	0.0261052294870029	0.0118530892224853	0.00516684511459911	0.00195922501765968	0.000644189631656811	0.000168822110365233	1.77707484594982e-05	4.44268711487456e-06	
3.11999964342861e-05	0.000485828515905312	0.00235337115961472	0.0107907416239152	0.0283563396164183	0.0609826216019861	0.101252902713954	0.138643869869272	0.162422724294546	0.154021010969027	0.129707299462023	0.0912198752891571	0.0590571361077559	0.0328357676759123	0.0164958838290418	0.00689074206962948	0.0030620567929078	0.00102514273998369	0.00027634282556082	5.79428505208171e-05	3.11999964342861e-05	
1.77925653765574e-05	0.000400332720972542	0.0022151743893814	0.00848260554327374	0.0241133742265794	0.0502328601993657	0.0887404198155801	0.128368911050518	0.154910970450997	0.156970459893334	0.13546369649442	0.103330323424357	0.069364316120509	0.0405626009172067	0.0213288377451482	0.00942561150823129	0.00404780862316681	0.00138782009937148	0.000435917851725656	0.000146788664356599	4.44814134413935e-05	8.8962826882787e-06	
0.000213023738832896	0.00161099202492378	0.00671468576779525	0.0193496562773214	0.043496784672942	0.0757743191006848	0.116071309696574	0.146555894322474	0.15615971454819	0.144407904955909	0.113439578923076	0.0797640762092426	0.0483785786878625	0.0261131599852659	0.0129855720796886	0.00582708685599151	0.00219680730671424	0.000679013167529857	0.00019970975515584	4.88179401492054e-05	1.3313983677056e-05	
0.000160957158569627	0.0012518890110971	0.00520875249260044	0.0156396705743488	0.0358755622322969	0.0674276363441264	0.104939596355215	0.137810624960878	0.15553826756445	0.146162513077769	0.121486886462609	0.0897827972565746	0.0583961513354973	0.0322271999713854	0.0162700861120798	0.00734590587583049	0.00291511298298325	0.00088973540431544	0.000442632186066475	0.000134130965474689	8.49496114673033e-05	8.9420643649793e-06	
0.000139335236083331	0.00106524035328224	0.00418455176753489	0.0125176978223251	0.0302761983953974	0.0580443625412949	0.0951794503000202	0.128426635503517	0.152608040991528	0.147938063240218	0.128867114636942	0.097282962896375	0.0675461267051711	0.0397420050789941	0.0202979976178169	0.00918713621142998	0.00415308897229027	0.00147425669146235	0.000557340944333326	0.000355080117760748	9.43883857338697e-05	6.29255904892465e-05	
8.11077516480644e-05	0.000847125406102007	0.00332992380377331	0.0102285886800615	0.0259815164445966	0.0512330631243607	0.0836356099077625	0.120296313652688	0.143209253493266	0.149418502480545	0.134697445556422	0.106480959955301	0.0759799393494257	0.0471506396247415	0.0257877590378818	0.0123824500849378	0.00547927922244702	0.00245576248045528	0.000806571530277974	0.000256841213552204	0.000207275365322831	4.05538758240322e-05	1.35179586080107e-05	
5.89954437364991e-05	0.000558187659968415	0.00251411352538619	0.00875855433934179	0.0214108079652925	0.0444507977999238	0.0740347437782497	0.109522772241282	0.137649984570422	0.148736589881828	0.138961498665795	0.11396104485469	0.0841002741019078	0.0547886147869811	0.0313220425130244	0.0168137014649022	0.00721105846902285	0.00317667773965764	0.00134328087276952	0.000376663217702264	0.000213291219662728	1.81524442266151e-05	1.81524442266151e-05	
6.83007235323313e-05	0.000377930670212233	0.00192608040361174	0.0065158890249844	0.0184229818274542	0.0376154851400392	0.0667890008514824	0.0987765063724575	0.129357016988667	0.144779320362267	0.142306834170397	0.121247444414594	0.092237850439629	0.0628730927022954	0.0378977947973062	0.0208362740589299	0.0104545640820155	0.00446231393744564	0.00186688644321706	0.000705774143167423	0.000300523183542258	0.000118387920789374	6.37473419635092e-05	
0.000209340214255158	0.00133795702154384	0.00551110868397819	0.015031537558365	0.0319516879192493	0.0577141868953026	0.090321200702655	0.120957685971475	0.14037171540653	0.142515177165533	0.126400531542109	0.100233004760214	0.0713713604383402	0.0455542509716116	0.0261584250334489	0.0139848364870892	0.00621194331431068	0.00249387907417015	0.00104215019705285	0.000395926057395626	0.000172933220471653	5.46104906752587e-05	4.55087422293823e-06	
4.55352670643413e-06	0.000177587541550931	0.00119302399708574	0.00435317153135103	0.0129456764263922	0.0274987477801557	0.0508446792040435	0.0805564409635263	0.112435681435272	0.133923773962934	0.140676654068576	0.13080005464232	0.109052411092391	0.0792814534857247	0.0519102044533491	0.0316196894494786	0.017977323437002	0.00871545011611493	0.00390237238741405	0.00122945221073722	0.000509994991120623	0.000318746869450389	4.09817403579072e-05	3.18746869450389e-05	
4.55784359303926e-06	0.000159524525756374	0.00102095696484079	0.00375566312066435	0.00989963628408128	0.024033509266096	0.0448309495811342	0.0728708033655117	0.10364080546212	0.128886701123964	0.136767212696329	0.132806446613978	0.1158330370735	0.0883765872690313	0.059675846163663	0.0365356742418027	0.0212122040820047	0.0112943364235513	0.00516403679091348	0.00203279824249551	0.000752044192851478	0.000237007866838042	0.000136735307791178	6.83676538955889e-05	4.55784359303926e-06	
2.72202663956738e-05	9.07342213189126e-05	0.000798461147606431	0.0026449025514463	0.00829764453961456	0.0199796755344246	0.0402859942655972	0.0637044967880086	0.0955748920262766	0.121561173012013	0.134989837767212	0.134182303197474	0.118966174282292	0.0969177585017965	0.0688899575363844	0.043139585526077	0.0253420680143723	0.0132471963125612	0.00646027655790658	0.00308496352484303	0.00110695750009073	0.000503574928319965	0.000140638043044315	5.89772438572932e-05	4.53671106594563e-06	
1.35204564506098e-05	0.000139711383322968	0.000630954634361789	0.00196046618533842	0.00576422126677663	0.0161253977267606	0.0334991842657941	0.0562270715592692	0.0867337281306617	0.113535779634587	0.131044770738127	0.135542575917363	0.124581992554735	0.103900201004119	0.0761607311862848	0.0510307094634182	0.0306193270418143	0.0170988705912045	0.00881533760579757	0.00397952101529614	0.0016179479552563	0.000648981909629269	0.000252381853744716	6.76022822530489e-05	9.01363763373985e-06	
2.70648202444855e-05	0.000117280887726104	0.000514231584645225	0.00161486760792097	0.00490324326762596	0.0129505164869863	0.0279714917226758	0.0493436781090712	0.0782849925571744	0.105435518065768	0.126018313861699	0.136460823672696	0.127299382019938	0.109950832243223	0.084726419775362	0.0577021967612432	0.0367810907122559	0.0206594794532906	0.0106545175695791	0.00490324326762596	0.00207045874870314	0.00100590915242005	0.00043754792728585	0.000126302494474266	3.60864269926474e-05	4.51080337408092e-06	
1.3507125008442e-05	4.05213750253259e-05	0.000427725625267329	0.0012876792508048	0.00438981562774363	0.010553567006596	0.0242002656401252	0.0434299092771437	0.0688638256680399	0.0966704936854191	0.121996353076248	0.134571486459107	0.129015555705635	0.11299160307062	0.0916683550572927	0.0661308840413318	0.0426735102766709	0.0254249116408906	0.0141959883838725	0.00629882262893676	0.00294005087683753	0.00127867450079917	0.000603318250377074	0.000148578375092861	0.000144076000090047	4.05213750253259e-05	
9.05149394907629e-06	6.33604576435341e-05	0.000280596312421365	0.00104092180414377	0.00365680355542682	0.00901981372025453	0.0199811728925859	0.0390934023660605	0.0608441423256909	0.0872926076448918	0.115030910851836	0.130223843445361	0.130549697227527	0.117053919749455	0.0978828555653111	0.0738782936123607	0.0497334335031997	0.0304628028856163	0.018265914789236	0.00913295739461798	0.00378352447071389	0.00152517673041936	0.000715068021977027	0.000248916083599598	0.000162926891083373	6.33604576435341e-05	4.52574697453815e-06	
9.10079586459836e-06	1.82015917291967e-05	0.000186566315224266	0.000787218842287758	0.00294865786012987	0.0077493276787055	0.0165862004632305	0.0336820454948785	0.0556422659161544	0.0792042264095995	0.106156233362608	0.124972128812665	0.127975391447982	0.122032571748399	0.104076701507547	0.0817342476599579	0.0566023998798695	0.0356341662078349	0.0221012827571771	0.0123224776006662	0.00551053189601431	0.00237075732272787	0.000914629984392135	0.000368582232516234	0.000236620692479557	0.00016381432556277	1.36511937968975e-05	
1.83452577508714e-05	0.000151348376444689	0.000729223995597138	0.00255457714180884	0.0060126582278481	0.014125848468171	0.0280315538433315	0.0493487433498441	0.0721931755641167	0.0980966795083471	0.117854522106036	0.128728673637865	0.123403962575674	0.110039442304164	0.0884470739313887	0.0634149697303247	0.0417721518987342	0.0262749954136856	0.0150889745000917	0.00767749036873968	0.0037011557512383	0.00139882590350394	0.000522839845899835	0.000302696752889378	9.1726288754357e-05	1.83452577508714e-05	
2.75627627075821e-05	0.000156188988676298	0.000496129728736477	0.00197073753359212	0.00494751590601098	0.0114661092863541	0.0241725428945495	0.042382341456692	0.0661965684360429	0.0911087121299125	0.112313664239612	0.124556124675563	0.125190068217838	0.113889335507729	0.0939430828950088	0.0720077175735581	0.0490617176194961	0.0301215058456026	0.0179801088729127	0.0096837172979305	0.00485564003031904	0.00212233272848382	0.000808507706089074	0.000335346946275582	0.000151595194891701	3.67503502767761e-05	1.8375175138388e-05	
3.2450223674756e-05	0.000148343879656028	0.000421852907771829	0.00163641842245555	0.00374104721507545	0.00989731822080059	0.0196694712931414	0.0363952437243585	0.0606865540180331	0.0839440929003546	0.106140045893888	0.12165588855666	0.12561945159122	0.116283058665369	0.099121526087662	0.077963980251721	0.0559627286002364	0.0362608070834203	0.0213151612080755	0.0123218135039288	0.00582249727649908	0.00301323505551306	0.00126092297707623	0.000449667385207334	0.000143708133416777	7.41719398280138e-05	1.39072387177526e-05	4.63574623925086e-06	
1.39332689306681e-05	8.82440365608977e-05	0.000417998067920042	0.00138403804711303	0.00289347551460207	0.00796982982834213	0.0175605632756186	0.0312616110574422	0.0530393103960764	0.0773249981422308	0.101239132050234	0.117959054767036	0.125320465185405	0.118214498030765	0.103565987961656	0.0829493943672438	0.0625882440365609	0.0417998067920042	0.0252842386861856	0.0150804414059597	0.00775154194842833	0.00366909415174259	0.00155123727428104	0.000738463253325407	0.000204354610983131	9.75328825146764e-05	1.85776919075574e-05	1.39332689306681e-05	
2.31052536725801e-05	6.00736595487082e-05	0.000300368297743541	0.0010674627196732	0.00251847265031123	0.00608130276662308	0.0148150886548583	0.0278926622335387	0.0474674331449485	0.0708730551152721	0.0928553934593648	0.114005942671245	0.124273917403339	0.119606656161478	0.108109481934002	0.0898886788878055	0.0667556989108183	0.0472363806082227	0.029731840425876	0.0182623925028073	0.00925596462123558	0.00501384004694988	0.00236135692533768	0.000951936451310299	0.000374305109495797	0.000143252572769996	5.08315580796762e-05	2.31052536725801e-05	
1.83827753395069e-05	1.37870815046302e-05	0.000197614834899699	0.00088237321629633	0.00225648567292447	0.00583193547645856	0.0123348422528091	0.024044670144075	0.0424090627082424	0.0632735127185827	0.0863668742388382	0.108407821870907	0.120705898573037	0.121592867483168	0.112599094648315	0.0960132355982444	0.0729060869964843	0.0513201130540683	0.0349824214710816	0.0204462418713665	0.0116730623405869	0.00634665318596475	0.00300558376800938	0.00144304786415129	0.00058824881086422	0.000248167467083343	7.81267951929042e-05	1.37870815046302e-05	
2.75466916423338e-05	0	8.72311902007236e-05	0.000633573907773676	0.00186399280113125	0.00535324040916019	0.0103942849797073	0.0211879969882284	0.0373395405211834	0.0577149101059629	0.0785356178722935	0.102225772684701	0.116536278992893	0.122610324500028	0.114837566341616	0.100242410886453	0.0813407893045379	0.0572282518869484	0.0390749820946504	0.0246129689824252	0.0138008925128092	0.00734119332268195	0.00377848787027345	0.00186399280113125	0.000936587515839348	0.000330560299708005	7.8048959653279e-05	2.29555763686115e-05	
3.21627619542094e-05	2.75680816750366e-05	0.000441089306800586	0.00149786577101032	0.00395142504008859	0.00915719779639134	0.0179100637282155	0.0317768088107589	0.0525263849515031	0.0739605684538441	0.0939979691513166	0.112335338145495	0.120936579628107	0.117049480111926	0.104257890214709	0.0859434946219267	0.0660439343328294	0.043240536107295	0.0294105484669849	0.01694058618931	0.00925828076253314	0.00481522493257307	0.00255004755494089	0.00114867006979319	0.000588119075734115	0.000192976571725256	4.59468027917277e-06	4.59468027917277e-06	
1.37665829964345e-05	9.63660809750412e-05	0.000160610134958402	0.00121604816468504	0.00316172522818111	0.00793414066694506	0.0159784139978616	0.028065473868731	0.0460262758180792	0.0687870263721842	0.0893726568128525	0.107631734727123	0.117126088133664	0.11745189726458	0.106484519477421	0.0909787581624365	0.071443976890496	0.05065643656588	0.0333426640173642	0.0206406967726541	0.0117015955469693	0.00566724333353218	0.00341411258311574	0.0013996026046375	0.000899416755767051	0.000252387354934632	5.04774709869263e-05	4.12997489893034e-05	4.58886099881149e-06	
4.60861349862894e-06	6.45205889808051e-05	0.000267299582920478	0.000852593497246353	0.00259464939972809	0.00655344839505035	0.0139456644468512	0.0249879023895661	0.0405972763094223	0.0621241099615181	0.0837569417240823	0.102647648454962	0.113256676728806	0.117851464386939	0.111413231329355	0.0939788464640413	0.0760006452058898	0.0566675115791414	0.0385095743945434	0.0232734981680761	0.0152222503859714	0.00771481899670484	0.0041247090812729	0.00199552964490633	0.00100006912920248	0.000368689079890315	0.000124432564462981	8.75636564739498e-05	1.38258404958868e-05	
9.21739691493725e-06	8.29565722344353e-05	0.000248869716703306	0.000695913467077763	0.00210156649660569	0.00482530728496965	0.011673833192768	0.0228084486660122	0.0372567183301764	0.0554057728556878	0.0771864817656846	0.0963863195394988	0.11053041510547	0.115429461565759	0.111032763237334	0.10018849576691	0.0804678750674022	0.062646038132371	0.0440407224595702	0.0283020172273148	0.0180015761748725	0.0103511367354745	0.00552122075204741	0.0026730451053318	0.00122591378968665	0.000553043814896235	0.000184347938298745	0.000119826159894184	2.76521907448118e-05	2.30434922873431e-05	
4.59668670822071e-06	6.435361391509e-05	0.000160884034787725	0.000657326199275562	0.00170996745545811	0.00406347105006711	0.00895894239432217	0.0188188353834556	0.0333397686947248	0.0499613878316509	0.0695156930884219	0.08959402062993	0.106776435545259	0.115831908360454	0.111782227370511	0.103774799124791	0.0875025281776895	0.0682837810506187	0.0493086583190836	0.033155901226396	0.0212183058451468	0.0124202474856124	0.0070788975306599	0.00322227738246272	0.00165940390166768	0.000712486439774211	0.000248221082243919	0.000119513854413739	2.75801202493243e-05	2.29834335411036e-05	4.59668670822071e-06	
5.52346321143357e-05	0.000101263492209615	0.000464891486962325	0.00123817633656302	0.00388023290603208	0.007732848496007	0.0158799567328715	0.0286943913833974	0.0445973625463165	0.0627327334238568	0.0819773998296932	0.101594900002301	0.113461140134865	0.113230995834388	0.105958435939334	0.0943545603093139	0.074120273411429	0.0563025016685462	0.0375825642677959	0.0242111804101171	0.0147430438885181	0.00851533911762675	0.00462129755356609	0.00228303146072588	0.00112770707233435	0.000312996248647902	0.000147292352304895	5.98375181238637e-05	1.38086580285839e-05	4.60288600952797e-06	
2.75597242190263e-05	0.000105645609506268	0.000395022713806044	0.00110698225613089	0.00327960718206413	0.00685777804316771	0.0135456044536514	0.0253457597067645	0.0405357610388179	0.0574390585598207	0.078320142943103	0.0953428659357215	0.110151624416078	0.11294434313694	0.108001965926994	0.0957470752242673	0.080639753064871	0.0618991405959331	0.0431401549775159	0.0280144596686402	0.0168665512220441	0.00980207524723369	0.00519500801528646	0.00293970391669614	0.00147903853308775	0.000542007909640851	0.000206697931642697	8.72724600269167e-05	4.13395863285395e-05	
1.83063010288141e-05	6.86486288580529e-05	0.000402738622633911	0.000887855599897485	0.00269560282649288	0.00573444879727602	0.0116977263574122	0.0219629846593197	0.0368734668472888	0.0531843810639622	0.0729048438472522	0.0909731629626918	0.104863068868304	0.110286310548091	0.109590671108996	0.0993299893823454	0.0845430747263208	0.0664427195840808	0.0481684545820672	0.0330840625343243	0.0208508768718193	0.0118533299161571	0.00659484494563029	0.00366126020576282	0.00199996338739794	0.000805477245267821	0.000338666569033061	0.000105261230915681	6.86486288580529e-05	9.15315051440706e-06	
3.65191748492443e-05	8.67330402669552e-05	0.000305848089362421	0.000803421846683374	0.00191269178272917	0.00448272871274474	0.00998799432126831	0.0188073750473608	0.0326892263869298	0.0496569480012599	0.0670948539917741	0.0865093603210036	0.100961823767592	0.109534700063452	0.110338121910135	0.101541565668324	0.0884996553502874	0.0709521918352255	0.0528158566257195	0.0373499860770646	0.0242030831313366	0.0142835622629107	0.00765076713091668	0.00472466824612098	0.00269785404198792	0.00106362096748424	0.000556917416450975	0.000251069327088554	9.58628339792662e-05	9.58628339792662e-05	9.12979371231107e-06	
9.08719160343496e-06	5.90667454223272e-05	0.000254441364896179	0.000686082966059339	0.00167658685083375	0.00362578944977055	0.00841473942478077	0.0163433140987778	0.0291607978554228	0.0455404607206143	0.0624199191239947	0.0797673678949521	0.0976100686082966	0.107733200054523	0.109028124858013	0.103866600027262	0.0912490344858921	0.0756145213321823	0.0579581080467082	0.0427915852605752	0.0278658730519333	0.0169930482984234	0.00975055659048571	0.00539779181244037	0.00318960425280567	0.00157208414739425	0.000781498477895406	0.000368031259939116	0.000104502703439502	0.000145395065654959	1.36307874051524e-05	9.08719160343496e-06	
2.71959604933347e-05	4.53266008222245e-05	0.000176773743206676	0.000557517190113362	0.0014323205859823	0.00324085195878905	0.00659955307971589	0.0144365223618785	0.0248979018316479	0.0396245144387887	0.0574424012220052	0.0759492523377194	0.0920537936098558	0.106100507204663	0.107863711976648	0.104704447899339	0.0943337216312137	0.0807176107442175	0.0634073818902099	0.0470036850526468	0.0323133337261639	0.0202791212078633	0.0122381822220006	0.00674913086242923	0.00382103244931353	0.00211675225839789	0.000929195316855603	0.000512190589291137	0.000249296304522235	6.79899012333368e-05	7.25225613155593e-05	1.81306403288898e-05	1.81306403288898e-05	
3.16497189957092e-05	5.42566611355015e-05	9.94705454150861e-05	0.000452138842795846	0.00105348350371432	0.00281230360219016	0.00577833441093091	0.0118505590696791	0.0215353730823661	0.0357415755230116	0.0518964963761072	0.0696158176252764	0.0879003124279404	0.101342400224261	0.108902161675807	0.105493034801127	0.0989912782417225	0.0849433243960555	0.0682322727663211	0.0518829322108233	0.0364921260020527	0.0238231956269131	0.0133607028046172	0.00833291887272744	0.00459373064280579	0.00237825031310615	0.00116199682598532	0.000592301884062558	0.00035266829738076	0.000221548032969964	1.80855537118338e-05	3.61711074236677e-05	2.71283305677507e-05	
4.51524346192747e-06	3.16067042334923e-05	0.000144487790781679	0.000307036555411068	0.000884987718537784	0.00231631989596879	0.00493516110388672	0.0101231758416414	0.0183183427250397	0.0310468140442133	0.0484846842941771	0.0657103381014304	0.0817665438520445	0.0966894234937148	0.105900520156047	0.106139828059529	0.10246441988152	0.0887651712180321	0.0740319318017627	0.0580705461638492	0.0403843375234793	0.0271095217454125	0.0157536844386649	0.00952264846120503	0.00538217020661754	0.00283557289409045	0.00135457303857824	0.000600527380436353	0.000447009102730819	0.00028446033810143	0.000117396330010114	4.51524346192747e-05	2.70914607715648e-05	
4.98032770556303e-05	9.05514128284187e-05	0.000348622939389412	0.000783269720965821	0.00158464972449733	0.00461812205424935	0.00855258094164414	0.0160004346467816	0.0273284163916168	0.0426859360073166	0.0605834227528535	0.0774576785334293	0.0927699224427149	0.103468571868393	0.105569364646012	0.103916801361893	0.0931638210885185	0.0783858305149206	0.0625800814057201	0.0453843681096034	0.030751259796531	0.0187215046022756	0.0117716836676944	0.00657403257134319	0.00339115041042428	0.00163898057219438	0.000742521585193033	0.000475394917349198	0.000303347232975202	0.000104134124752681	0.000181102825656837	1.81102825656837e-05	4.52757064142093e-06	
4.52857531020741e-05	6.79286296531111e-05	0.000208314464269541	0.000738157775563808	0.00132687256589077	0.00362286024816593	0.00774386378045467	0.0145503124716964	0.0248120641246264	0.0386966760257223	0.0545512181867584	0.0727832623856535	0.0890680192011593	0.10196087310932	0.106267548229327	0.104759532651028	0.0939588805361833	0.0811248981070555	0.0664975998550856	0.0497146997554569	0.0350557014763156	0.0221130332397428	0.0134091114935241	0.0079431210941038	0.00449234670772575	0.00223711620324246	0.0011638438547233	0.000588714790326963	0.000267185943302237	0.0001222715333756	4.52857531020741e-05	4.98143284122815e-05	1.35857259306222e-05	
2.71870879456983e-05	3.17182692699814e-05	0.000140466621052775	0.000502961126995419	0.00114638887504361	0.0026462098933813	0.00647958929372477	0.0120891917731872	0.0222073196703112	0.0350215004553837	0.0509486028102387	0.0668621116211207	0.0832378009270797	0.0979958585002696	0.106170109609276	0.104656695046966	0.0982949164676723	0.0851544906272514	0.0713434499508367	0.0531824752031102	0.0382658262835704	0.0267294386319457	0.0164300634818504	0.0095200119623187	0.00556882184754387	0.00258277335484134	0.00160856937012048	0.000643427748048194	0.000339838599321229	0.000113279533107076	2.26559066214153e-05	3.62494505942644e-05	
9.07651044479439e-06	4.5382552223972e-06	2.2691276111986e-05	9.07651044479439e-05	0.000326754376012598	0.00107556648770814	0.0022600511007538	0.00545044452209903	0.0107556648770814	0.019069748444513	0.0311868898883135	0.0459362193611044	0.0622693999065119	0.0784936623265819	0.0941869488856314	0.103313380137872	0.104847310403042	0.101312009584795	0.0891994063962169	0.0747314487472146	0.0584981098166999	0.0423192299488539	0.0296574978783657	0.0200681645934404	0.0116224716245592	0.00653962577547436	0.00342638269290988	0.00185614638596045	0.000848653726588276	0.000335830886457393	0.000208759740230271	4.08442970015748e-05	3.17677865567804e-05	4.5382552223972e-06	
4.52863683502629e-06	9.05727367005258e-06	9.05727367005258e-06	6.3400915690368e-05	0.000203788657576183	0.00084232645131489	0.00208770158094712	0.00474601140310755	0.0094920228062151	0.0166155685477115	0.0277605437987112	0.0415502429613662	0.0576721900940598	0.0748176091514693	0.0892503747446981	0.0999923013173805	0.103932215363853	0.100368178174688	0.0933442624435619	0.0790065982238686	0.0645783612674749	0.047369541294375	0.0337745735156261	0.0216514127082607	0.013957258725551	0.00802927310850161	0.00433390545112016	0.00223714659650299	0.00117291694027181	0.000688352798923996	0.000285304120606656	0.000117744557710684	1.81145473401052e-05	1.35859105050789e-05	4.52863683502629e-06	
2.26406208963875e-05	9.05624835855499e-06	4.52812417927749e-06	4.98093659720524e-05	0.00016301247045399	0.000674690502712346	0.00180672154753172	0.00401644614701914	0.00857173907137229	0.0149020566740022	0.025081279829018	0.0376377681781545	0.0530379185118773	0.0712953152027241	0.0833265411470644	0.0983870821673414	0.102448809556153	0.101226216027748	0.0938815986089603	0.0823937475661333	0.0682931688718631	0.0528296247996305	0.0382264243214606	0.0257469140833718	0.015762400268065	0.00942755454125574	0.00508055532914935	0.00292064009563398	0.00151239347587868	0.000688274875250179	0.000330553065087257	0.000172068718812545	4.07531176134974e-05	9.05624835855499e-06	2.26406208963875e-05	
9.05665845529633e-06	9.05665845529633e-06	4.07549630488335e-05	1.35849876829445e-05	0.000190189827561223	0.000566041153456021	0.00140378206057093	0.00361813505289089	0.00686494710911462	0.013462722793798	0.0218265468772642	0.034596435299232	0.0491731270830314	0.0664351180988263	0.080042747427909	0.0919884799304449	0.101593066222287	0.102276843935661	0.0954707651065063	0.0865454281988118	0.0721226996087524	0.0564818504564556	0.0431595058687147	0.0292303651644689	0.0186974713809593	0.0110989349369657	0.00620381104187799	0.00338719026228083	0.00191095493406753	0.00091472250398493	0.00042113461817128	0.000217359802927112	9.05665845529633e-06	1.81133169105927e-05	
9.07449250900643e-06	4.0835216290529e-05	0.000163340865162116	0.000562618535558399	0.00126135445875189	0.00287661412535504	0.00588027114583617	0.0115881269340012	0.0199003620722511	0.031016615395784	0.0445557582192216	0.0626865942522164	0.0773237506692438	0.0884082432689952	0.0975371827330557	0.101815805951052	0.0981451737311591	0.0893202297661503	0.0753364368097714	0.0605495512663454	0.0462980607809508	0.0335483988057968	0.021810542745397	0.0132124610931134	0.00774961660269149	0.00399731395021733	0.00219148994092505	0.00131126416755143	0.00050817158050436	0.000322144484069728	7.25959400720515e-05	
1.36332032119827e-05	2.27220053533045e-05	1.36332032119827e-05	0.00015450963640247	0.00040899609635948	0.00110883386124126	0.00228583373854243	0.00456257867494354	0.0092842113873602	0.0177867857905667	0.027793556948162	0.0399725518175332	0.0562733184579938	0.0724013978577693	0.0854756397380607	0.0949825267778833	0.100776638142976	0.0989452445114996	0.0935510404406251	0.0792770766776793	0.0649849353104508	0.0501610990179549	0.038018459357149	0.0247897078404552	0.016000836169797	0.00990679433404074	0.0052987716483906	0.00272664064239654	0.00143603073832884	0.00076345937987103	0.000572594534903272	0.000236308855674366	1.36332032119827e-05	
1.81659642493824e-05	2.72489463740735e-05	7.7205348059875e-05	0.000254323499491353	0.000903756721406772	0.00205729545124255	0.00413275686673449	0.00767511989536405	0.0151640386571719	0.0245785496294143	0.0365635445429443	0.052249854672286	0.0676455093736376	0.0824598532190089	0.0937272925446883	0.0991135009446301	0.0997129777648598	0.0956937581746839	0.0833499854672286	0.0689216683621567	0.0522861866007848	0.040764423775614	0.0282026594971661	0.017925265223078	0.0118124182531609	0.00664874291527394	0.00399651213486412	0.00187563580874873	0.000912839703531463	0.000776594971661096	0.000299738410114809	0.000118078767620985	5.44978927481471e-05	
1.37206834729794e-05	3.65884892612784e-05	5.03091727342578e-05	0.00022867805788299	0.000745490468698547	0.00143152464234752	0.00336614101203761	0.00666825216786799	0.0131398412059566	0.0225522300684205	0.0336614101203761	0.0467097801031795	0.062365079945849	0.0789076506531045	0.0912928542680473	0.0995664264022539	0.100060371007281	0.0953267352091032	0.0875562548022392	0.0736709231275841	0.0569637042186528	0.0424975302769749	0.030437049504226	0.0208966009293476	0.0135606088324613	0.00837876404083275	0.00475193004280853	0.00246057590282097	0.0012851706853024	0.000736343346383228	0.000375032014928104	0.000169221762833413	0.000109765467783835	2.74413669459588e-05	
2.29133919610656e-05	9.16535678442623e-06	3.66614271377049e-05	0.000164976422119672	0.000577417477418852	0.00131522869856516	0.00232341794485205	0.00564585977920655	0.0113833731262574	0.0195176272724356	0.029911141865975	0.0433200588415906	0.0584658109278549	0.0739002717528287	0.0875978974671537	0.0973269236938221	0.09947619985977	0.096442466764125	0.0896875988140028	0.0773510285821651	0.0621869457823319	0.0473711465403069	0.0331052687053475	0.0237474394284484	0.0160164609807848	0.00999940425180901	0.00596206458826926	0.00338201665345328	0.00179640992974754	0.00104026799503238	0.000444519804044672	0.000252047311571721	0.000164976422119672	2.74960703532787e-05	2.74960703532787e-05	
4.60233522489311e-06	9.20467044978622e-06	9.20467044978622e-06	0.000193298079445511	0.000524666215637815	0.00117359548234774	0.00229656527722166	0.00476801929298926	0.0094163778701313	0.0167801142299603	0.0264128018556616	0.0399298604111726	0.054077438892494	0.069706969316231	0.0830169227866219	0.0955076605869818	0.0983565060911907	0.0973992203644129	0.0923780726340545	0.0809826906172192	0.066264422568011	0.0517578619391479	0.0378265932133965	0.0267303629861792	0.0178524583373604	0.0113861773463856	0.00663656739429587	0.00395340595818318	0.00222753024884827	0.00111376512442413	0.000690350283733967	0.000289947119168266	0.000216309755569976	7.82396988231829e-05	9.20467044978622e-06	2.30116761244656e-05	
7.41413504846991e-05	0.000342903745991733	0.00101017590035402	0.00179792774925395	0.00410094344868492	0.00783118014494634	0.0148375377657504	0.0238549795184519	0.0360280625011585	0.051009249133473	0.0647671034827899	0.0795722044077033	0.0912494671090434	0.0983716705899798	0.0952438323664066	0.0931354377119979	0.0849196493114122	0.0706289040054865	0.0565698504198254	0.0427471223888343	0.030592574743749	0.0202035180070805	0.0130627791885229	0.00772923578802988	0.00478211710626309	0.00267835628625975	0.0013947841559934	0.000755315008062872	0.000329002242775852	0.000208522548238216	0.000115845860132342	2.31691720264685e-05	3.24368408370558e-05	
9.39443473686188e-06	0.000286530259474287	0.000807921387370122	0.00154538451421378	0.00351821580895478	0.00645397666422411	0.0125415703737106	0.0205879037258328	0.0319128948011198	0.0460750051669391	0.0603122710106533	0.0754607970238431	0.088321778178607	0.0951703211017793	0.0979651654359957	0.0932867369370385	0.0873870319222892	0.0747280311143678	0.0608947259643387	0.0466668545553614	0.0349097194821788	0.0242282471863668	0.0150780677526633	0.00911729891212446	0.00558968866843282	0.0033397215489544	0.00178024538263533	0.00094883790842305	0.000535482780001127	0.000220769216316254	0.000206677564210961	8.92471300001879e-05	2.34860868421547e-05	
0.00011291301463635	0.000597498035784016	0.00123263374311348	0.00310981261144279	0.00615375929768105	0.0103409502571123	0.0181319482670205	0.0286563821729169	0.0417825201243925	0.056150701236868	0.0706976612891843	0.0841437194487963	0.0927251085611589	0.0980649532116696	0.0952797655173063	0.0895023829350797	0.0783757462844561	0.0652213800793214	0.0512107568465277	0.0379058399552112	0.0270426670054057	0.0178026186409978	0.0112160261205441	0.00637958532695375	0.00393313667649951	0.00206536722605656	0.00100680771384078	0.000508108565863573	0.000239940156102243	0.000244644865045424	0.000145845977238618	9.40941788636246e-06	9.40941788636246e-06	
0.000112578277083284	0.000436240823697727	0.000989750686023876	0.00235945305720384	0.00584937964678566	0.00940966765954453	0.0160377137228229	0.0254426906208223	0.0383282125853132	0.0519361118277552	0.0669606210568286	0.0819804395243568	0.0883504937026526	0.097581912423482	0.0979337195393672	0.0900532401435373	0.0820508009475338	0.0683772310434599	0.0538874686305322	0.040992565142951	0.030058399981237	0.0203672866289842	0.0135234655346295	0.00794615005746183	0.0042263761521683	0.00254708351900931	0.00117269038628421	0.000450313108333138	0.000248610361892253	0.000192321223350611	0.000136032084808969	4.22168539062317e-05	1.87630461805474e-05	
6.57761824443369e-05	0.000342975808459757	0.000826900579300235	0.00156453348242601	0.00412510629900913	0.00810456533689151	0.014047913250612	0.0233881311577078	0.03475331582434	0.0476924305708903	0.0628538406243099	0.0787387886846173	0.0873319770910953	0.0941820966627984	0.0978984509709034	0.0923967431393093	0.0832444571820544	0.0729504846295157	0.0580239895133972	0.0447935802445934	0.0334049040842311	0.0229042063868673	0.0153634368994987	0.00943888218076235	0.0055064061303402	0.00303510098993155	0.00155513688493397	0.00072823630563373	0.000389958795919997	0.000145647261126746	0.000117457468650602	6.57761824443369e-05	1.40948962380722e-05	4.69829874602406e-06	
4.7070785046553e-05	0.000287131788783973	0.00071076885420295	0.00130386074578952	0.00349735932895889	0.00691469832333864	0.0122807678186457	0.021549005394312	0.0315233047456766	0.0443877502988995	0.0585089858128654	0.0739952740931813	0.0848733325174397	0.092093990943581	0.0961185430650612	0.09388268077535	0.0854617173305216	0.0755391958427083	0.0624017397362153	0.048449959048417	0.0370164653606093	0.0262278414279393	0.0174067763102153	0.0110098566223887	0.00675465765418036	0.00376566280372424	0.00206640746354368	0.000993193564482269	0.00047070785046553	0.000263596396260697	0.000131798198130348	3.29495495325871e-05	1.88283140186212e-05	1.41212355139659e-05	
1.87770506886483e-05	0.000211241820247294	0.00058678283402026	0.00135194764958268	0.00267572972313239	0.00613540131251584	0.0105292311736596	0.0192793367945697	0.0284096776919249	0.0404504614460207	0.0545754978265564	0.0696863293682461	0.0833137739055327	0.0895853088355412	0.0943922338118352	0.0938242280285036	0.0871489865086891	0.0779482316712514	0.0671514275252786	0.0528245378498399	0.0405865950635134	0.0293485302263573	0.0194436359880953	0.0127824772562974	0.00768450799432933	0.00484917334034343	0.00260062152037779	0.00149277552974754	0.000577394308675936	0.000281655760329725	0.000178381981542159	3.28598387051346e-05	1.40827880164863e-05	2.34713133608104e-05	4.69426267216208e-06	
1.87961092053945e-05	0.00013627179173911	0.000427611484422724	0.001024387951694	0.00214745547671632	0.00500916310323763	0.0100089281518726	0.0163526150086932	0.0268549410272074	0.0371176166533528	0.0497345049574738	0.0650815281236784	0.0795639302664349	0.0879657910812462	0.0927963911470326	0.0943705652929843	0.088313519101546	0.0804802405901978	0.070184671772943	0.0576852591513557	0.0440768760866501	0.032282317560265	0.0224143602274329	0.0140876838494432	0.0097222874864903	0.00544617264226305	0.00321883370142381	0.00182792162022461	0.000991494760584559	0.000390019266011936	0.000183262064752596	4.22912457121376e-05	9.39805460269724e-06	2.34951365067431e-05	9.39805460269724e-06	
1.8813348070456e-05	8.9363403334666e-05	0.000432707005620488	0.00111939421019213	0.00194718152529219	0.00447287350375091	0.00867295346048021	0.0148108082684665	0.0234414316957882	0.0342779201843708	0.0464313430378854	0.060423770665287	0.0733814641488136	0.0855772170354867	0.0914234649483809	0.0938739035345578	0.0892881499423841	0.0828492815652706	0.0733203207675846	0.0623239188204031	0.0486748347952873	0.0353926110575453	0.0252851398066928	0.0161371493074336	0.0111563154057804	0.00721021564800226	0.00383321966935541	0.00210709498389107	0.00118994426545634	0.000395080309479576	0.000272793547021612	0.000131693436493192	2.351668508807e-05	4.703337017614e-06	4.703337017614e-06	4.703337017614e-06	
3.28695595009462e-05	8.45217244310044e-05	0.000370956457224964	0.00104243460131572	0.00194869531327038	0.00451252095434418	0.00767738996914957	0.0129740847001592	0.021534257124477	0.0312871249935435	0.0433643402844626	0.0574700769617257	0.0700027704343008	0.0802064208336659	0.0889168541014167	0.0924292013166606	0.0907481581307551	0.0847142461366528	0.075562421641318	0.06526016256345	0.0529528603560243	0.0388893845409766	0.0278029516864432	0.0186417358883938	0.0130069542596601	0.0085038246080305	0.00475199917356536	0.00281739081436681	0.00133826063682424	0.00071373900630626	0.000215999962434789	0.000154956494790175	4.22608622155022e-05	9.39130271455605e-06	4.69565135727802e-06	1.40869540718341e-05	
4.71191360235219e-06	0.000141357408070566	0.000282714816141131	0.000824584880411633	0.00171042463765384	0.00382136193150762	0.00644118589441544	0.0116902576474358	0.0189607403358652	0.0284505343310025	0.0391230186403302	0.0539608345741373	0.0661222835818082	0.078307292157491	0.0877876623254236	0.0927587311759052	0.0911001375878772	0.0862657142318638	0.0784109542567427	0.0674227717360574	0.0552142035923629	0.0429490924854402	0.0309761200218633	0.0209303202216484	0.0138671617317225	0.00959816800799141	0.00589460391654259	0.00362817347381118	0.00174811994647266	0.000895263584446916	0.000414648397006992	0.000160205062479974	6.59667904329306e-05	2.35595680117609e-05	4.71191360235219e-06	3.29833952164653e-05	9.42382720470438e-06	
9.49149324917543e-06	5.69489594950526e-05	0.000151863891986807	0.000669150274066868	0.00129558882851245	0.00301829485323779	0.00548133735139881	0.0101653892698669	0.0168189260375389	0.0253280497354246	0.0359110647082552	0.0508127091094606	0.0625204660323185	0.0728614479272952	0.0853332700567117	0.0917732482262772	0.0924803644733408	0.0884274968559429	0.0819922644330019	0.0706594214934865	0.0583442090026813	0.0469734000901692	0.0341361554706594	0.0236053437106993	0.0159267256721164	0.0103789478679733	0.00653014735543269	0.00396744417815533	0.00228744987305128	0.00111050471015352	0.000531523621953824	0.000232541584604798	9.49149324917543e-05	5.22032128704648e-05	1.89829864983509e-05	2.37287331229386e-05	1.89829864983509e-05	
4.73623885799809e-05	9.47247771599617e-06	0.00012314221030795	0.000369426630923851	0.0012361583419375	0.00244863548958501	0.00484517235173204	0.0089230740084684	0.0145355170551961	0.0225823868749349	0.0327842453750628	0.0458894182951435	0.0591366783809641	0.0699968740823537	0.0811270353986492	0.0908552700129773	0.0921908893709328	0.0924466462692646	0.0838314277865661	0.0735774706590003	0.0608227794144114	0.0497447167255539	0.0378614934308367	0.0273849330769449	0.0179171915998068	0.0115516865746573	0.00728907160245906	0.00453258058710417	0.00293646809195881	0.00156295882313937	0.000757798217279694	0.000303119286911878	0.000194185793177922	0.000104197254875958	5.2098627437979e-05	2.36811942899904e-05	4.73623885799809e-06	
4.7324508889909e-06	5.20569597788999e-05	3.78596071119272e-05	8.04516651128453e-05	0.000307609307784408	0.000918095472464234	0.00206808103848902	0.00404624551008722	0.00744414524838269	0.0126072491682718	0.0203590037244388	0.0302876856895418	0.0417212870373438	0.0541960275807238	0.0672954516414506	0.0786249390696948	0.0884589720170179	0.0921644810630978	0.0917716876393115	0.0868026142058711	0.0761451348038636	0.0642240910144955	0.0526343187873568	0.042109348010241	0.0301173174575381	0.0214332700762398	0.0133029194489534	0.00812561817639738	0.00541865626789458	0.00309975533228904	0.002082278391156	0.00099854713757708	0.000572626557567899	0.000222425191782572	0.000113578821335782	9.93814686688089e-05	2.36622544449545e-05	2.83947053339454e-05	
4.72424577416215e-06	3.77939661932972e-05	5.19667035157837e-05	0.00010865765280573	0.000340145695739675	0.000892882451316647	0.00198418322514811	0.00340145695739675	0.0068407078809868	0.0112578776798284	0.018150552264331	0.0274903861598496	0.0377419994897815	0.0510265786067254	0.0643347789525402	0.0764052269055245	0.0868221888375521	0.0905590672449143	0.0900724699301756	0.0877245197804171	0.0773736972892278	0.0687944669633493	0.0557319273977909	0.0444457042433176	0.0337783572852594	0.0238007502102289	0.0159821234539906	0.0098122584729348	0.00655252888876291	0.00391639974678043	0.00214008333569546	0.00123302814705632	0.000529115526706161	0.000302351729546378	0.000179521339418162	8.03121781607566e-05	6.61394408382702e-05	2.36212288708108e-05	9.44849154832431e-06	
4.73570055218268e-06	1.89428022087307e-05	4.73570055218268e-05	9.47140110436537e-05	0.000383591744726797	0.000639319574544662	0.00162908098995084	0.00324869057879732	0.00587700438525871	0.0100965135772535	0.0153957624951459	0.0242609939288319	0.0336282096210492	0.0467224216478344	0.0599539689906328	0.0723520330362471	0.0832488800068194	0.0897225826616531	0.0915884486792131	0.0876909671247668	0.0816387418190773	0.0701783464827952	0.0609910874115608	0.0481052462090717	0.0379045472196702	0.0272350138756026	0.0179625121944289	0.0117587444710696	0.00709881512772184	0.00517612070353567	0.00262357810590921	0.00130705335240242	0.000587226868470653	0.000412005948039894	0.000203635123743855	9.47140110436537e-05	8.52426099392883e-05	2.36785027609134e-05	9.47140110436537e-06	
1.41541481090058e-05	5.18985430663546e-05	5.18985430663546e-05	0.000245338567222767	0.000702989356080622	0.00142956895900959	0.00292047255982487	0.00532667773835585	0.00908696308598173	0.0135502377896882	0.0225900203819733	0.030907941420699	0.0423020306484487	0.0558192420925493	0.0682701743791047	0.0798812938778591	0.0889069223220352	0.0916952894995093	0.0891381067411489	0.08200441609421	0.0734128481920435	0.0634483279233034	0.0529742583226391	0.0402260889257945	0.0300020759417227	0.0207122367328452	0.0130595606552427	0.00873782743262625	0.00556258020683928	0.0033356609043557	0.00203819732769684	0.000853966935910017	0.000377443949573488	0.00020287612289575	9.90790367630407e-05	1.88721974786744e-05	1.41541481090058e-05	2.83082962180116e-05	
2.36188856609745e-05	8.97517655117032e-05	3.77902170575592e-05	0.000146437091098042	0.000547958147334609	0.00128014360282482	0.00246108788587354	0.0045442736011715	0.00792177425069085	0.013306880181393	0.0204161647653464	0.0292307328940221	0.039457710385224	0.0511207161246132	0.0632608233543541	0.0748576962138926	0.0872292685231111	0.0903233425446987	0.0894872339923002	0.0843855546895298	0.0762606580221545	0.0656227119204516	0.0567798011289827	0.0442003826259477	0.032428730012518	0.0236377807695033	0.0156593211932261	0.00985852287489076	0.00653770755095775	0.00420416164765346	0.00252722076572427	0.00119983939157751	0.000576300810127778	0.000236188856609745	9.9199319776093e-05	2.83426627931694e-05	0	9.44755426438981e-06	4.7237771321949e-06	
3.29647559666208e-05	6.59295119332417e-05	0.000150696027275981	0.000339066061370957	0.00102190743496525	0.00205794262248761	0.00383333019383277	0.00657411418991467	0.0114528980729746	0.0185214836023885	0.0268568576110912	0.0373726147644433	0.048123834460414	0.0598734153370882	0.070473939005783	0.0817761410514815	0.0892685591576092	0.0892544314050521	0.0864995196564131	0.0786680354889144	0.0680486748168101	0.0598734153370882	0.0483640062538851	0.0367180288959632	0.0259432629457306	0.0184225893344887	0.0116412681070695	0.00761485862828941	0.00494471339499312	0.0032022905796146	0.00171416731026428	0.000678132122741914	0.000414414075008948	0.000136568274718858	3.76740068189952e-05	1.41277525571232e-05	4.7092508523744e-06	9.41850170474881e-06	
2.3403747408035e-05	0.000149783983411424	0.000210633726672315	0.000262121970969992	0.000837854157207652	0.00184421529575316	0.00315014440112151	0.00585561760149035	0.00953000594455184	0.0163498579392532	0.0244709582898414	0.0342724477043264	0.0450428522615041	0.0570302516838996	0.0685917029034689	0.0779017136223852	0.0870198136125556	0.0898797515458175	0.0873802313226394	0.0826245898493267	0.0707074016691553	0.0598621051202719	0.05216695297251	0.0402965722871546	0.0296010597216826	0.0200757345266124	0.012970356813533	0.00866406729045455	0.00569647211911571	0.00372119583787756	0.00196123403279333	0.00102508413647193	0.000435309701789451	0.000299567966822848	6.55304927424979e-05	1.4042248444821e-05	9.36149896321399e-06	
3.74577429836965e-05	0.000491632876661017	0.000201335368537369	0.00070233268094431	0.00167155178064746	0.00302471274593349	0.00512702857089346	0.00831561894238063	0.0144914643168176	0.0224559169187261	0.0309260490509144	0.0425613604652252	0.0530307996291683	0.0648346708869057	0.0763669735080113	0.0839474842443369	0.0890745128152303	0.0879367338721005	0.0856377648964762	0.0737308848455336	0.0626948973189621	0.0522114115014	0.0452442713064324	0.031970183636585	0.0231161096388137	0.0146600241602442	0.00972496652214221	0.00651764727916319	0.00429827600737918	0.00238324889733769	0.00149830971934786	0.000482268440915093	0.000435446262185472	0.000182606497045521	1.40466536188862e-05	
