# lnPI (bias) matrix in single row (vectorized) notation.
# species_total_upper_bound: 100
# species_total_lower_bound: 0
# volume: 512
0
6.57514090738364
12.4573889309311
17.9327519874148
23.1203067487382
28.085758845506
32.8672212493862
37.495698958456
41.9902628023091
46.3676975279752
50.6383236725327
54.815022386278
58.9040176501592
62.9129648522844
66.847279069359
70.7135109026878
74.5132902101794
78.2522480752911
81.9354897899035
85.5658395258979
89.1460942991879
92.6768409386812
96.1618360930619
99.5998884933557
102.997405600346
106.353408767287
109.668248136051
112.946780601232
116.187404476731
119.394780205555
122.571322607777
125.71231362823
128.820165981232
131.897952201636
134.946595593083
137.966415334556
140.957087489397
143.921174606291
146.859148973412
149.770897354353
152.65587457561
155.515903955938
158.353193411279
161.16944751527
163.957839363827
166.726589063979
169.475817228737
172.203549071939
174.908164151375
177.593384707859
180.258616676063
182.901167350863
185.526079783793
188.131936610959
190.717751233956
193.280804628241
195.827936093352
198.358401437989
200.870298058066
203.367076688432
205.849512365721
208.311919571708
210.761299137144
213.195290378595
215.612548069795
218.013974226096
220.399621831612
222.769020613617
225.125078774448
227.465425138019
229.793084164877
232.103235327513
234.40219180205
236.688593373316
238.961618400969
241.218524187174
243.46084386038
245.691963712966
247.90973138127
250.114752919413
252.30901038179
254.490505959634
256.658529904568
258.813680688599
260.957269114117
263.0872630165
265.207069208696
267.315228660829
269.413692896147
271.499929486387
273.575974278837
275.638136313086
277.692371279746
279.735154475732
281.767069719935
283.787853790426
285.795581949436
287.790754700754
289.778967798281
291.7564541265
293.725130256715
