# lnPI (bias) matrix in single row (vectorized) notation.
# species_total_upper_bound: 100
# species_total_lower_bound: 0
# volume: 512
0
6.57505136639598
12.4569911284202
17.9324375626478
23.1199295491733
28.0853237105727
32.8677975414986
37.4957853233101
41.9899981519967
46.3667602651184
50.6359157280852
54.8131925443551
58.9024067523667
62.9113271348716
66.8479928691316
70.7162009728228
74.516579128407
78.2561747833451
81.9405945072784
85.5705609641282
89.1501371983573
92.6796452782545
96.1634535368025
99.6008167621912
102.997794694937
106.353004675382
109.668204528533
112.947696138221
116.190132998879
119.397843121513
122.572827876826
125.71219318296
128.820957787908
131.899317866242
134.948312793126
137.967069294213
140.957121086849
143.921001219254
146.859064740631
149.771560868644
152.656804575599
155.516479825052
158.353436570957
161.167995518704
163.956335310916
166.724131948874
169.472193886568
172.198053249705
174.902636683844
177.587806697185
180.251773858409
182.89454725932
185.520107957083
188.126579551914
190.711093243782
193.275967892702
195.823501578883
198.355060919024
200.868121074644
203.365348919139
205.847042537817
208.310574743756
210.758795138525
213.191242796815
215.607440326068
218.007462786111
220.392613962292
222.762247533121
225.118885091846
227.45919673487
229.787110509836
232.098097215359
234.397560174706
236.683862168639
238.956567613972
241.213294884893
243.45527475582
245.686051069303
247.903500261417
250.108799138736
252.303903874982
254.486160817073
256.654136902411
258.808255097882
260.951629075434
263.080625085772
265.200688339191
267.30886773625
269.407488899936
271.492977853981
273.568632607859
275.632018162974
277.685579671197
279.727719862688
281.759140048815
283.779489042823
285.787844773167
287.78529332609
289.774562148607
291.752057406291
293.719779698064
