# lnPI (bias) matrix in single row (vectorized) notation.
# species_total_upper_bound: 100
# species_total_lower_bound: 0
# volume: 512
0
6.57433605615859
12.4552879551886
17.9306456661892
23.1183937075314
28.0840212746596
32.8670864797813
37.4952722639761
41.9886816364839
46.364987197518
50.6339975143978
54.8106113868712
58.8995964113153
62.9083578885758
66.844891941366
70.7129673454191
74.5133071914016
78.2532027891186
81.9378686995724
85.5678691381292
89.1477993622293
92.6776941313438
96.1608861471905
99.5977988988378
102.994383665156
106.349491251289
109.663940817475
112.942467494497
116.185014662465
119.39281495656
122.566878347713
125.705802582281
128.814493702044
131.892703034385
134.941463660637
137.960251811265
140.949962989186
143.914442614041
146.853020964526
149.765998894659
152.651575517632
155.511523995487
158.349460108871
161.164984726317
163.953408562056
166.720827064746
169.468313214388
172.194262221864
174.898397685932
177.582665122024
180.246318595175
182.888762629116
185.513785564535
188.120472834363
190.705886277876
193.271817230334
195.820164942648
198.351861593277
200.864794636621
203.361928120995
205.842532842428
208.30546558926
210.753273645604
213.185989992723
215.602580594567
218.002297132559
220.386655908348
222.756355194938
225.112849005418
227.453233221676
229.780739789889
232.091680212254
234.390972357325
236.677115864194
238.949217201775
241.205523126373
243.447545190025
245.67853086538
247.896478984567
250.10165048179
252.296196272518
254.477850081302
256.64562686467
258.800114679432
260.943213580488
263.071794241905
265.191256469435
267.29989576098
269.398530221744
271.483844807005
273.559274661355
275.622775563809
277.676064874064
279.718386163842
281.749892163825
283.769908300583
285.778432769996
287.77617963461
289.764894483937
291.742714215916
293.710432777249
