# lnPI (bias) matrix in single row (vectorized) notation.
# species_total_upper_bound: 100
# species_total_lower_bound: 0
# volume: 512
0
6.57489555987382
12.4567179473355
17.932226034995
23.1196827675747
28.0850701089841
32.8675313858631
37.4954327230905
41.9895825218332
46.3663257251137
50.6354987031693
54.8128872964708
58.9020799121604
62.9109110693112
66.8473118416736
70.7156109404735
74.5160434953161
78.2559213308225
81.9405890671066
85.5704584670271
89.1502509663526
92.679700402452
96.1634355341114
99.6008376106808
102.997731851797
106.35286505213
109.668024958157
112.947493608831
116.190008999836
119.397787219689
122.572656475583
125.711943054116
128.82076104939
131.899294641566
134.948286776444
137.967068221608
140.957011078433
143.920982963904
146.858965326209
149.771426102985
152.656764240734
155.516389463506
158.353449675461
161.168018322193
163.956405499106
166.724158308098
169.472262809114
172.198176217525
174.902648988131
177.587749647937
180.251551584326
182.894226671415
185.519687538821
188.12609873902
190.710620722417
193.275635312511
195.823425420618
198.354969938406
200.868078080262
203.365284665381
205.846925379119
208.310349915168
210.758607058281
213.190976614884
215.607151351886
218.007246602522
220.392351819259
222.761905157003
225.118764316753
227.459133052545
229.787021734027
232.097886729372
234.397255637183
236.683553978938
238.95633958995
241.213010084718
243.45498503175
245.685882955004
247.90349704689
250.108906281112
252.303966654705
254.486028789549
256.653872440854
258.808083244488
260.951471373152
263.080504278759
265.20059962472
267.308903661792
269.407572083144
271.493042425387
273.568779336768
275.632307346291
277.685990787747
279.728142872701
281.759559736249
283.779818713134
285.788188457935
287.785597361663
289.774694534849
291.752196726136
293.719847749727
