# lnPI (bias) matrix in single row (vectorized) notation.
# species_total_upper_bound: 100
# species_total_lower_bound: 0
# volume: 512
0
6.57397647064969
12.4563605855262
17.9330107754387
23.120863552328
28.0866489807846
32.8692162252708
37.4972152164897
41.9912984207931
46.3695238994115
50.6406189967948
54.8169596642068
58.9069766028065
62.9154622221407
66.8511922524283
70.7184493255023
74.5183938059183
78.2574176751316
81.9422945668551
85.5740981057735
89.154827421489
92.6853561243038
96.1707518565406
99.6083773898833
103.004808862751
106.361042881306
109.675098058893
112.952903655964
116.19239817301
119.400242623202
122.57634800839
125.717312281564
128.826001281805
131.904170407319
134.952197532061
137.972469161948
140.964118467901
143.928834840394
146.867118535704
149.779421162678
152.665417055327
155.525520009786
158.362586811555
161.178031454563
163.965841451794
166.735191056067
169.484103424583
172.212255558687
174.916050885329
177.601231586641
180.266742568346
182.90896057252
185.535029373463
188.141786021054
190.726911229532
193.288493344173
195.833753037002
198.362889638793
200.874633530876
203.370844299008
205.852002667664
208.31379915098
210.762143682602
213.196459937072
215.61331651071
218.014154255413
220.398562494831
222.767842425941
225.125225437122
227.465705141049
229.79200909277
232.101055170546
234.398964994356
236.684692735264
238.958449121019
241.215121219985
243.457950394979
245.689774570168
247.908166284451
250.112886963217
252.307042255602
254.488716287727
256.657153538778
258.811044288671
260.95329556549
263.08377540523
265.203464367663
267.311193212476
269.410149665209
271.495972026749
273.571912091441
275.634765674422
277.689199674688
279.729908909923
281.761672204352
283.782235364919
285.789081196486
287.784125295286
289.771117317626
291.747475405781
293.714557307052
