# lnPI (bias) matrix in single row (vectorized) notation.
# species_total_upper_bound: 100
# species_total_lower_bound: 0
# volume: 512
0
6.57386254289236
12.4557765500407
17.9325640305305
23.1202859776086
28.0859623150668
32.868159067771
37.4964493929394
41.9916038927022
46.3707044235192
50.6418511700121
54.8174786689403
58.9079352054213
62.9169927247745
66.8523016361859
70.7195517177751
74.5193599852975
78.2583577300123
81.9429404610319
85.575106470765
89.1555121104058
92.6855427684624
96.17090602764
99.6093342051092
103.006298376655
106.362553867686
109.676917378809
112.954589201785
116.194043264318
119.402435637848
122.578967647984
125.720123532761
128.828926011468
131.906684204465
134.954743872716
137.975169627184
140.967845069743
143.933255708884
146.871564311673
149.783733855046
152.669196212055
155.529002852547
158.365847221306
161.180960723259
163.968750130234
166.73836890144
169.487309775421
172.215938853914
174.919810195475
177.605827575751
180.271338352574
182.9131151158
185.538698763947
188.145758827973
190.731221992389
193.292990040599
195.838131571657
198.366875993883
200.878026712306
203.374468823808
205.855787905846
208.317114111609
210.765465426378
213.199957160558
215.617004542634
218.018285713364
220.402960978672
222.772156377793
225.129688187589
227.470688584521
229.797749490838
232.107284621087
234.405567755354
236.691711614946
238.965802278715
241.22275906177
243.46549768158
245.696948068755
247.914926241813
250.120192865389
252.314547554619
254.496287201864
256.664623401635
258.818716607881
260.961631712872
263.092460623891
265.211862909264
267.319452386434
269.418100074766
271.503780098238
273.580134149286
275.643304400213
277.697674527568
279.738787689241
281.770559564033
283.79129334636
285.798110511567
287.793012099511
289.779852490375
291.755643791448
293.722986805678
