# <P(U)> as a function of N_tot.
# number_of_species: 1
# species_total_upper_bound: 479
# species_total_lower_bound: 456
# volume: 729
# Bin widths for each
10	10	10	10	10	10	10	10	10	10	10	10	10	10	10	10	10	10	10	10	10	10	10	10	
# Bin lower bound for each
-2420	-2420	-2430	-2440	-2440	-2450	-2460	-2470	-2470	-2480	-2490	-2510	-2520	-2520	-2530	-2540	-2550	-2560	-2560	-2560	-2560	-2580	-2600	-2600	
# Bin upper bound for each
-2220	-2220	-2230	-2240	-2250	-2260	-2260	-2280	-2280	-2290	-2300	-2310	-2320	-2330	-2330	-2340	-2340	-2350	-2380	-2390	-2400	-2420	-2420	-2430	
# Normalized histogram for each
1.13386240865138e-06	6.57640197017798e-06	1.16187547992394e-05	5.02901327131257e-06	7.92503125858567e-05	0.000325912074919652	0.00120229433990292	0.00367059274751723	0.0104000528033054	0.0279443191919259	0.0639187586783828	0.119551157497437	0.180865460902263	0.205834338380079	0.180200070422193	0.118787601211893	0.058799890146074	0.0211104504176375	0.00617848296253009	0.00096963911320541	0.000137370765697551	
5.25650518329628e-06	6.27562353515984e-06	1.15723570744507e-05	2.57461478365532e-05	0.000259285163837288	0.000896730283475949	0.00307785810769595	0.00894970963373785	0.0253644746043283	0.0580962898687983	0.113146582487848	0.176965771689893	0.207854337092141	0.186104568006257	0.125650145546862	0.0627056817175652	0.0231134433068417	0.00643834723515806	0.00117958926392608	0.000148254901292152	8.04567119892288e-08	
3.98205757258838e-06	8.95627763801024e-06	2.40532366505844e-05	1.61695671129347e-05	0.000158129249195648	0.000751804425143934	0.00239132612934873	0.00798850357185872	0.0222887829178901	0.0535562341678854	0.109570014607716	0.172106016531009	0.207906470504343	0.19119794463618	0.13128705718531	0.0675272228271062	0.0247253865166753	0.00699545617734245	0.00130464004767099	0.000188269536815778	3.57982953495319e-06	
3.32373916511494e-06	5.55750718701405e-06	1.7856687741326e-05	2.03730408744292e-05	9.83396186990282e-05	0.000563353603836182	0.00203735791317839	0.0067596242500763	0.019501023590555	0.049937458532317	0.103018636057478	0.169727372918986	0.207567753077237	0.196326651917877	0.137565123420931	0.0711525357559651	0.0265572276430569	0.00730880822905068	0.00160903962319617	0.000198724615345819	2.38582572459465e-05	
1.61949970496089e-06	9.86545236938677e-06	2.05271587603793e-05	6.88152416299633e-05	0.000397911077508891	0.00174476800713962	0.00576784819921822	0.0177716879790354	0.0469780965499028	0.0982815664076461	0.16339603527848	0.208810693804875	0.200210084200894	0.143480426598355	0.0739704060991331	0.0290022436413954	0.0080669979470277	0.00174241973256743	0.000247486546579774	3.05005777767635e-05	
5.97279136017798e-06	8.58841556756969e-06	2.16800192035354e-05	4.27128736547265e-05	0.000263342123808118	0.00134896099586575	0.00497818003141877	0.0152837394085421	0.0427565303103117	0.0933401542700551	0.159446105710371	0.207436837124649	0.204350751107501	0.148693881310739	0.0794946306628062	0.0312820565644644	0.00902541356659021	0.00194495928497787	0.000250789824132439	2.47136039801495e-05	
7.88997445409072e-06	1.76079498038481e-06	1.70837436646496e-05	4.21784324308972e-05	0.000188875504308148	0.000958705822678832	0.00426210505889436	0.0134721112185853	0.0381828391496446	0.0887665406694647	0.155226618144713	0.206864484769278	0.207591545243163	0.155691441137168	0.0830738636155145	0.0332069803880908	0.00987706519241262	0.00225470469297428	0.00027835345991442	3.36970459223261e-05	1.15594174284804e-06	
4.33704586243951e-06	1.63308517042475e-05	7.72368969946789e-06	4.04790947161021e-05	0.000157646262722068	0.000740430107515367	0.00356193277396864	0.01243156636909	0.0361347401282277	0.0831679946147812	0.149624012927181	0.206673621289262	0.210675242166452	0.161334331246536	0.0875963192294922	0.034354155240648	0.0105909187506931	0.00245040414039028	0.000392756983487153	4.50570875708993e-05	
3.11781568455852e-06	1.7114533307083e-05	2.90371675343004e-05	0.0001739286191755	0.000701776152689577	0.00285309573740135	0.0110178521442684	0.0324427589446619	0.0801190984181608	0.144922000882436	0.205419855564311	0.212711422861754	0.165007277289575	0.0927665378143472	0.0372124549323423	0.0114381149648904	0.00261294364259117	0.000481294397176827	6.74411633054718e-05	2.87695438703898e-06	
4.16113216083832e-06	8.12220989086711e-06	4.51722904767929e-05	0.00014462601651324	0.000612753384607551	0.00234454457035337	0.010056669551985	0.0310597040576133	0.0748160092731364	0.140493052016259	0.203265397782762	0.215883257516705	0.1705255699304	0.0964501754970826	0.039257681229909	0.0117591727690603	0.00267818201309546	0.000531984742408715	5.99629813946445e-05	3.80103418538116e-06	
9.42647894749937e-07	1.32767309119709e-05	3.50240161457794e-05	0.000120990848800791	0.000585570216872479	0.00207877758908003	0.00869592682906817	0.0288563771842778	0.0715611016532106	0.137709080962647	0.201239605879712	0.219818014256182	0.172779193918153	0.0991004669612136	0.0414414169691969	0.0126121906996341	0.00270774943930374	0.000582184650489926	5.3943357695338e-05	8.16518951086213e-06	
1.89811636109006e-06	2.65470819732876e-08	1.71228678727705e-05	3.44050182373807e-05	0.000119329133469928	0.000525273837464455	0.00183768192897787	0.00811692959582453	0.0264924215315046	0.0685028734627896	0.134857384496268	0.199248168055559	0.221790370515898	0.175715294863683	0.103510032613488	0.0431096338603889	0.0129491356449302	0.0026410497236535	0.000459277791678862	6.62349695233526e-05	5.4554253455106e-06	
1.91856795529726e-06	5.06288765981221e-07	5.51588287147962e-06	3.1016848610639e-05	8.08729686712109e-05	0.000428733321066045	0.0016830770621731	0.00730200302091848	0.0246400350159969	0.0641815740173991	0.131380242701777	0.199141304941441	0.223574401086037	0.179910459101187	0.105532309277258	0.0448333491237694	0.0139664152814151	0.00274331235508067	0.0005111251560352	5.10019314783188e-05	8.26050091864098e-07	
4.2863835054212e-06	0	2.02338600255908e-05	7.82864018490127e-05	0.000311907614644485	0.00156862999848392	0.00675191928478949	0.0228234213798659	0.0618303099841999	0.127872990143727	0.196450946340961	0.225051041575883	0.185085387488337	0.108500480214726	0.0458365085739717	0.014118189144606	0.00312204466669861	0.000524083598162835	4.6191772558421e-05	3.1415730039733e-06	
5.46236347579684e-06	2.57908202852393e-06	9.25824317931668e-07	3.9294629265357e-05	0.000196578954820263	0.00137765303720569	0.00610909144005717	0.0217300754704209	0.0585796556163671	0.124226710198221	0.195420060843323	0.22658634937909	0.186893655335207	0.112498777746575	0.0472611094520486	0.0150449361397467	0.00342801002382053	0.000511319544731976	7.67243838331658e-05	3.00231600243555e-06	8.02821944263604e-06	
1.11181511361758e-06	7.94153652583984e-06	0	1.83846570573192e-05	0.00014777875885167	0.00124866102385201	0.0059168814962596	0.0203069589169756	0.0568998385617983	0.12084452152441	0.191744971319803	0.225187734614497	0.190981564649468	0.11570008681423	0.0503948862858003	0.0159046607951358	0.0038971766911138	0.000724691679771305	5.25729718010597e-05	1.12108023956439e-05	8.3650851405513e-06	
2.545039383957e-06	4.61535639577694e-06	1.63515483736097e-06	2.21537106997293e-05	0.000133370613105394	0.00091453946318948	0.00506545913822566	0.0190444374030223	0.0545908310512264	0.116876067803911	0.191351304748726	0.223665814860886	0.194289110961963	0.118960059457395	0.0532191075702038	0.0170113201637523	0.00399261295066104	0.000748689927790376	5.33930801328595e-05	3.96656915385629e-05	1.07603737684399e-05	2.50547918627891e-06	
2.55571595820266e-06	3.87309531810094e-06	1.71391054722766e-05	6.37611610190767e-06	0.000129050482095635	0.000943691530669533	0.0045341035857235	0.0179421404086898	0.0526717777384994	0.114184791358529	0.189147102123077	0.225359239141754	0.195962959455318	0.121851530845535	0.0543229546806087	0.0180263077759937	0.00418925319068293	0.000601357330206367	9.69064257141174e-05	6.32342092751174e-06	0	5.6647312475626e-07	
3.197919037438e-06	2.16454189393531e-05	2.65215847443722e-05	8.01726231410592e-05	0.000886761805815194	0.00433627249843411	0.0166338965859849	0.0509514397183474	0.112485652476773	0.187445641157725	0.226830590939362	0.197574666487107	0.123325408704955	0.0553755096303548	0.0184779594200196	0.00469311797647946	0.000770196335446431	8.08994229222952e-05	4.49294410218562e-07	
7.52577291559436e-06	1.66407579128413e-05	9.18328171480554e-05	0.000680379780709484	0.00407915279603019	0.0167278887636651	0.0491509017156516	0.111252634168278	0.185766336256341	0.226637902716028	0.198678132792434	0.125881265709969	0.0568091308613573	0.0184252329367908	0.00488082492032695	0.00080936863900626	9.86493549197718e-05	6.19924051685958e-06	
2.04432354364582e-05	8.23339239562783e-05	0.000572893297843772	0.00388206212677071	0.0161475206830227	0.0489343738483557	0.109334128205987	0.184235598856076	0.225445430311972	0.20009897552646	0.128635908351267	0.0580881554059533	0.0186469443064167	0.00489068204895543	0.000901720195850109	8.22295551729396e-05	6.00120504197243e-07	
4.27515620449145e-07	2.38760996511447e-05	6.52673847219028e-05	0.000456742142865304	0.00351144489112486	0.0154062119988814	0.0485576646412531	0.108713802155254	0.18101852150537	0.226242561843568	0.201319696673263	0.129778973646927	0.0592982820790038	0.0195544608391935	0.00507466223480656	0.000918925393627235	5.84789548699224e-05	
1.5706718951435e-06	2.07692151423934e-05	2.89211320857828e-05	3.44249740985171e-05	0.000432739578251231	0.00352431513675327	0.015632806507047	0.047524520492368	0.108454011668015	0.181159310329654	0.224791407308388	0.200726896568465	0.130535854188167	0.0605028655351036	0.0202728568620091	0.00523764557840609	0.00099115886963287	0.000121629716177641	6.295668340038e-06	
2.4131860494871e-05	4.4318842836427e-05	3.88062932345635e-05	0.000462797171237099	0.00339684848438745	0.0159654744264022	0.0479537974842702	0.109899820783029	0.179806993688156	0.225918391727403	0.198488985739574	0.130046788953349	0.0607673656652377	0.0206802206083801	0.00530031001730876	0.00102525712735078	0.000152860815999459	2.683031134893e-05	
