# <P(U)> as a function of N_tot.
# number_of_species: 1
# species_total_upper_bound: 479
# species_total_lower_bound: 456
# volume: 729
# Bin widths for each
10	10	10	10	10	10	10	10	10	10	10	10	10	10	10	10	10	10	10	10	10	10	10	10	
# Bin lower bound for each
-2390	-2390	-2400	-2410	-2410	-2420	-2420	-2430	-2440	-2460	-2470	-2470	-2480	-2480	-2530	-2540	-2550	-2560	-2560	-2560	-2560	-2570	-2580	-2580	
# Bin upper bound for each
-2220	-2230	-2240	-2250	-2260	-2270	-2280	-2290	-2300	-2300	-2320	-2330	-2340	-2350	-2360	-2370	-2380	-2390	-2400	-2400	-2410	-2420	-2430	-2450	
# Normalized histogram for each
6.22597962127e-05	0.000655192796614825	0.000631021346320483	0.00119978289642827	0.00545102827546957	0.0138681864893312	0.0365047496899828	0.0779833246291697	0.135995171569687	0.192691139405543	0.209684401430657	0.160907147204865	0.10408922341525	0.040193825732633	0.014402155800379	0.00291851950599415	0.00194873162145751	0.000814138394004894	
9.68153549878219e-05	0.00108853818604285	0.0011947812535014	0.00460144889436502	0.0110072169138963	0.0346580840640113	0.073582570625351	0.125523102065503	0.180301374959343	0.215716576855619	0.171473047439161	0.112788438143509	0.0468459406627029	0.016181218038695	0.00359993574651347	0.000681696132498521	0.000659214664299102	
0.00010143958792036	0.000487621878775065	0.00193197923940953	0.00402056696543295	0.012391646503324	0.0313772221498501	0.0664350996635053	0.127659051934933	0.177149113346816	0.202151302306345	0.182011450927798	0.114784766550136	0.0560156523063803	0.0178679605375088	0.00496484495403897	0.000515384292311164	0.000134896855515146	
2.01816979140823e-05	0.000361182800600301	0.00170291775157791	0.00388010540413676	0.0110414765208562	0.0265959982476719	0.0567815550415795	0.117914353745497	0.181812740984261	0.196451431178148	0.191940473734042	0.127650979108115	0.0573723916460297	0.0196006041982803	0.00590245071925136	0.000964198015860727	6.95920617726977e-06	
0.000268159005913937	0.001562885693442	0.00392199735829	0.00925664260799073	0.0256256871574527	0.0570570167929421	0.108391932951997	0.17231588305792	0.211599802249923	0.191524318927694	0.126987041044142	0.0645713134496868	0.0191097671073413	0.00588058948225372	0.00183688919051047	9.00739224992969e-05	
1.55805604734052e-05	0.000501626305676371	0.00305209631360552	0.00685849497882568	0.0199956171205973	0.0500142765353033	0.0984887872464306	0.175305353582191	0.206997907124279	0.201826515878454	0.135792036098126	0.0693561875316904	0.0236722906844845	0.00633011075407542	0.00160073323472419	0.000192386051062916	
0.000426461032627632	0.00177579988349677	0.00454746026984086	0.0151208687428279	0.0470109386582218	0.0959530596897462	0.165111720682822	0.215413942988752	0.200400698481287	0.150236706052652	0.0704229094328606	0.0250801464227722	0.00687416170810424	0.00146873448697545	0.000156391467012499	
0.000318655823508112	0.0010337674681255	0.00424885236899372	0.0136350979129178	0.0378847088318881	0.09223902882263	0.162686926650486	0.213923411737361	0.209326404379103	0.156652564336546	0.0749191285233269	0.024852885067036	0.00651672229906773	0.00164320078266798	0.000118644996341779	
0.000379241902847053	0.00078458286612793	0.00309128871360631	0.0103465053035868	0.0313475492660042	0.0890348503009447	0.157384100839036	0.211188441660545	0.218078915825697	0.156286329247703	0.082389900630244	0.0304553480519146	0.00706994548196265	0.00194808542448027	0.000214914485300751	
5.92212717768114e-05	0.000272480851526287	0.000567957196880803	0.00294027314236573	0.0107776414498501	0.028566703469957	0.0868256295803952	0.151564874855688	0.202896487202063	0.214269806444093	0.171148215407926	0.0875973961540824	0.0319051451629924	0.00918118716599439	0.00126538217408219	5.38661567757168e-05	0.000107732313551434	
3.0106161853235e-05	0.000258724828426238	0.000887818168817794	0.00286792552237327	0.00877594618021799	0.0291164217823099	0.0783801379614867	0.140114704476661	0.203288094643737	0.226633541525805	0.171152589318083	0.0930521877771492	0.0341736297619481	0.00952734580313832	0.00169880290373931	4.20231842534738e-05	
0.000241994703931997	0.00122233595664246	0.00385368066836279	0.010204573607186	0.0291354824193784	0.0757505235492062	0.1350889848214	0.203185923634754	0.227407646414522	0.172249852268878	0.0956197413283686	0.0341039458426361	0.0100800220545876	0.00167758269852219	0.000177710031623114	
5.39946761249341e-05	0.000462554392136935	0.00306509778135876	0.0115890573189484	0.0288091594168815	0.0716119390628084	0.13501188782786	0.193713699829197	0.223984615116949	0.174598384599279	0.102883255710987	0.0411739402494914	0.0113907768694007	0.00143265873984825	0.000218978408728899	
0.000535376162002691	0.00238005972418518	0.0101544537348055	0.0270467156121485	0.0720399723129684	0.135824169655977	0.199719102923093	0.221457510503897	0.168821339636231	0.103833994952516	0.0451393793114178	0.01061265031334	0.00195999535092153	0.000475279806495836	
0.000114229380044872	0	0	0	0.000478645934861938	0.00262913817657627	0.00853554209911385	0.0275283493730421	0.0714877259289518	0.128854775967628	0.192883757947944	0.224506982270855	0.179113530345904	0.104730958769402	0.0432007444775682	0.0145207891263563	0.00118481941204151	0.000230010789709919	
2.5197167838335e-05	1.06253117390569e-05	0	0.000101395832024143	0.000335456270618797	0.00244412528031849	0.00805398629820514	0.0277609037708017	0.0677078257849601	0.130966681754609	0.187990908376115	0.229309406345618	0.185556194086194	0.100717329974521	0.0441709388009366	0.0113253679924931	0.00310896621484805	0.000414690738158621	
5.80537379087299e-05	4.72250614076197e-05	0	8.84341914257336e-05	0.000513459744094311	0.00102421231906334	0.00565978825124695	0.0243879842599171	0.0657661619500762	0.125923671065716	0.198883382974794	0.221804683161949	0.186403032510695	0.106109298644671	0.0448256071729153	0.0145594563523122	0.00303593977571405	0.00090960882609326	
5.82850728923937e-05	4.35635854092634e-05	9.19341871395489e-05	0.000131291633267918	0.000786548045527252	0.00163919256546856	0.0045687685746115	0.0226740951092214	0.0602391250268892	0.133146540690792	0.200887315125157	0.220428737785672	0.178616708948381	0.10990251370901	0.0483925337422502	0.0139511631176866	0.00375307799263805	0.000688605087986425	
7.35162328095049e-05	0.000105717557924412	0.000154323331682762	0.000335683625018607	0.00219120903824363	0.00531929436567946	0.0237542492078778	0.0642969326718898	0.134258564489229	0.203649382250994	0.21567141281795	0.1797198484715	0.103538804115694	0.0484320081171642	0.0145422399363264	0.00356280321648708	0.000394010553528627	
4.23429121761278e-05	0.00012586065619249	0.000268074437087485	0.00195653456262108	0.00635873732851851	0.0254936453509527	0.0643282282382253	0.12964348436028	0.196990616226622	0.222588220727469	0.184610424766574	0.105906923854595	0.0440713790531658	0.013177114269211	0.00307964380558237	0.00127583574687933	8.29337038484159e-05	
0.00020068529690508	0.000492616628386249	0.000959762737918437	0.00475235098486939	0.0197530871108539	0.0611849445162533	0.127682031640542	0.206241228765005	0.222190531796444	0.182924508181075	0.11163672434573	0.0415606094787276	0.0159171150131075	0.00375676158306832	0.000668391198060434	7.86507230548501e-05	
0.000152126044756149	0.000766459871481252	0.00152653489071909	0.00620968521012826	0.0219852670922495	0.0606108471421957	0.130834228137988	0.199186014619646	0.225695921134305	0.181213765963519	0.111933677486123	0.0421802771358996	0.0139300819815028	0.00327515159860044	0.00049801847498637	1.94321590016978e-06	
3.25909177054679e-05	0.00042779002904152	0.0014030527008833	0.00470130834732826	0.0193858446963348	0.0634339762781939	0.118713650171828	0.205475602822428	0.226881536669986	0.178434726690921	0.119980040116955	0.0456973963417106	0.0121210826538538	0.00286800075808118	0.000431898127911957	1.1502676837224e-05	
0.000225208702387913	0.00107803495023292	0.00481461143272652	0.0254245790889809	0.0644059129286517	0.115008824944601	0.198706897481762	0.229371422283309	0.180711508461374	0.110935379397099	0.0480794957051217	0.0173650743647227	0.00330881480346697	0.000564235455563491	
