# <N_i^j*N_k^m*U^p> as a function of N_tot.
# number_of_species: 1
# max_order: 2
# species_total_upper_bound: 479
# species_total_lower_bound: 456
# volume: 729
#	N_tot	N_1^0*N_1^0*U^0	N_1^0*N_1^0*U^1	N_1^0*N_1^0*U^2	N_1^0*N_1^1*U^0	N_1^0*N_1^1*U^1	N_1^0*N_1^1*U^2	N_1^0*N_1^2*U^0	N_1^0*N_1^2*U^1	N_1^0*N_1^2*U^2	N_1^1*N_1^0*U^0	N_1^1*N_1^0*U^1	N_1^1*N_1^0*U^2	N_1^1*N_1^1*U^0	N_1^1*N_1^1*U^1	N_1^1*N_1^1*U^2	N_1^1*N_1^2*U^0	N_1^1*N_1^2*U^1	N_1^1*N_1^2*U^2	N_1^2*N_1^0*U^0	N_1^2*N_1^0*U^1	N_1^2*N_1^0*U^2	N_1^2*N_1^1*U^0	N_1^2*N_1^1*U^1	N_1^2*N_1^1*U^2	N_1^2*N_1^2*U^0	N_1^2*N_1^2*U^1	N_1^2*N_1^2*U^2	
456	1	-2291.56448676561	5251645.96023162	456	-1044953.40596512	2394750557.03918	207936	-476498753.120094	1092006254421.79	456	-1044953.40596512	2394750557.03918	207936	-476498753.120094	1092006254421.79	94818816	-217283431422.842	497954852029167	207936	-476498753.120094	1092006254421.79	94818816	-217283431422.842	497954852029167	43237380096	-99081244729819.2	2.27067412522888e+17	
457	1	-2300.59802274742	5293121.53767268	457	-1051373.29639557	2418956542.09436	208849	-480477596.452722	1105463140025.81	457	-1051373.29639557	2418956542.09436	208849	-480477596.452722	1105463140025.81	95443993	-219578261573.865	505196654950548	208849	-480477596.452722	1105463140025.81	95443993	-219578261573.865	505196654950548	43617904823.6633	-100347265542771	2.30874871307541e+17	
458	1	-2309.5616599273	5334438.67127681	458	-1057779.2402467	2443172911.0836	209764	-484462892.032991	1118973193528.06	458	-1057779.2402467	2443172911.0836	209764	-484462892.032991	1118973193528.06	96071912	-221884004550.44	512489722577016	209764	-484462892.032991	1118973193528.06	96071912	-221884004550.44	512489722577016	44000935681.3899	-101622874083124	2.34720292926129e+17	
459	1	-2318.61898896741	5376351.59587711	459	-1064246.11593604	2467745382.79615	210681	-488488967.215995	1132695130520.49	459	-1064246.11593604	2467745382.79615	210681	-488488967.215995	1132695130520.49	96702579	-224216435957.203	519907064925410	210681	-488488967.215995	1132695130520.49	96702579	-224216435957.203	519907064925410	44386483732.6719	-102915344072849	2.38637342781436e+17	
460	1	-2327.90917050371	5419515.67284325	460	-1070838.21843171	2492977210.74286	211600	-492585580.478585	1146769516444.03	460	-1070838.21843171	2492977210.74286	211600	-492585580.478585	1146769516444.03	97336000	-226589367020.063	527513977564306	211600	-492585580.478585	1146769516444.03	97336000	-226589367020.063	527513977564306	44774560000	-104231108829973	2.42656429682162e+17	
461	1	-2336.9843885112	5461846.27617206	461	-1077349.80310366	2517911133.01097	212521	-496658259.231651	1160757032531.84	461	-1077349.80310366	2517911133.01097	212521	-496658259.231651	1160757032531.84	97972181	-228959457497.728	535108991973456	212521	-496658259.231651	1160757032531.84	97972181	-228959457497.728	535108991973456	45165175469.2469	-105550309909696	2.46685245283755e+17	
462	1	-2346.12054841995	5504626.01550128	462	-1083907.69337002	2543137220.46512	213444	-500765354.336947	1174929395314.1	462	-1083907.69337002	2543137220.46512	213444	-500765354.336947	1174929395314.1	98611128	-231353593706.917	542817380574592	213444	-500765354.336947	1174929395314.1	98611128	-231353593706.917	542817380574592	45558341121.3386	-106885360289587	2.50781629867247e+17	
463	1	-2355.35026379712	5548014.82112497	463	-1090527.17213807	2568730862.7363	214369	-504914080.699218	1189322389190.84	463	-1090527.17213807	2568730862.7363	214369	-504914080.699218	1189322389190.84	99252847	-233775219366.801	550656266200402	214369	-504914080.699218	1189322389190.84	99252847	-233775219366.801	550656266200402	45954068202.9072	-108237926557284	2.5495385127407e+17	
464	1	-2364.5327653758	5591349.86035595	464	-1097143.20313437	2594386335.20516	215296	-509074446.254348	1203795259418.53	464	-1097143.20313437	2594386335.20516	215296	-509074446.254348	1203795259418.53	99897344	-236210543062.017	558561000410021	215296	-509074446.254348	1203795259418.53	99897344	-236210543062.017	558561000410021	46352367616	-109601691980993	2.59172304206509e+17	
465	1	-2373.95226779267	5635977.93196638	465	-1103887.80452359	2620729737.84141	216225	-513307829.103842	1218639328262.41	465	-1103887.80452359	2620729737.84141	216225	-513307829.103842	1218639328262.41	100544625	-238688140545.171	566667287720400	216225	-513307829.103842	1218639328262.41	100544625	-238688140545.171	566667287720400	46753250621.7721	-110989985364947	2.63500288782406e+17	
466	1	-2383.4109865932	5680974.17059027	466	-1110669.51975243	2647333962.09694	217156	-517571996.204633	1233657626992.17	466	-1110669.51975243	2647333962.09694	217156	-517571996.204633	1233657626992.17	101194696	-241188550228.429	574884454131886	217156	-517571996.204633	1233657626992.17	101194696	-241188550228.429	574884454131886	47156728321.2721	-112393864405261	2.67896155636084e+17	
467	1	-2392.91603375456	5726371.08808132	467	-1117491.78776338	2674215298.53536	218089	-521868664.886287	1248858544221.05	467	-1117491.78776338	2674215298.53536	218089	-521868664.886287	1248858544221.05	101847563	-243712666503.645	583216940139751	218089	-521868664.886287	1248858544221.05	101847563	-243712666503.645	583216940139751	47562811907.7966	-113813815257087	2.72362311038788e+17	
468	1	-2402.25629444095	5771157.65314804	468	-1124255.94579836	2700901780.37179	219024	-526151782.633634	1264022033843.65	468	-1124255.94579836	2700901780.37179	219024	-526151782.633634	1264022033843.65	102503232	-246239034273.025	591562311809451	219024	-526151782.633634	1264022033843.65	102503232	-246239034273.025	591562311809451	47971512576	-115239868032617	2.76851161919074e+17	
469	1	-2411.88957053876	5817530.19213383	469	-1131176.20858268	2728421659.70367	219961	-530521641.825262	1279629758586.4	469	-1131176.20858268	2728421659.70367	219961	-530521641.825262	1279629758586.4	103161709	-248814650001.66	600146356808741	219961	-530521641.825262	1279629758586.4	103161709	-248814650001.66	600146356808741	48382841538.5974	-116694070857185	2.81468641311839e+17	
470	1	-2421.48064951034	5863885.33415721	470	-1138095.90526986	2756026107.2409	220900	-534905075.476835	1295332270564.48	470	-1138095.90526986	2756026107.2409	220900	-534905075.476835	1295332270564.48	103823000	-251405385471.688	608806167035043	220900	-534905075.476835	1295332270564.48	103823000	-251405385471.688	608806167035043	48796809985.2395	-118160531173272	2.86138898527032e+17	
471	1	-2431.03322024999	5910238.76952458	471	-1145016.64673775	2783722460.91649	221841	-539302840.614156	1311133278883.89	471	-1145016.64673775	2783722460.91649	221841	-539302840.614156	1311133278883.89	104487111	-254011637928.332	617543774374558	221841	-539302840.614156	1311133278883.89	104487111	-254011637928.332	617543774374558	49213429262.8039	-119639481463744	2.90863117724581e+17	
472	1	-2440.57809682323	5956733.61575802	472	-1151952.86170057	2811578267.94343	222784	-543721750.722668	1327064941897.61	472	-1151952.86170057	2811578267.94343	222784	-543721750.722668	1327064941897.61	105154048	-256636666340.939	626374652630876	222784	-543721750.722668	1327064941897.61	105154048	-256636666340.939	626374652630876	49632710656	-121132506511861	2.95648836015346e+17	
473	1	-2450.2026889335	6003803.29680447	473	-1158945.87186554	2839798958.93726	223729	-548181397.39225	1343224907690.34	473	-1158945.87186554	2839798958.93726	223729	-548181397.39225	1343224907690.34	105823817	-259289800988.169	635345381360416	223729	-548181397.39225	1343224907690.34	105823817	-259289800988.169	635345381360416	50054665467.1715	-122644075856197	3.00518365402477e+17	
474	1	-2459.94219974455	6051622.47067936	474	-1166012.60267892	2868469050.95022	224676	-552689973.669806	1359654330434.83	474	-1166012.60267892	2868469050.95022	224676	-552689973.669806	1359654330434.83	106496424	-261975047518.002	644476152619403	224676	-552689973.669806	1359654330434.83	106496424	-261975047518.002	644476152619403	50479304961.2074	-124176172522008	3.05481696277637e+17	
475	1	-2469.72046087867	6099822.58426952	475	-1173117.21891737	2897415728.0061	225625	-557230678.985473	1376272470559.05	475	-1173117.21891737	2897415728.0061	225625	-557230678.985473	1376272470559.05	107171875	-264684572508.011	653729423545542	225625	-557230678.985473	1376272470559.05	107171875	-264684572508.011	653729423545542	50906640638.8201	-125725171946409	3.10521476181764e+17	
476	1	-2479.4189138478	6147818.16063518	476	-1180203.40299155	2926361445.82315	226576	-561776819.823978	1392948047581.01	476	-1180203.40299155	2926361445.82315	226576	-561776819.823978	1392948047581.01	107850176	-267405766235.504	663043270664067	226576	-561776819.823978	1392948047581.01	107850176	-267405766235.504	663043270664067	51336683776	-127285144725731	3.15608596836737e+17	
477	1	-2489.31729268972	6196998.9030649	477	-1187404.348613	2955968476.24105	227529	-566391874.289033	1409996963481.82	477	-1187404.348613	2955968476.24105	227529	-566391874.289033	1409996963481.82	108531333	-270168924033.649	672568551522440	227529	-566391874.289033	1409996963481.82	108531333	-270168924033.649	672568551522440	51769445873.0246	-128870576764550	3.20815199132406e+17	
478	1	-2499.06396956888	6245620.99113474	478	-1194552.57745392	2985406835.33672	228484	-570996132.022975	1427024466505.98	478	-1194552.57745392	2985406835.33672	228484	-570996132.022975	1427024466505.98	109215352	-272936151102.491	682117695023209	228484	-570996132.022975	1427024466505.98	109215352	-272936151102.491	682117695023209	52204938241.1481	-130463480228126	3.26052258211528e+17	
479	1	-2509.07104824301	6295740.15087004	479	-1201845.0321084	3015659532.65449	229441	-575683770.379384	1444500916005.35	479	-1201845.0321084	3015659532.65449	229441	-575683770.379384	1444500916005.35	109902239	-275752526011.964	691915938762177	229441	-575683770.379384	1444500916005.35	109902239	-275752526011.964	691915938762177	52643172535.5958	-132085459958617	3.31427734673042e+17	
