# <N_i^j*N_k^m*U^p> as a function of N_tot.
# number_of_species: 1
# max_order: 2
# species_total_upper_bound: 479
# species_total_lower_bound: 456
# volume: 729
#	N_tot	N_1^0*N_1^0*U^0	N_1^0*N_1^0*U^1	N_1^0*N_1^0*U^2	N_1^0*N_1^1*U^0	N_1^0*N_1^1*U^1	N_1^0*N_1^1*U^2	N_1^0*N_1^2*U^0	N_1^0*N_1^2*U^1	N_1^0*N_1^2*U^2	N_1^1*N_1^0*U^0	N_1^1*N_1^0*U^1	N_1^1*N_1^0*U^2	N_1^1*N_1^1*U^0	N_1^1*N_1^1*U^1	N_1^1*N_1^1*U^2	N_1^1*N_1^2*U^0	N_1^1*N_1^2*U^1	N_1^1*N_1^2*U^2	N_1^2*N_1^0*U^0	N_1^2*N_1^0*U^1	N_1^2*N_1^0*U^2	N_1^2*N_1^1*U^0	N_1^2*N_1^1*U^1	N_1^2*N_1^1*U^2	N_1^2*N_1^2*U^0	N_1^2*N_1^2*U^1	N_1^2*N_1^2*U^2	
456	1	-2291.54522465923	5251557.2519479	456	-1044944.62244461	2394710105.2459	207936	-476494747.834741	1091987808737.85	456	-1044944.62244461	2394710105.2459	207936	-476494747.834741	1091987808737.85	94818816	-217281605012.382	497946440779640	207936	-476494747.834741	1091987808737.85	94818816	-217281605012.382	497946440779640	43237380096	-99080411886620.1	2.27063577009462e+17	
457	1	-2300.5453733074	5292879.43917229	457	-1051349.23560148	2418845903.36464	208849	-480466600.669589	1105412578001.65	457	-1051349.23560148	2418845903.36464	208849	-480466600.669589	1105412578001.65	95443993	-219573236500.804	505173548093920	208849	-480466600.669589	1105412578001.65	95443993	-219573236500.804	505173548093920	43617904842.1176	-100344969085048	2.30864311475413e+17	
458	1	-2309.57312268455	5334491.72208487	458	-1057784.49018952	2443197208.71108	209764	-484465296.506801	1118984321561.13	458	-1057784.49018952	2443197208.71108	209764	-484465296.506801	1118984321561.13	96071912	-221885105799.234	512494819323792	209764	-484465296.506801	1118984321561.13	96071912	-221885105799.234	512494819323792	44000935681.0336	-101623378454684	2.34722627216267e+17	
459	1	-2318.64279588504	5376461.84004423	459	-1064257.04331123	2467795985.17925	210681	-488493982.882076	1132718356953.62	459	-1064257.04331123	2467795985.17925	210681	-488493982.882076	1132718356953.62	96702579	-224218738142.053	519917725802236	210681	-488493982.882076	1132718356953.62	96702579	-224218738142.053	519917725802236	44386483727.4178	-102916400758714	2.38642236123855e+17	
460	1	-2327.86547629742	5419310.4255173	460	-1070818.11909681	2492882797.16879	211600	-492576334.784533	1146726086121.68	460	-1070818.11909681	2492882797.16879	211600	-492576334.784533	1146726086121.68	97336000	-226585114002.44	527493999588185	211600	-492576334.784533	1146726086121.68	97336000	-226585114002.44	527493999588185	44774560000	-104229152441028	2.42647239827178e+17	
461	1	-2336.91906766757	5461538.65524596	461	-1077319.69019475	2517769319.45934	212521	-496644377.179754	1160691656639.51	461	-1077319.69019475	2517769319.45934	212521	-496644377.179754	1160691656639.51	97972181	-228953057874.055	535078853699868	212521	-496644377.179754	1160691656639.51	97972181	-228953057874.055	535078853699868	45165175490.2433	-105547359681812	2.46671351531524e+17	
462	1	-2346.04674456161	5504276.23284283	462	-1083873.59598746	2542975621.30065	213444	-500749601.346208	1174854736310.93	462	-1083873.59598746	2542975621.30065	213444	-500749601.346208	1174854736310.93	98611128	-231346315824.564	542782888154898	213444	-500749601.346208	1174854736310.93	98611128	-231346315824.564	542782888154898	45558341120.9987	-106881997909070	2.5076569436148e+17	
463	1	-2355.32439292918	5547890.3295523	463	-1090515.19392621	2568673222.8726	214369	-504908534.784898	1189295702096.2	463	-1090515.19392621	2568673222.8726	214369	-504908534.784898	1189295702096.2	99252847	-233772651609.771	550643910062027	214369	-504908534.784898	1189295702096.2	99252847	-233772651609.771	550643910062027	45954068203.8043	-108236737686145	2.5494813034827e+17	
464	1	-2364.5617492602	5591485.68957611	464	-1097156.65165673	2594449359.96332	215296	-509080686.368723	1203824502843.37	464	-1097156.65165673	2594449359.96332	215296	-509080686.368723	1203824502843.37	99897344	-236213438475.087	558574569398434	215296	-509080686.368723	1203824502843.37	99897344	-236213438475.087	558574569398434	46352367616	-109603035452177	2.59178600256504e+17	
465	1	-2373.98621226448	5636139.55159206	465	-1103903.58870298	2620804891.225	216225	-513315168.748696	1218674274324	465	-1103903.58870298	2620804891.225	216225	-513315168.748696	1218674274324	100544625	-238691553469.426	566683537719954	216225	-513315168.748696	1218674274324	100544625	-238691553469.426	566683537719954	46753250615.7769	-110991572382712	2.6350784501177e+17	
466	1	-2383.47019367126	5681254.63709042	466	-1110697.11025081	2647464659.08433	217156	-517584853.376877	1233718531958.13	466	-1110697.11025081	2647464659.08433	217156	-517584853.376877	1233718531958.13	101194696	-241194541674.217	574912835832471	217156	-517584853.376877	1233718531958.13	101194696	-241194541674.217	574912835832471	47156728320.9507	-112396656416944	2.67909381483827e+17	
467	1	-2392.95943205002	5726576.34632007	467	-1117512.05476736	2674311154.41201	218089	-521878129.576519	1248903308765.43	467	-1117512.05476736	2674311154.41201	218089	-521878129.576519	1248903308765.43	101847563	-243717086516.475	583237845285075	218089	-521878129.576519	1248903308765.43	101847563	-243717086516.475	583237845285075	47562811906.8334	-113815879402722	2.72372073696437e+17	
468	1	-2402.39555253721	5771821.58381127	468	-1124321.11858741	2701212499.74633	219024	-526182283.49891	1264167450564.62	468	-1124321.11858741	2701212499.74633	219024	-526182283.49891	1264167450564.62	102503232	-246253308678.911	591630366905534	219024	-526182283.49891	1264167450564.62	102503232	-246253308678.911	591630366905534	47971512560.9675	-115246548468594	2.76883011678938e+17	
469	1	-2411.98617606877	5817991.2529221	469	-1131221.51657625	2728637896.93077	219961	-530542891.27603	1279731173977.61	469	-1131221.51657625	2728637896.93077	219961	-530542891.27603	1279731173977.61	103161709	-248824616007.438	600193920611808	219961	-530542891.27603	1279731173977.61	103161709	-248824616007.438	600193920611808	48382841536.8923	-116698744907514	2.81490948729219e+17	
470	1	-2421.47945311037	5863873.53754001	470	-1138095.34296187	2756020562.51577	220900	-534904811.19208	1295329664843.71	470	-1138095.34296187	2756020562.51577	220900	-534904811.19208	1295329664843.71	103823000	-251405261250.391	608804942288764	220900	-534904811.19208	1295329664843.71	103823000	-251405261250.391	608804942288764	48796810005.3487	-118160472793103	2.86138322950952e+17	
471	1	-2431.01747590302	5910157.71892196	471	-1145009.23115032	2783684285.82576	221841	-539299347.873597	1311115298497.53	471	-1145009.23115032	2783684285.82576	221841	-539299347.873597	1311115298497.53	104487111	-254009992849.932	617535305645972	221841	-539299347.873597	1311115298497.53	104487111	-254009992849.932	617535305645972	49213429258.9609	-119638706626787	2.90859128949724e+17	
472	1	-2440.55171933326	5956600.66656968	472	-1151940.4115253	2811515516.62339	222784	-543715874.239941	1327035322937.95	472	-1151940.4115253	2811515516.62339	222784	-543715874.239941	1327035322937.95	105154048	-256633892642.102	626360672508636	222784	-543715874.239941	1327035322937.95	105154048	-256633892642.102	626360672508636	49632710656	-121131197328914	2.95642237382932e+17	
473	1	-2450.11606853928	6003375.22033396	473	-1158904.90041908	2839596478.98309	223729	-548162017.897219	1343129134505.79	473	-1158904.90041908	2839596478.98309	223729	-548162017.897219	1343129134505.79	105823817	-259280634477.675	635300080638144	223729	-548162017.897219	1343129134505.79	105823817	-259280634477.675	635300080638144	50054665441.4626	-122639740102319	3.00496938192713e+17	
474	1	-2459.83804879234	6051107.59032821	474	-1165963.23512757	2868224997.89178	224676	-552666573.450467	1359538649210.93	474	-1165963.23512757	2868224997.89178	224676	-552666573.450467	1359538649210.93	106496424	-261963955821.126	644421319691341	224676	-552666573.450467	1359538649210.93	106496424	-261963955821.126	644421319691341	50479304988.5871	-124170915054285	3.05455705464582e+17	
475	1	-2469.6029937939	6099242.05867675	475	-1173061.4220521	2897139978.54268	225625	-557204175.47484	1376141489471.78	475	-1173061.4220521	2897139978.54268	225625	-557204175.47484	1376141489471.78	107171875	-264671983315.932	653667207462687	225625	-557204175.47484	1376141489471.78	107171875	-264671983315.932	653667207462687	50906640608.0102	-125719192092442	3.10491923565338e+17	
476	1	-2479.3726479113	6147589.22586192	476	-1180181.38040578	2926252473.22569	226576	-561766337.07315	1392896176427.07	476	-1180181.38040578	2926252473.22569	226576	-561766337.07315	1392896176427.07	107850176	-267400776442.572	663018580037930	226576	-561766337.07315	1392896176427.07	107850176	-267400776442.572	663018580037930	51336683742.3989	-127282769586301	3.15596844087542e+17	
477	1	-2489.18738141096	6196353.31649298	477	-1187342.38093303	2955660531.32693	227529	-566362315.705154	1409850073841.62	477	-1187342.38093303	2955660531.32693	227529	-566362315.705154	1409850073841.62	108531333	-270154824585.59	672498485130344	227529	-566362315.705154	1409850073841.62	108531333	-270154824585.59	672498485130344	51769445876.8827	-128863851332488	3.20781777508894e+17	
478	1	-2498.97330815101	6245169.40097082	478	-1194509.24129618	2985190975.32939	228484	-570975417.339576	1426921285398.47	478	-1194509.24129618	2985190975.32939	228484	-570975417.339576	1426921285398.47	109215352	-272926249487.483	682068374428339	228484	-570975417.339576	1426921285398.47	109215352	-272926249487.483	682068374428339	52204938240.8515	-130458747256882	3.26028682962618e+17	
479	1	-2508.95405493479	6295153.74518496	479	-1201788.99231377	3015378644.27017	229441	-575656927.320504	1444366370522.52	479	-1201788.99231377	3015378644.27017	229441	-575656927.320504	1444366370522.52	109902239	-275739668180.488	691851491467517	229441	-575656927.320504	1444366370522.52	109902239	-275739668180.488	691851491467517	52643172513.2973	-132079301057910	3.31396864441646e+17	
