# <N_i^j*N_k^m*U^p> as a function of N_tot.
# number_of_species: 1
# max_order: 2
# species_total_upper_bound: 479
# species_total_lower_bound: 456
# volume: 729
#	N_tot	N_1^0*N_1^0*U^0	N_1^0*N_1^0*U^1	N_1^0*N_1^0*U^2	N_1^0*N_1^1*U^0	N_1^0*N_1^1*U^1	N_1^0*N_1^1*U^2	N_1^0*N_1^2*U^0	N_1^0*N_1^2*U^1	N_1^0*N_1^2*U^2	N_1^1*N_1^0*U^0	N_1^1*N_1^0*U^1	N_1^1*N_1^0*U^2	N_1^1*N_1^1*U^0	N_1^1*N_1^1*U^1	N_1^1*N_1^1*U^2	N_1^1*N_1^2*U^0	N_1^1*N_1^2*U^1	N_1^1*N_1^2*U^2	N_1^2*N_1^0*U^0	N_1^2*N_1^0*U^1	N_1^2*N_1^0*U^2	N_1^2*N_1^1*U^0	N_1^2*N_1^1*U^1	N_1^2*N_1^1*U^2	N_1^2*N_1^2*U^0	N_1^2*N_1^2*U^1	N_1^2*N_1^2*U^2	
456	1	-2292.08780246532	5254043.873418	456	-1045192.03792418	2395844006.27861	207936	-476607569.293428	1092504866813.22	456	-1045192.03792418	2395844006.27861	207936	-476607569.293428	1092504866813.22	94818816	-217333051597.803	498182219281160	207936	-476607569.293428	1092504866813.22	94818816	-217333051597.803	498182219281160	43237380096	-99103871529262.5	2.2717109199719e+17	
457	1	-2301.03012631893	5295112.04904331	457	-1051570.76772775	2419866205.98892	208849	-480567840.851582	1105878856336.59	457	-1051570.76772775	2419866205.98892	208849	-480567840.851582	1105878856336.59	95443993	-219619503267.867	505386637333610	208849	-480567840.851582	1105878856336.59	95443993	-219619503267.867	505386637333610	43617904808.8255	-100366112993686	2.30961693272473e+17	
458	1	-2309.98853892301	5336415.75295996	458	-1057974.75082674	2444078414.33538	209764	-484552435.878646	1119387913973.47	458	-1057974.75082674	2444078414.33538	209764	-484552435.878646	1119387913973.47	96071912	-221925015632.094	512679664600399	209764	-484552435.878646	1119387913973.47	96071912	-221925015632.094	512679664600399	44000935683.4045	-101641657160315	2.34807286394301e+17	
459	1	-2318.97052402376	5377986.30452068	459	-1064407.47052691	2468495714.10046	210681	-488563028.97185	1133039532643.22	459	-1064407.47052691	2468495714.10046	210681	-488563028.97185	1133039532643.22	96702579	-224250430299.265	520065145464695	210681	-488563028.97185	1133039532643.22	96702579	-224250430299.265	520065145464695	44386483762.4902	-102930947524750	2.38709901776797e+17	
460	1	-2328.21679364526	5420950.49387679	460	-1070979.72507682	2493637227.30394	211600	-492650673.535337	1147073124498.81	460	-1070979.72507682	2493637227.30394	211600	-492650673.535337	1147073124498.81	97336000	-226619309825.866	527653637289624	211600	-492650673.535337	1147073124498.81	97336000	-226619309825.866	527653637289624	44774560000	-104244882520250	2.42720673151213e+17	
461	1	-2337.18391228829	5462779.12000382	461	-1077441.7835649	2518341174.00374	212521	-496700662.22342	1160955281425.72	461	-1077441.7835649	2518341174.00374	212521	-496700662.22342	1160955281425.72	97972181	-228979005279.361	535200384678346	212521	-496700662.22342	1160955281425.72	97972181	-228979005279.361	535200384678346	45165175434.0341	-105559321436189	2.46727377348106e+17	
462	1	-2346.26785040717	5505311.92123465	462	-1083975.74688811	2543454108.1512	213444	-500796795.062307	1175075797723.76	462	-1083975.74688811	2543454108.1512	213444	-500796795.062307	1175075797723.76	98611128	-231368119321.345	542885018534600	213444	-500796795.062307	1175075797723.76	98611128	-231368119321.345	542885018534600	45558341123.2758	-106892071125029	2.50812878565477e+17	
463	1	-2355.45239293676	5548485.31098112	463	-1090574.45792972	2568948699.46976	214369	-504935974.021461	1189423247620.84	463	-1090574.45792972	2568948699.46976	214369	-504935974.021461	1189423247620.84	99252847	-233785355972.784	550702963652866	214369	-504935974.021461	1189423247620.84	99252847	-233785355972.784	550702963652866	45954068172.357	-108242619817681	2.54975472163004e+17	
464	1	-2364.64768374143	5591884.5111793	464	-1097196.52525602	2594634413.1872	215296	-509099187.718795	1203910367484.88	464	-1097196.52525602	2594634413.1872	215296	-509099187.718795	1203910367484.88	99897344	-236222023101.521	558614410598349	215296	-509099187.718795	1203910367484.88	99897344	-236222023101.521	558614410598349	46352367616	-109607018719102	2.5919708652741e+17	
465	1	-2374.07428561862	5636550.56374636	465	-1103944.54281266	2620996011.62723	216225	-513334212.407886	1218763145723.95	465	-1103944.54281266	2620996011.62723	216225	-513334212.407886	1218763145723.95	100544625	-238700408770.29	566724862714341	216225	-513334212.407886	1218763145723.95	100544625	-238700408770.29	566724862714341	46753250637.7808	-110995690076216	2.63527061167972e+17	
466	1	-2383.3652276682	5680751.34887895	466	-1110648.19609338	2647230128.00633	217156	-517562059.379515	1233609239931.57	466	-1110648.19609338	2647230128.00633	217156	-517562059.379515	1233609239931.57	101194696	-241183919669.846	574861905795140	217156	-517562059.379515	1233609239931.57	101194696	-241183919669.846	574861905795140	47156728323.1106	-112391706566675	2.67885648110815e+17	
467	1	-2392.90858081795	5726335.08130408	467	-1117488.30724198	2674198483.21745	218089	-521867039.482005	1248850691548.3	467	-1117488.30724198	2674198483.21745	218089	-521867039.482005	1248850691548.3	101847563	-243711907432.728	583213272938811	218089	-521867039.482005	1248850691548.3	101847563	-243711907432.728	583213272938811	47562811913.2877	-113813460773575	2.72360598477221e+17	
468	1	-2402.31275917298	5771430.95021604	468	-1124282.37129295	2701029684.38938	219024	-526164149.765102	1264081892428.52	468	-1124282.37129295	2701029684.38938	219024	-526164149.765102	1264081892428.52	102503232	-246244822090.843	591590325626454	219024	-526164149.765102	1264081892428.52	102503232	-246244822090.843	591590325626454	47971512576	-115242576735122	2.76864272429744e+17	
469	1	-2411.87971251116	5817488.31710027	469	-1131171.58516774	2728402020.48663	219961	-530519473.443668	1279620547744.01	469	-1131171.58516774	2728402020.48663	219961	-530519473.443668	1279620547744.01	103161709	-248813633045.494	600142036885213	219961	-530519473.443668	1279620547744.01	103161709	-248813633045.494	600142036885213	48382841517.5923	-116693593897260	2.81466615303711e+17	
470	1	-2421.54645449984	5864210.25971672	470	-1138126.83361493	2756178822.65016	220900	-534919611.799015	1295404046315.38	470	-1138126.83361493	2756178822.65016	220900	-534919611.799015	1295404046315.38	103823000	-251412217543.778	608839901809836	220900	-534919611.799015	1295404046315.38	103823000	-251412217543.778	608839901809836	48796809987.0242	-118163742247181	2.86154753860024e+17	
471	1	-2431.1623594967	5910870.81950317	471	-1145077.47132295	2784020156.55124	221841	-539331488.993107	1311273493540.72	471	-1145077.47132295	2784020156.55124	221841	-539331488.993107	1311273493540.72	104487111	-254025131315.468	617609815424723	221841	-539331488.993107	1311273493540.72	104487111	-254025131315.468	617609815424723	49213429284.0202	-119645836856721	2.90894223065079e+17	
472	1	-2440.72374207819	5957445.60660756	472	-1152021.60626091	2811914326.31877	222784	-543754198.155148	1327223561992.16	472	-1152021.60626091	2811914326.31877	222784	-543754198.155148	1327223561992.16	105154048	-256651981529.23	626449521266327	222784	-543754198.155148	1327223561992.16	105154048	-256651981529.23	626449521266327	49632710656	-121139735281194	2.95684174042158e+17	
473	1	-2450.41981817677	6004866.55498509	473	-1159048.57399761	2840301879.91691	223729	-548229975.50087	1343462789495.41	473	-1159048.57399761	2840301879.91691	223729	-548229975.50087	1343462789495.41	105823817	-259312778402.827	635457899454006	223729	-548229975.50087	1343462789495.41	105823817	-259312778402.827	635457899454006	50054665460.3231	-122654944188526	3.00571586432005e+17	
474	1	-2460.3293627318	6053529.41611716	474	-1166196.11793488	2869372942.638	224676	-552776959.901131	1360082775111.09	474	-1166196.11793488	2869372942.638	224676	-552776959.901131	1360082775111.09	106496424	-262016278990.748	644679235401164	224676	-552776959.901131	1360082775111.09	106496424	-262016278990.748	644679235401164	50479304962.9107	-124195716244409	3.05577957583416e+17	
475	1	-2470.2033808189	6102210.31776152	475	-1173346.60588898	2898549901.11848	225625	-557339637.797264	1376811202987.98	475	-1173346.60588898	2898549901.11848	225625	-557339637.797264	1376811202987.98	107171875	-264736327954.81	653985321420408	225625	-557339637.797264	1376811202987.98	107171875	-264736327954.81	653985321420408	50906640637.1718	-125749755777397	3.10643027674206e+17	
476	1	-2479.96589783383	6150531.50504442	476	-1180463.7673689	2927652996.87649	226576	-561900753.267598	1393562826309.53	476	-1180463.7673689	2927652996.87649	226576	-561900753.267598	1393562826309.53	107850176	-267464758555.965	663335905317040	226576	-561900753.267598	1393562826309.53	107850176	-267464758555.965	663335905317040	51336683776	-127313225071909	3.15747890940535e+17	
477	1	-2489.74287113587	6199115.42931707	477	-1187607.34953181	2956978059.6445	227529	-566488705.726782	1410478534509.65	477	-1187607.34953181	2956978059.6445	227529	-566488705.726782	1410478534509.65	108531333	-270215112631.841	672798260994309	227529	-566488705.726782	1410478534509.65	108531333	-270215112631.841	672798260994309	51769445852.8746	-128892608725307	3.20924770473167e+17	
478	1	-2499.51862440394	6247887.25116076	478	-1194769.90246508	2986490106.68419	228484	-571100013.378309	1427542270670.02	478	-1194769.90246508	2986490106.68419	228484	-571100013.378309	1427542270670.02	109215352	-272985806395.007	682365205419220	228484	-571100013.378309	1427542270670.02	109215352	-272985806395.007	682365205419220	52204938242.6925	-130487215458229	3.26170568184191e+17	
479	1	-2509.63075597861	6298547.59193391	479	-1202113.13211375	3017004297.2295	229441	-575812190.282577	1445145058073.17	479	-1202113.13211375	3017004297.2295	229441	-575812190.282577	1445145058073.17	109902239	-275814039146.025	692224482806327	229441	-575812190.282577	1445145058073.17	109902239	-275814039146.025	692224482806327	52643172480.0103	-132114924751183	3.3157552726028e+17	
