# <P(U)> as a function of N_tot.
# number_of_species: 1
# species_total_upper_bound: 408
# species_total_lower_bound: 383
# volume: 729
# Bin widths for each
10	10	10	10	10	10	10	10	10	10	10	10	10	10	10	10	10	10	10	10	10	10	10	10	10	10	
# Bin lower bound for each
-1950	-1950	-1960	-1960	-1970	-1980	-1980	-1980	-1990	-1990	-2000	-2000	-2010	-2010	-2020	-2030	-2040	-2050	-2050	-2060	-2070	-2070	-2080	-2070	-2080	-2080	
# Bin upper bound for each
-1670	-1670	-1680	-1680	-1680	-1690	-1690	-1700	-1700	-1710	-1710	-1720	-1730	-1740	-1740	-1750	-1750	-1760	-1770	-1770	-1780	-1790	-1790	-1800	-1810	-1820	
# Normalized histogram for each
4.82121082058093e-07	0	2.59140081606225e-05	2.50702962670208e-05	6.7255890947104e-05	0.000318682035240399	0.000794776603772766	0.00246134865417708	0.00556693160425428	0.0102234980753124	0.0191780534626479	0.0399714536107313	0.0614202973698728	0.0864744425806447	0.106638915777183	0.116885314603894	0.124793185122081	0.116423683667823	0.100089180347154	0.0795008021892154	0.0541356888805161	0.0342113119828423	0.0209658789651898	0.0116359923154721	0.00540566210230585	0.00192884591904392	0.000779589789687936	7.2559222849743e-05	5.1828016321245e-06	
6.38025885312078e-06	7.10255230819106e-06	4.16522559090527e-05	0.000135430022825677	0.000244737099026312	0.000622857722755603	0.00158001693296623	0.00405399239882444	0.00801541085315738	0.0148768375295975	0.0303213977148802	0.0536760342911225	0.0761134785616682	0.0992792353994096	0.113510462962417	0.121685621051387	0.123107455717693	0.10663434965239	0.0877292815238658	0.0642681066630006	0.0419163745491234	0.0256305832531688	0.0148581782820082	0.00734981743431012	0.00293190951637277	0.00117468992242929	0.000208863190757822	1.92611588018741e-05	4.81528970046852e-07	
1.68470200329119e-06	6.01679286889709e-06	3.34533683510678e-05	8.77248400285196e-05	0.000202765919681832	0.000366783693287967	0.00118398450074157	0.00261610153939646	0.00637816144860305	0.0122915858160125	0.0223804237627218	0.0433322202266526	0.066591938099235	0.0898639302292699	0.10750131617344	0.118469929573439	0.123779749280241	0.114030378787195	0.0980785371973177	0.0752160479899399	0.0514308234281881	0.0313301624834914	0.0186768470802008	0.00966898614031763	0.00428600223223015	0.00156821689334934	0.000569308941255043	4.78936712364209e-05	9.02518930334564e-06	
1.08131163100841e-05	5.67087877595523e-05	8.79466793220176e-05	0.000150542608183727	0.000287869185321795	0.000572133998540229	0.00183018000835013	0.00445836800038447	0.00963616867259986	0.0167376227363792	0.0338649982428686	0.0565813131328301	0.0827360788636616	0.102916117250225	0.115272385403494	0.122750015769128	0.121707391065362	0.103102102850758	0.0830043642938885	0.0589771392699344	0.0393605843888637	0.0227862397087667	0.0134815531239393	0.00589903553009801	0.0024788468412184	0.00101330914399166	0.000209894602152411	2.01844837788237e-05	1.00922418894119e-05	
1.31495189965722e-06	1.02805330336837e-05	7.77017031615628e-05	0.000127191711021389	0.000205012955264739	0.000387432646071731	0.00119182458541659	0.00298075687435933	0.00707121361094757	0.0135418528269972	0.025731217854656	0.0471554900736074	0.0713252623179614	0.0951205123530765	0.11243627713209	0.121453739095612	0.124962389387143	0.111814424424634	0.0901303894349592	0.0696957978321225	0.0458387450577234	0.0275641412616963	0.0165640904567366	0.00869231022106135	0.003820054809586	0.00149784975479136	0.000503626577568714	7.49522582804613e-05	2.24737233759597e-05	1.67357514501827e-06	
4.06343888593891e-06	2.73684560258827e-05	1.69708329942155e-05	0.000156681422925468	0.000161581452170277	0.000188949908196159	0.000979288771511278	0.00206709526385881	0.00539517122435119	0.0108062376655209	0.0212471243700325	0.0368784566867891	0.0612645875962094	0.0859646789160227	0.108799412761373	0.118243800835563	0.127283279176059	0.116729094234375	0.0982195325443808	0.0756131878670017	0.0550964068802625	0.035322040080566	0.0195596021032838	0.0109610068819118	0.00542014942220887	0.00242264616637846	0.000879017441355315	0.000249064901126373	2.82050463847524e-05	1.52976522764759e-05	
1.40707767285228e-05	4.34149606751856e-05	9.04378128192232e-05	0.000190376406506423	0.00021442901629877	0.00048093193279797	0.00171976160015278	0.00397505455733216	0.00904390154497129	0.0163815109512735	0.0304726121350708	0.0511235815875348	0.0775622102712822	0.0997941577653971	0.116769046600248	0.122775344054544	0.120071710450835	0.105987945313024	0.0851832796839872	0.0628945680307623	0.0430659573070987	0.025572373942076	0.0141134701109042	0.00721674504209568	0.00324746311111368	0.00138687348062671	0.00048718561134398	9.75333327079655e-05	2.21284010089589e-05	1.92420878338773e-06	
3.68742012318829e-05	1.49393869942677e-05	9.07034210366251e-05	0.000240215857542748	0.000312778594372048	0.00103686459734024	0.00279093833696878	0.00664340311647469	0.0131652755054167	0.0244760513919655	0.0423331243795264	0.0666542092730672	0.0924043769558296	0.109158899469901	0.120917027000334	0.125204156801435	0.112256095240252	0.094281878488006	0.0713525279162009	0.0500002312047987	0.0316420959201127	0.0175664663405533	0.00957946692710208	0.00478688786602832	0.0020162244114089	0.000750407780053334	0.00025811940862318	1.96820495321304e-05	1.00781578929583e-05	
1.1603818177168e-05	5.15067439496745e-05	1.75241335736824e-05	5.96767791968642e-05	0.000469836229867375	0.000689479931078056	0.00170362995850096	0.00417938745101531	0.0102834694374374	0.018158317758957	0.0346342002885325	0.055575303096467	0.0831568684657479	0.104367464030532	0.118549934781806	0.126127701676728	0.118308504319936	0.100227742692673	0.0797558840830663	0.058972380070987	0.0387495299269575	0.0231329219740321	0.0126931562101267	0.00585329742622577	0.00284719808049166	0.000996744300157149	0.000303238554609463	6.38209999744242e-05	6.03872170444459e-06	5.36380574924196e-05	
9.22409748454696e-05	3.79675754525223e-05	5.57016467453933e-05	0.000270890914513921	0.000531427035722609	0.00128447045229975	0.00305192655095165	0.00703364212834564	0.0146187067553481	0.0283647543783518	0.0459075595466076	0.0720103271805231	0.0953465796927507	0.11422420103248	0.122382111868426	0.122824035403395	0.109084771955316	0.0892652214866484	0.0675812131199754	0.0464827861678053	0.0290475756334337	0.0163724754835391	0.0079548616706733	0.0037833082160167	0.00150572977131618	0.000653661204969444	0.0001553218995785	2.22568545756165e-05	5.42733993929473e-05	
2.42524653106527e-05	7.76316659208637e-05	3.28121589497066e-05	0.000145158137962289	0.000409557563701953	0.000947510531989715	0.00256945359195655	0.00527217685848782	0.0113487271497789	0.0214775790713588	0.0388879959331944	0.0605030056413136	0.0861822054431092	0.106644153087268	0.119366354412213	0.125154252812454	0.117134533180464	0.0971603691890974	0.0763059833685153	0.0545007582461949	0.035100450382547	0.0209777880705452	0.0106461189635733	0.00571300108089909	0.00218533733990401	0.00101408592696013	0.000153480062333591	2.61546194526647e-05	1.21262326553263e-05	2.69868118897949e-05	
2.86053244514782e-05	6.98064090523727e-05	0.000116775645497392	0.000315129438504556	0.000675933222223818	0.00157941414882915	0.00402322705258506	0.00822020496480133	0.016970020442801	0.0315340152622943	0.0517766967136367	0.0758344808816373	0.099606800392046	0.116116192709009	0.125605391079518	0.121611004786153	0.107782390468094	0.082020294006231	0.0622956867643988	0.0424221670310804	0.0252522624692728	0.0140960682158118	0.00699323666538669	0.00320685699056448	0.00128735731770109	0.00047863888567782	6.26256485933597e-05	9.53510815049273e-06	9.18195599677078e-06	
5.88586507148736e-07	8.16958071922446e-05	0.000153974230270109	0.000182697251818968	0.000523488839458086	0.000960690896968167	0.00300602900931003	0.00575096104404887	0.0126753281487495	0.0248877918682772	0.0448307507726964	0.0668914439298367	0.0903407303746424	0.111060741185799	0.124930899944061	0.122383026671915	0.114443583276986	0.0924841269990752	0.0704877074885155	0.0489412035040203	0.0306339265029674	0.0178492389811897	0.00931685353895878	0.0046066311568503	0.00160225018976029	0.000799418194009414	0.000108417634616797	5.81523469062951e-05	7.65162459293357e-06	
2.50836033014203e-05	0.000109276253271465	0.000238874870328803	0.000451853242804751	0.00084854578390499	0.00195350173489116	0.0046237442085618	0.00965637437649536	0.0196793641956879	0.035707089938537	0.0578365183122498	0.0811683338553278	0.104089869905517	0.120136176095256	0.126138357207466	0.116277365659595	0.103261298102019	0.0785655616294262	0.0566656017748043	0.0371525325787814	0.0228536012912482	0.0120718324721877	0.00638981568545069	0.00265177815457376	0.00106953697410222	0.000276268019694809	8.03604327989945e-05	2.14836417164942e-05	
1.64537628110173e-06	2.46806442165259e-05	0.000193449239906674	0.000471635358290087	0.000515120302862061	0.00142407317129354	0.00342108986904215	0.00810618130260209	0.0157273291829108	0.0286177946034479	0.0486216917946965	0.0731836338652286	0.0956560655856388	0.113250191686337	0.124176782988502	0.121994896512884	0.109248283990066	0.0881966346883869	0.0658782807040142	0.0439197940176939	0.0271878450882932	0.0158459138020274	0.007907208299466	0.0041155561865443	0.00156698585399495	0.000634762663873601	8.49719322311819e-05	2.70311817609569e-05	4.70107508886207e-07	
2.03777507566139e-06	2.02578816345162e-05	0.000105724565690197	0.000426014859935328	0.000693562740457459	0.00116788485659817	0.00252228606718041	0.00598734277965946	0.0126768788765674	0.0236317179450788	0.039090039930802	0.0620465351111043	0.0849146867484206	0.107710797043356	0.122679933141798	0.126064317935106	0.115877000855386	0.0976125427213551	0.0737464806425752	0.0526007284206812	0.0324847718267287	0.0199064253685256	0.00952036528436792	0.00492338445192002	0.0023484758401387	0.000971299496357897	0.000168176378303114	6.20922052466235e-05	3.82382499491755e-05	
1.50576312911919e-05	2.25864469367878e-05	5.01921043039729e-05	0.000183559695740244	0.000594895941012327	0.00105415369539368	0.00178253673285252	0.00427087005622711	0.00946933800199573	0.0184208607945888	0.0332260975041379	0.0517144786295165	0.0771916322591825	0.100422689221246	0.116039245445365	0.12463930400282	0.120758617805051	0.105066534414455	0.0842982367035738	0.0624846286680569	0.0398654373584613	0.023239661322801	0.0137002933848002	0.00602854974694814	0.00360881229945565	0.00117198563549777	0.000570636423932073	6.26206253697186e-05	3.76440782279797e-05	8.84337075831904e-06	
1.55260976383731e-06	1.2779172671584e-05	1.58843921992586e-05	0.000101636223771196	0.000398065257143826	0.000790039506752598	0.00109912828127652	0.00315430588251593	0.00650889842456687	0.0146198512623733	0.02598805995319	0.0444848972273853	0.0664164655937496	0.0923540060138548	0.113292142994404	0.12415838100542	0.121213438577981	0.111472603782707	0.0914565975703568	0.0720109962989366	0.0486917530982626	0.0296122094365472	0.0173193619156051	0.00812420973655915	0.003957482856501	0.00191723419529848	0.00050841998189657	0.000230980560250873	6.37764318376247e-05	2.48417562213969e-05	
2.64636662883565e-06	2.05694860695862e-05	5.35287795378121e-05	0.000305535056238298	0.000659306158756737	0.00102654967320379	0.00221380597441324	0.00530307814540221	0.0106411605039404	0.0199763390765504	0.0365273174202496	0.0563671280366305	0.0812332309069159	0.105243835619734	0.121776890843992	0.124625103072973	0.116746749329537	0.099452743410096	0.0809614971698913	0.0572984085111962	0.0373454055767365	0.0214853695019478	0.0111231600985651	0.00570725050326074	0.00239363861578185	0.00115189121989683	0.000266200424982423	4.77548887112616e-05	4.39056281602279e-05	
7.35567701957775e-07	1.04205424444018e-05	6.8652985516059e-06	0.00013657040333016	0.000424545158646629	0.000867479509842202	0.00162450126977375	0.00417569524939729	0.00794891237120669	0.015781850234738	0.0277074867919625	0.0489202785594887	0.0714112418037836	0.0955067233952824	0.116575098703991	0.127632642778288	0.121394538287218	0.107569052950454	0.0880445116535378	0.0661397958677032	0.0442733296023705	0.027244324328963	0.0147084117683477	0.00700334009033997	0.00274942947530117	0.00136607181715258	0.000461936516829483	0.000199951820315522	0.000108128452187793	6.12973084964812e-06	
1.52264847511053e-05	1.63316328378791e-05	3.36456195306682e-05	3.51191503130332e-05	0.000261674508101656	0.000719696992953453	0.001247343807272	0.00281579453086771	0.0066123465916312	0.0116736792405914	0.0217156687281772	0.0397407568176892	0.0633281780221656	0.0869394213076235	0.108517806084577	0.123278532314223	0.123292039679728	0.115318519027887	0.0976074157892507	0.075945408140398	0.051730385616866	0.0341748626700009	0.0192558546754825	0.00894912082399841	0.00392536320998857	0.00173594205585787	0.000806021337953671	0.000255780384972196	4.00309195875833e-05	1.20338347226477e-05	
3.61505737796937e-05	2.22559654902196e-05	1.25420358011182e-05	8.58268724429463e-05	0.000468113042106442	0.00112829137755942	0.00222682616037501	0.00543672659751414	0.00944501368618916	0.0177691136629372	0.0321893808058406	0.0529694437889933	0.0783095204749349	0.0999171118986908	0.118424361256864	0.125443228782349	0.117756559331023	0.107688132688837	0.084895318881875	0.0591939823804071	0.0397545646554856	0.0249972610407111	0.0125767108412743	0.00546488469749901	0.00212464545693649	0.0012245699465033	0.000335560938247565	8.58268724429463e-05	1.80752868898469e-05	
1.22927805974685e-06	1.80703874782787e-05	6.51517371665829e-06	2.08977270156964e-05	0.000201355746186534	0.000712981274653172	0.00173770746525814	0.00406350155429918	0.0076436509755059	0.0137998754987181	0.0264137435253925	0.0450500906223786	0.0669641847378737	0.0928870775340092	0.113686708160538	0.122723499961155	0.121337366020984	0.11219756071896	0.0933345347477571	0.0700173426548669	0.047349578160941	0.0306654475506389	0.0168723330812494	0.00762066347578863	0.00265585524808306	0.00123136783244842	0.000603206743917778	0.000151692912572761	2.67982617024813e-05	5.16296785093676e-06	
4.80480843090428e-05	2.45271634561868e-05	4.99347891902879e-05	0.000445136571648435	0.00118799517355735	0.0033657557278159	0.0064043568292239	0.0107250367876007	0.0218928203206669	0.0368147692264346	0.057890520553197	0.0803069643685721	0.106374056348831	0.12058333393079	0.124024306293205	0.115978893558274	0.10161113276629	0.0801468460143171	0.0574587166960427	0.0354448957023253	0.021485920967945	0.0107647833704322	0.0043562757904696	0.00158885707065924	0.0007950574369567	0.000165023786946241	6.01229955490116e-05	5.91167529456809e-06	
8.96982997687279e-06	4.90849029289983e-05	1.38284878810122e-05	0.000191979277699458	0.000904084113085636	0.00254631048468476	0.00459193004329936	0.00933373099579564	0.0166385362832114	0.0293974965204535	0.0496673189726355	0.0722513575588508	0.0963983890185362	0.115919978153481	0.123592297308005	0.121170941538136	0.107702243503974	0.0903913437154132	0.0663621658551462	0.0446026041409718	0.0244543727173651	0.0139901939825397	0.00604853076676598	0.00234012897618859	0.00098954665980973	0.000379099897494776	5.83038948496731e-05	5.23240081984246e-06	
4.05027086186389e-05	1.12507523940664e-05	5.12534275729689e-06	0.000541786231954262	0.00158110573644612	0.00411627527590908	0.00830130514978189	0.0139101802433038	0.0226083869358763	0.0395380191050276	0.0638218930891003	0.0872193327928805	0.110298751228988	0.12125585898557	0.122384184442335	0.114999815612669	0.098960993016408	0.0745496105052025	0.0525747659374721	0.0314811052989169	0.0179752020916399	0.00883321572130136	0.00300745112329387	0.0011697032239031	0.000594039726406703	0.000199138317374974	2.10014044689239e-05	
