# <P(U)> as a function of N_tot.
# number_of_species: 1
# species_total_upper_bound: 408
# species_total_lower_bound: 383
# volume: 729
# Bin widths for each
10	10	10	10	10	10	10	10	10	10	10	10	10	10	10	10	10	10	10	10	10	10	10	10	10	10	
# Bin lower bound for each
-1930	-1940	-1940	-1950	-1950	-1960	-1960	-1960	-1970	-1970	-1980	-1980	-1990	-1990	-2000	-2010	-2020	-2020	-2020	-2030	-2040	-2040	-2040	-2050	-2050	-2050	
# Bin upper bound for each
-1680	-1690	-1690	-1690	-1700	-1700	-1710	-1720	-1720	-1730	-1730	-1740	-1740	-1740	-1750	-1760	-1770	-1780	-1780	-1790	-1790	-1800	-1800	-1810	-1810	-1820	
# Normalized histogram for each
5.99202252777511e-05	6.68876933333036e-06	4.98870712777556e-05	1.95089105555469e-05	0.000402719653610932	0.00167470062183259	0.00430422306599809	0.00850950808560733	0.0186956676841028	0.0397675206738712	0.0599570135090845	0.0859604403885729	0.108654041242952	0.115929750085282	0.124155821570389	0.115159705515782	0.100575122683178	0.0805500620940753	0.053564222218754	0.035449362671762	0.0241634579153782	0.0139458053612716	0.00588054303888628	0.00200830299233244	0.000536773738999761	1.92302118333248e-05	
7.73168618963451e-06	1.04930026859326e-05	0.000105482290158585	4.33526689918792e-05	0.000147454300902315	0.00101229862754286	0.00282565517066179	0.00640901558790775	0.0133382632037181	0.0310708854796448	0.0535364042302264	0.0753358934419009	0.0985196306131697	0.115240506524853	0.122216144257801	0.121520568632383	0.104064906401035	0.0878256040863066	0.0658750708622846	0.0432910916340118	0.0267728963531569	0.0183779419411116	0.00809176186075178	0.00297228107661521	0.00126164550715857	0.00012702055882971	
3.18769299846391e-05	4.90414307455987e-05	0.000156387673599854	0.000109525861998504	0.000498315426853889	0.00183360460509933	0.00554604091254115	0.0114424556025203	0.021250469299247	0.0429330480938413	0.067991312038091	0.0871844933175602	0.105790539690047	0.119924552483322	0.124005616878535	0.112452818056837	0.0975970788744229	0.0761267404939998	0.0527868337925973	0.0326662245672502	0.0216809440802361	0.0108076415267578	0.00482894621408328	0.0017308900529266	0.000519021808724253	5.55802881783452e-05	
8.40522512175375e-06	2.250431242276e-05	0.0001130638347023	0.000108725653994299	0.000234532894526355	0.00120872559976704	0.00383413833699096	0.00902341587264403	0.016145352913712	0.0333611519171234	0.0560734258775733	0.0821941541930414	0.10060783334445	0.112908202469401	0.124748724439304	0.121488039364652	0.103016879318862	0.0842718716158801	0.0596174483797166	0.0412227487689057	0.0246552366450463	0.0152289122391466	0.00600322869099193	0.00261429614915967	0.00113958584473326	0.000130416557534308	1.89795405975085e-05	
9.30461541101731e-05	0.000134608557242959	0.000143457326942198	0.00020727572659125	0.00086262097340757	0.00236181707608762	0.0068443892900927	0.0138424253995085	0.0249540668409249	0.0476755622722783	0.070756371382328	0.0917502115660392	0.111758352434162	0.120730468620117	0.126576555801414	0.111438187857772	0.0909980661416039	0.0700007400789203	0.0471585796062137	0.0285925200545299	0.0180455910066468	0.00885064671099275	0.0038929223785922	0.00190865280967208	0.000318823853708922	0.000104040080100136	
1.01174152666471e-05	0.000137916344950611	0.000203413296413643	0.000115285284485742	0.000644852099363668	0.00170425197688969	0.00505897388109375	0.0103921829654677	0.0215884341968636	0.0360070821906866	0.0625969807502862	0.0844162517638915	0.106244308953913	0.11732154743204	0.128135999361005	0.117203067174312	0.098483985196624	0.0768747836736867	0.0555680396176682	0.0359019143214676	0.020477914747464	0.0117694826805825	0.00517745413882159	0.00284086370776645	0.00091961979818419	0.00019409462445752	1.11824063473468e-05	
0.000103691581913387	0.00019661001245915	0.000163751900787894	0.000403723847501733	0.00149369743712116	0.00356779840417309	0.0090292474899904	0.0161406047077594	0.0301527040340604	0.0514331792593135	0.0764645964619894	0.0975729705941447	0.114362388343019	0.122931622269612	0.120195241822235	0.107558604596796	0.0858808694148617	0.0641888598073653	0.0443293632475018	0.0254580339968338	0.0147896515262593	0.0078151133308591	0.00340485448973777	0.00182928110222266	0.000477250605585771	5.62897158958387e-05	
0.000133189710869763	0.000213950867560176	0.000312452999654713	0.000721554596660248	0.00254887506328497	0.00629433919897643	0.0127843587087536	0.0238632006626122	0.0435781905687916	0.0654070044548384	0.0912233011559702	0.106677809058383	0.120022200050416	0.12658768490333	0.113140025547005	0.0946078555979927	0.0722118600803693	0.0513521800746074	0.0316144181701481	0.0180764651927358	0.00996592673559698	0.00520393118831701	0.00244666586170301	0.000877516305809931	0.000135043245613478	
2.14532937957074e-05	0.000103293636794147	0.000393575241733596	0.000584536042063288	0.00149563888968346	0.00411241102180184	0.0103063212527452	0.0179299213591112	0.0338411142575942	0.0543748298303548	0.0813191074158475	0.102351016144531	0.115915589499434	0.127813692180725	0.119686336953378	0.100769564079664	0.0811546321634137	0.060549935322292	0.039100879214248	0.0242750640685404	0.0129503734991964	0.00621377439186533	0.00317402805984886	0.00117304491631097	0.000332393626093986	5.74736389341792e-05	
0.000104576457364737	0.000164714572795858	0.00034912038692757	0.00119983523220763	0.00362744597149134	0.00630838186958225	0.014556617108602	0.027114041025903	0.0433031684803897	0.0711992711047531	0.0964881469371072	0.11121240569492	0.122069198215228	0.12429883214973	0.110225980943136	0.0892351176791158	0.0692482416253683	0.0481740897324546	0.0298101445017797	0.0171524016928081	0.00775542200991161	0.00382755155912056	0.00189967259319811	0.000562796965207173	0.000112825490897325	
7.91799282049198e-06	0.000145955000991069	0.000407776630255337	0.00066405566454526	0.00257889026163424	0.00535916147400299	0.0109318448210652	0.0216195515301653	0.0372161498548764	0.0580890346620693	0.0867175934369341	0.104873287041228	0.12064935986987	0.125434730797482	0.117875159118664	0.0978093817129733	0.0759031988427062	0.0563288648580739	0.0366932983956299	0.0212777581734141	0.0102646219593918	0.00540666943092594	0.00241868287356628	0.00117265473671486	0.000104517505230494	4.98833547690994e-05	
3.07361620761735e-05	0.00039595408792247	0.000723720387709564	0.00117236503919119	0.00431236102541002	0.00791055828493249	0.0168248201482516	0.0303234193282935	0.0481927524129824	0.0749890034277278	0.0997861124721405	0.115704344982683	0.126476465785615	0.123404141013379	0.108646908910672	0.0831547493440154	0.0626227347900552	0.0440932199384192	0.0255753280052153	0.0137078117118208	0.00657495581353843	0.00323814507520157	0.00148721698516477	0.000535170822032198	0.000117004045550476	
1.89686732361505e-05	0.000164053390150491	0.000400136471913931	0.000868713967531271	0.00270021626850823	0.00592540338549804	0.0122447912407794	0.0250642820139297	0.0421445469293948	0.0639308371413799	0.0896767097247005	0.109716087665005	0.126513360482461	0.124673399178554	0.116413567317899	0.0938628908411812	0.0696291291148884	0.0506604558787379	0.0319906674127678	0.0177818494917805	0.00849335160819744	0.004289227152169	0.00175793460883135	0.00094048732572211	7.27986918792803e-05	6.61340229044166e-05	
0.000102176791393308	0.000501367491101478	0.00085022109504971	0.00180487288130287	0.00391878046990806	0.00971455861504368	0.019399315665931	0.0342963412444382	0.0540299853822076	0.0801399120828814	0.103965636542628	0.119859887570469	0.128078107144887	0.119781501943738	0.104711426946474	0.0785882272802517	0.0568936903076548	0.0379459059036899	0.0233203500356492	0.0115477304606295	0.00638028949590028	0.00272847093683846	0.00106985110988287	0.000268464510719673	9.44133587139148e-05	8.51473261610902e-06	
7.30180727336065e-05	0.000468786168348744	0.000568171878458376	0.00161552485923104	0.00284466241691342	0.00788493771533042	0.0156727715353241	0.0274763458206914	0.0440953098818552	0.0712808510864861	0.0944075508800326	0.114184039516975	0.127736498058302	0.125516799354196	0.113164575383427	0.0878721798354	0.0657608876158053	0.0425629444943486	0.0269979253233015	0.0163492028480091	0.00727594670593416	0.00363340972342123	0.00171009340482005	0.000699756530363729	0.000128795767182889	1.901512310771e-05	
7.07339186177869e-05	0.000281386756545211	0.000644608010177423	0.00133800693502186	0.00250692366312894	0.00552576470078004	0.0129303668457216	0.0226312398158646	0.037262318544265	0.0591108385015561	0.0829618511840961	0.107797201208569	0.124733844269727	0.127579206499673	0.119899671422877	0.100263522569799	0.0744102753149983	0.0521760747941488	0.0316583334882251	0.0195589611097687	0.00946208145656111	0.00392315095341061	0.0021591915887561	0.000897081632105145	0.000159538546371505	5.78262692349791e-05	
3.67747750759605e-05	0.000158928748230375	0.000298312860756043	0.00114233252368823	0.00194391975384046	0.00400999348083533	0.00983763808220834	0.0187661934378886	0.0316018757706951	0.0487034320123131	0.0745164952867854	0.0981837632938883	0.117972964111163	0.127607698014805	0.122570839660695	0.107794837901678	0.0858554699906263	0.0639058154292041	0.0389797185829625	0.0228368781559122	0.0135526618636582	0.00533748571119972	0.00281468470773698	0.00115364783909621	0.000384463557612314	3.31744474461462e-05	
0.000115981832605741	0.000252067182863143	0.000548465199522258	0.00132940953906758	0.00377353335817922	0.00653854024750008	0.0148485096849985	0.0259067330804414	0.0416722724552426	0.0623812152731063	0.0905163459640126	0.113217083453826	0.125808328938911	0.123355184310596	0.114440562919113	0.0934156340417504	0.0737445997570052	0.0494190856610887	0.0288145264925702	0.0170338651486964	0.00763469743432722	0.00307068345258843	0.00162219923204563	0.000329388404600303	0.000211086935342448	
0.000374801137820621	0.000501979685622918	0.00110989832450681	0.00281476431561623	0.00583467203216814	0.0106423319624297	0.0202146545949791	0.0358135826689053	0.0548406331056898	0.0786051492029713	0.10377147853998	0.121322636175588	0.125263876060231	0.119802969088101	0.102390127836457	0.0829494233450082	0.0576670532963592	0.037529327476731	0.0205891967133541	0.0101330997323293	0.00454760440685324	0.00211696592910016	0.00104074013252471	0.00012199815888978	1.03607778250344e-06	
9.80873754938078e-05	0.000536704507418948	0.000665989484821838	0.00155961570899723	0.004956717293148	0.00823537374462701	0.0162259256302048	0.0275329412305921	0.0481365778134288	0.0681820945858413	0.0944404287079275	0.116493960620166	0.125229553541166	0.124070483314306	0.113273997962109	0.0921209663219243	0.0663472525752563	0.0431327997309603	0.0260381002035247	0.0138609887736223	0.00539665635735743	0.00176689469117282	0.00124420266596728	0.000256454863150926	0.000197232296815042	
7.34369983990734e-06	0.000314205443150321	0.000442982465342982	0.00107008197667221	0.00322624470466787	0.00744493798770035	0.0118705662412217	0.0228084826027751	0.0377405848522553	0.0629365567279831	0.0840633320674194	0.108795077203267	0.122128875637591	0.1211605563587	0.121797884594806	0.103297006498125	0.0781755207207736	0.050759128743451	0.0317950730068674	0.0178247331614208	0.00744100386278612	0.00269618694122312	0.00127124689728682	0.000745123258756313	0.000179133821094883	8.13052482275456e-06	
5.34389421535415e-05	0.000528008652323052	0.000750537978604217	0.00211947884003996	0.00605269132869416	0.00886315430135629	0.0183003119664414	0.0321683821187451	0.0510392411989253	0.0771847089119672	0.0969656252010607	0.116314244376017	0.124302169833744	0.122410803493046	0.115292257840503	0.0907063564691163	0.0586493719462037	0.0384475907544781	0.0227894489727227	0.00999574083655075	0.00415786873800615	0.00146677932269198	0.00110387307373883	0.000206577403250257	0.000131337499621142	
0.000234304758213375	0.000679351423249174	0.00148869565585741	0.00412296949113772	0.00813686151291509	0.0135287832143542	0.0261187588890195	0.0442428276268873	0.0647824857590362	0.0905986340959225	0.112765982232022	0.123331670696179	0.124360228872065	0.119534874608565	0.0994137880275299	0.0702665408569253	0.0458702528796981	0.0276363124190523	0.0137339653472529	0.00565164256901797	0.00166184290091	0.00104391374196083	0.000560742912876754	0.000232186749099581	2.38276025301737e-06	
2.36072214218982e-05	0.000424658638221503	0.000884863782262185	0.00278592347515666	0.00613706352757554	0.0106338321873882	0.0218266399624672	0.0368953736087003	0.055824837673218	0.0786953509783294	0.103954535205015	0.121878385906435	0.124052149708858	0.120289918386851	0.111034530852603	0.0846161506498905	0.0559442305171908	0.0316477867687222	0.0181951980740849	0.00875176681058027	0.0031316200279325	0.00128021690423581	0.000747562011693444	0.000214093077033077	0.000129704044134107	
0.000200493120834138	0.000921345924699233	0.00193873320904026	0.00408582733391356	0.008983936675645	0.0168745211497182	0.0296284881462173	0.0492971617336496	0.0675116497626639	0.095365000575163	0.113518174063841	0.12470699246211	0.122951931570803	0.117147669287818	0.0991184813961918	0.0661160657118238	0.0412337570728764	0.0204530113578403	0.0116701104095811	0.00460890004970276	0.00225642934503048	0.000750153557654117	0.000550203043371627	9.95683022275084e-05	1.13947375846195e-05	
0.000557048699067655	0.00135480749291491	0.00335611676066016	0.00754685782517887	0.0150473626929171	0.0231344628817173	0.0395623847105719	0.062359907673583	0.0844773161908712	0.10708780090456	0.120030034547862	0.125203675166064	0.122868136678878	0.107374592886854	0.078627898245771	0.0491479594533604	0.0268451391063096	0.0151538931740526	0.00658049353701528	0.0019105008423498	0.000852243849084529	0.000500124014491398	0.000375702918203294	4.55397476610054e-05	
