# <P(U)> as a function of N_tot.
# number_of_species: 1
# species_total_upper_bound: 408
# species_total_lower_bound: 383
# volume: 729
# Bin widths for each
10	10	10	10	10	10	10	10	10	10	10	10	10	10	10	10	10	10	10	10	10	10	10	10	10	10	
# Bin lower bound for each
-1950	-1950	-1960	-1960	-1970	-1980	-1980	-1980	-1990	-1990	-2000	-2000	-2010	-2010	-2020	-2030	-2040	-2050	-2050	-2060	-2070	-2070	-2080	-2070	-2080	-2080	
# Bin upper bound for each
-1670	-1670	-1680	-1680	-1680	-1690	-1690	-1700	-1700	-1710	-1710	-1720	-1730	-1740	-1740	-1750	-1750	-1760	-1770	-1770	-1780	-1790	-1790	-1800	-1810	-1820	
# Normalized histogram for each
6.05989264597183e-07	0	3.25719229720986e-05	3.15114417590535e-05	8.4535502411307e-05	0.000305873081305428	0.000775060269419797	0.00209217793602177	0.00496305207705093	0.00978172721181158	0.0180565106198861	0.0375610325875272	0.0586520344498837	0.0841035835629654	0.108107575820241	0.118030044038755	0.127792682588732	0.116367360994016	0.0996393303394434	0.0801237490677234	0.0539995518709388	0.0359600089504614	0.0224278141800579	0.012624422852037	0.00555389161003318	0.00191386559491405	0.000921709671452315	9.12013843218761e-05	6.51438459441972e-06	
8.01826227312289e-06	8.92599007762737e-06	5.23456367264249e-05	0.00017019896334459	0.000277008268341283	0.000638132646566648	0.00135357344448359	0.00365148638158668	0.00746893566343026	0.0141192521351649	0.0285295823196409	0.0512551530572802	0.0737770901907756	0.0975946574772338	0.114757823516837	0.124165363194754	0.124169901833777	0.106446819026761	0.0882244859272689	0.064928559552466	0.0429980070836052	0.0267841730395462	0.016354834429692	0.0075969252838654	0.00303150829111012	0.0013510015490375	0.00026142560769729	2.42060747867861e-05	6.05151869669652e-07	
2.11733195000979e-06	7.56189982146355e-06	4.20441630073373e-05	0.000110252499396938	0.000254836023983321	0.000372650423201724	0.00112657183540164	0.00229473411982133	0.00592747079405241	0.0123812498156787	0.0209375394636647	0.0408195889502495	0.0645610808677129	0.0879105638984316	0.107517208993519	0.119342356696327	0.125933611056707	0.114255012972439	0.0987950112634498	0.0758382933094579	0.0515378257571919	0.0325545836833863	0.0198357706596775	0.0104366316575911	0.00466508723785729	0.00177598779206893	0.00069282126164249	6.01927225788498e-05	1.13428497321953e-05	
1.36002631802039e-05	7.13258246784029e-05	0.000110615473865659	0.000189345886275506	0.000307365947872609	0.000561237527236416	0.00165076972200609	0.00429526534037908	0.00924032103270123	0.0164191443953542	0.0321458842808007	0.0533885886840672	0.0801975785789206	0.100903828156746	0.114897138942858	0.124992312073452	0.123982114747234	0.103636423257719	0.0842019494012786	0.0598839232648973	0.0400325257849656	0.024072012486855	0.0143609712340833	0.00629903744892912	0.00265295800435178	0.00119168528265654	0.000263996219731292	2.53871579363807e-05	1.26935789681903e-05	
1.65470988347683e-06	1.29368227253643e-05	9.77783112963584e-05	0.000160055574183577	0.000257984313651161	0.000417588603321063	0.00123095372513554	0.00287393021125681	0.00686930243899724	0.0134332356904074	0.0243147583123223	0.0450544407073072	0.068591184518053	0.0925540913378796	0.111230350508169	0.121725122301864	0.126478050799894	0.113491737206197	0.0906025866725755	0.0716812800113603	0.0471402777295154	0.0284249072347075	0.0173744537765068	0.00937468363075239	0.00414910981873255	0.00170450160815236	0.000628338471207522	9.43184633581796e-05	2.82804961903313e-05	2.10599439715233e-06	
5.10928689532529e-06	3.44125499714556e-05	2.13387864451821e-05	0.000197008091757984	0.00020316929066117	0.000225409715970233	0.000943565071051397	0.00208158359041311	0.00538684139225664	0.010328724005188	0.0209877483808444	0.0349413611651218	0.0593966623433083	0.0830899284083715	0.106419834011291	0.11796471857071	0.127842923690246	0.11900866610194	0.0989867232174562	0.0767485520055529	0.0568382620670462	0.0360281365423863	0.0207136501662246	0.0114840239361075	0.00597140392233944	0.00271258052198579	0.00106979451199473	0.000313169232054644	3.54644619793167e-05	1.92349624294599e-05	
1.77422111314026e-05	5.47430616960371e-05	0.000114035408297562	0.000240050600179575	0.000270379166216161	0.00050648705281098	0.00173176112068904	0.00397380036494363	0.00890173741739825	0.0159802730875072	0.029136805034178	0.0494029594311453	0.0749107998962156	0.0969391956227387	0.114541592064713	0.12306134119288	0.122160431138763	0.107578608231203	0.0865445345421895	0.0645764926620793	0.0445558480071782	0.0263631060273021	0.0148625137862288	0.00777806404574276	0.00340483646609729	0.00162424635408934	0.000614305105071042	0.000122982335278355	2.79022807536588e-05	2.42628528292685e-06	
4.6442434826032e-05	1.88159060709969e-05	0.000114239429716767	0.000302547823014601	0.000349288923016363	0.00098290709332779	0.00277997545569586	0.00648999426861528	0.0127483736934519	0.0228357900037363	0.0405087044472141	0.0639428701305256	0.0909935724267531	0.106272386821578	0.121111864742905	0.126604167991993	0.113743496192467	0.0954076943914563	0.0730269207829448	0.0522008487466964	0.0327674524248775	0.0180495312300734	0.00993225975149265	0.00525844841649217	0.00221982891861404	0.000928998029108505	0.000325097043782224	2.47892095855991e-05	1.26932699685297e-05	
1.46719787214389e-05	6.51256198349582e-05	2.21576821507444e-05	7.54558905673999e-05	0.000565769465186913	0.000608288260665368	0.00159759882588239	0.0043418577030658	0.010363058113462	0.0172741589475341	0.0319557193693624	0.052183886604169	0.0819477920094308	0.101574857258864	0.116133203002246	0.127287949110392	0.120901895514851	0.101566173842886	0.0817359466023814	0.0612228734950555	0.040227421658745	0.0241279192933376	0.0130974358621187	0.00635835649285213	0.00308575666762833	0.00112510122542462	0.00038341772964903	8.06958829679137e-05	7.63541749789165e-06	6.78204730695082e-05	
0.000116340041375022	4.78870621917833e-05	7.02543733722715e-05	0.000339562804632645	0.000559182779512203	0.0012027308535441	0.00318246306729093	0.00706626893884522	0.014419109669929	0.0265837745122838	0.0430308036905163	0.0695931115887141	0.0947692466584513	0.111212222699758	0.121019613129582	0.125215810776751	0.111262811853234	0.0902121697087461	0.0692822209749235	0.0484169723157238	0.0302611706330114	0.0172480491276223	0.00821270622398205	0.00402671647721754	0.00160534245479289	0.000751031260644176	0.000195901618057295	2.80717261124247e-05	6.84529791832389e-05	
3.04742328410649e-05	9.75474217902716e-05	4.1229844432029e-05	0.000182397246563433	0.000456665342133017	0.000971590247050423	0.00238804454018267	0.00539961578565261	0.0113149033936942	0.0211960240089152	0.0360756657275424	0.0573619173670263	0.0854648366192723	0.105825358744462	0.118466190033731	0.124802739095752	0.117242589831764	0.0982589353737127	0.0786620616714818	0.0565270130172777	0.0368924946744784	0.0216737524237472	0.0112242276126426	0.00579622896306941	0.0022416487157501	0.00113322318790352	0.000190613338750975	3.28643687501681e-05	1.52371164205325e-05	3.39100532104007e-05	
3.59396373823698e-05	8.77045471923674e-05	0.000146716544375765	0.000395188111463753	0.000736984415952052	0.00142826781152899	0.00403352177239502	0.00837186491369976	0.0168886715748675	0.0300419872578456	0.0478050421092751	0.0735307232874208	0.0997330853350454	0.115551998073754	0.125466013600565	0.122275372459619	0.108398383337497	0.0833268627196071	0.0639218249290044	0.0443572033164447	0.0263671223605627	0.0145067462248961	0.00710791371588193	0.0033849814023469	0.00140948454425508	0.000588197275183887	7.86826629111964e-05	1.19798791274566e-05	1.15361799005138e-05	
7.41120304132057e-07	0.00010286749821353	0.000193877071560946	0.00023004374240259	0.000606977529084155	0.00092313945082689	0.00268418951750548	0.0056895805748218	0.0127614987409107	0.0245736223722283	0.0423634741526142	0.0635701869831705	0.0890337466166005	0.111159596848341	0.123645547060176	0.123838386563311	0.115097465472317	0.0935553215921102	0.0714116844730701	0.0508129867400237	0.0325461499318985	0.0183873429695772	0.00941089384592969	0.00457775189456289	0.00171910265746472	0.000884452970951197	0.000136514360021125	7.32226860482472e-05	9.63456395371674e-06	
3.14694713347354e-05	0.000137096169101787	0.000299688437664586	0.000558583116191553	0.000869926913609745	0.00184198391706046	0.00410530908921377	0.00960110259703269	0.0197317956028698	0.0343735499093432	0.0547915548177065	0.0784595111013659	0.103434615981392	0.11884154465569	0.126745772564594	0.117426001213614	0.104225286448677	0.0799002592589085	0.0585428323544045	0.0390313230508778	0.0239395261659184	0.012221664545634	0.00646508236332816	0.00284769577179971	0.00113712603596116	0.000311926565405872	0.000100818861868689	2.69530194302132e-05	
2.06657104347224e-06	3.09985656520836e-05	0.000242969709825379	0.000573030627911374	0.000557383732867942	0.00141663445030022	0.00305380155338241	0.00779761538367294	0.0159945218153882	0.0281081708233529	0.0464650785658646	0.0712566980888794	0.0924682785035132	0.112195618072282	0.123889605546204	0.123226088629032	0.11057424547646	0.089877536476086	0.0673207659243691	0.0454788813414762	0.028284567423135	0.0164044409430826	0.00799984412149844	0.00411306682537932	0.00182286327255991	0.00070396266473708	0.000106723633173602	3.39508099999011e-05	5.90448869563497e-07	
2.56561407067271e-06	2.55052222319816e-05	0.00013311009472549	0.000529120172457559	0.000767873199504867	0.00118063522793368	0.00235130983653416	0.00533708094089821	0.0125958068207303	0.0236748829702688	0.0380702416838638	0.0604497913853924	0.0819188499287816	0.105863575131895	0.121832862618611	0.126827056784887	0.117425439482144	0.0988626180069284	0.0754861008612314	0.0539883678076405	0.0333303451475334	0.0207306144464597	0.00984305384137321	0.00477641880721885	0.00262296309107598	0.00104601594846074	0.00020147616378518	7.81757699181448e-05	4.81429934437996e-05	
1.89598705311698e-05	2.84398057967547e-05	6.31995684372327e-05	0.000231129850284737	0.000695947628624288	0.00112389899204212	0.00168216184657101	0.00373419164366278	0.00888932025102267	0.0183502956460764	0.0329745253072891	0.0496963787399661	0.0741054063468919	0.0967886343099924	0.115166316435725	0.125094366736562	0.12287681426023	0.105897046398264	0.0859074743270563	0.0645550487050484	0.0414530483634697	0.0246783781485987	0.0143852751024548	0.00589606830970497	0.0036366837380739	0.00128761596932714	0.000645989874526285	7.8848985383595e-05	4.73996763279245e-05	1.11351620579886e-05	
1.95502039462237e-06	1.60913217095841e-05	2.00013624988289e-05	0.000127978642755664	0.000489657415760803	0.000818100842057361	0.00111436162493475	0.00320863962612792	0.00616222428384971	0.0145140714096765	0.0254221828945641	0.0425931270205324	0.0632285176719557	0.0896994938151426	0.11202011204673	0.123590373900658	0.121933569309308	0.11302800025325	0.0932959794103267	0.0735732825108237	0.0508926397542569	0.0310613640297602	0.0180406274292068	0.00838011972845669	0.00385770639714254	0.00200524938014575	0.000529810526942662	0.000263175822353011	8.03062223637189e-05	3.12803263139579e-05	
3.31976004170826e-06	2.5803589415096e-05	6.71496917527352e-05	0.00038328138663359	0.000762337624123187	0.00109008847915002	0.00214818654335267	0.00518938853792486	0.0103025734930741	0.0191910801065643	0.0355113222679695	0.0543760096031604	0.077593355047582	0.103896115654404	0.121837155207081	0.124383260260888	0.118506228699778	0.100203335302555	0.0821530454648683	0.0590939922151627	0.0390565241961465	0.0227632928096261	0.0115464272214288	0.00574725912311556	0.00247714458384922	0.00125924534309343	0.000318093371269137	5.99065789344627e-05	5.50778370556143e-05	
9.24220966445542e-07	1.30931303579785e-05	8.62606235349172e-06	0.000171597026103389	0.000530040724256518	0.000904966362977926	0.00142098973591002	0.00395736014149207	0.00759247523935012	0.0154511261170366	0.0264185482521903	0.0465998372754952	0.0679296248864363	0.0928943735584078	0.115877438441492	0.127856728498076	0.122473603479014	0.110087502160367	0.0902018098094965	0.0677048851547623	0.0457523266492646	0.0285855383448496	0.0153232755500116	0.00706443699385424	0.00286585518011988	0.00146920326299293	0.000466115440744035	0.000234135978166204	0.000135860482067495	7.70184138704618e-06	
1.91277499225635e-05	2.05160543524269e-05	4.22661570869547e-05	4.41172296601061e-05	0.000328719637782119	0.000756008890084545	0.0011836066544825	0.00260337931808955	0.00608848620519016	0.0113905750788865	0.0211451105152029	0.0379932645639305	0.0609274367210841	0.0831106904377293	0.107194995687001	0.123126714555971	0.123006240582668	0.117825705474609	0.0999222858031372	0.0780800922080951	0.0532929964052171	0.0357170623231454	0.0200526691849481	0.00938139005677857	0.00389990139953427	0.0016510024792032	0.00084856251874211	0.000281671543214523	5.02874715706104e-05	1.51170926807356e-05	
4.56367608765673e-05	2.80961010838731e-05	1.58331619367683e-05	0.000108348500312395	0.000524512295924901	0.00095697493470761	0.00190851692169182	0.00470881340541044	0.00888224861944918	0.0172007124922872	0.0314541284581682	0.0506046482748451	0.0764330369789706	0.0968025550377008	0.117346082650658	0.125694660576591	0.11891123727623	0.110498550567161	0.0874162840965978	0.0603524430801709	0.0413470605812478	0.0265135610255853	0.0128183416315142	0.00543294772340087	0.00224178945775301	0.0012997163225153	0.000322096186458766	0.000108348500312395	2.28183804382837e-05	
1.54995601224837e-06	2.27843533800511e-05	8.21476686491637e-06	2.63492522082223e-05	0.000253882794806283	0.000748938745118414	0.00146036855474042	0.00349639077242988	0.00711801799064943	0.0129205883137037	0.0255615645627977	0.0439931764736517	0.0644707303206735	0.090534015644636	0.111000719799572	0.123319925180523	0.122132968866344	0.114890024421107	0.0958598194983226	0.0716250172820095	0.0488316741570874	0.0318078872921587	0.0173075838107715	0.00796181404371744	0.00251139372664604	0.00129514324383474	0.000607892748003812	0.000191264571911449	3.37890410670145e-05	6.50981525144316e-06	
6.07347763195425e-05	3.10033544039549e-05	5.771393665967e-05	0.000482221404652284	0.0011210494969348	0.00271843771076319	0.00524354168329453	0.0102365126663807	0.0207792430793358	0.0365518419013356	0.056294618994213	0.0771722778498363	0.103547864886428	0.120501612015437	0.124503747590085	0.117186319984508	0.104894364416925	0.0832952018572758	0.058693642658835	0.0364353010870889	0.0220324145634998	0.011113351125549	0.00436686221568732	0.00169882482977569	0.000716574965633974	0.000181250379592352	7.59979661799511e-05	7.47260336915837e-06	
1.13656544130705e-05	6.21953866493025e-05	1.75220505534837e-05	0.000196373251248051	0.000890783164624401	0.00186507231792261	0.00374151029025829	0.00841358353558673	0.0155324296059512	0.0283341028828509	0.048402375737485	0.068008918881588	0.0937270269736972	0.11486856488881	0.125399159415142	0.121767201404921	0.110007221926242	0.0943893920558811	0.0686176128179325	0.0456089504528503	0.0253406736518084	0.0145051007320586	0.00642743542690266	0.00234874405572328	0.00104169379822017	0.000394482921920322	7.38767536849583e-05	6.62996507429113e-06	
5.11987863991372e-05	1.42218851108714e-05	6.47885877273033e-06	0.000413856856726359	0.00130999363965694	0.0032465403289206	0.00673248239054087	0.0132258790902734	0.0210408049586973	0.0389297241349341	0.0624449790819773	0.0835749078540361	0.108095176015581	0.121513366596742	0.124249973333965	0.116047738127689	0.101931094966638	0.0773552034322149	0.0543957081511154	0.032253497201054	0.0184402542557016	0.00943353441498671	0.00306750259746929	0.00133638313758489	0.000633031908379456	0.000229920475959088	2.65475188736267e-05	
