# <N_i^j*N_k^m*U^p> as a function of N_tot.
# number_of_species: 1
# max_order: 2
# species_total_upper_bound: 408
# species_total_lower_bound: 383
# volume: 729
#	N_tot	N_1^0*N_1^0*U^0	N_1^0*N_1^0*U^1	N_1^0*N_1^0*U^2	N_1^0*N_1^1*U^0	N_1^0*N_1^1*U^1	N_1^0*N_1^1*U^2	N_1^0*N_1^2*U^0	N_1^0*N_1^2*U^1	N_1^0*N_1^2*U^2	N_1^1*N_1^0*U^0	N_1^1*N_1^0*U^1	N_1^1*N_1^0*U^2	N_1^1*N_1^1*U^0	N_1^1*N_1^1*U^1	N_1^1*N_1^1*U^2	N_1^1*N_1^2*U^0	N_1^1*N_1^2*U^1	N_1^1*N_1^2*U^2	N_1^2*N_1^0*U^0	N_1^2*N_1^0*U^1	N_1^2*N_1^0*U^2	N_1^2*N_1^1*U^0	N_1^2*N_1^1*U^1	N_1^2*N_1^1*U^2	N_1^2*N_1^2*U^0	N_1^2*N_1^2*U^1	N_1^2*N_1^2*U^2	
383	1	-1790.44682588757	3206666.74069489	383	-685741.134314939	1228153361.68614	146689	-262638854.442622	470382737525.592	383	-685741.134314939	1228153361.68614	146689	-262638854.442622	470382737525.592	56181887	-100590681251.625	180156588471830	146689	-262638854.442622	470382737525.592	56181887	-100590681251.625	180156588471830	21517662720.1982	-38526230919331.8	6.89999733846504e+16	
384	1	-1796.49597464254	3228363.86354491	384	-689854.454262734	1239691723.60125	147456	-264904110.43689	476041621862.878	384	-689854.454262734	1239691723.60125	147456	-264904110.43689	476041621862.878	56623104	-101723178407.766	182799982795345	147456	-264904110.43689	476041621862.878	56623104	-101723178407.766	182799982795345	21743271936	-39061700508582	7.01951933934126e+16	
385	1	-1802.50506049743	3250004.94087885	385	-693964.448291512	1251251902.23836	148225	-267176312.592232	481731982361.581	385	-693964.448291512	1251251902.23836	148225	-267176312.592232	481731982361.581	57066625	-102862880347.937	185466813208657	148225	-267176312.592232	481731982361.581	57066625	-102862880347.937	185466813208657	21970650624.1889	-39602208933994.9	7.14047230855767e+16	
386	1	-1808.73827758243	3272505.11000233	386	-698172.975146819	1263186972.4609	148996	-269494768.406672	487590171366.877	386	-698172.975146819	1263186972.4609	148996	-269494768.406672	487590171366.877	57512456	-104024980604.959	188209806148410	148996	-269494768.406672	487590171366.877	57512456	-104024980604.959	188209806148410	22199808016	-40153642513809.8	7.26489851735087e+16	
387	1	-1815.21316114737	3295973.92271319	387	-702487.49336403	1275541908.09	149769	-271862659.93188	493634718430.412	387	-702487.49336403	1275541908.09	149769	-271862659.93188	493634718430.412	57960603	-105210849393.654	191036636032714	149769	-271862659.93188	493634718430.412	57960603	-105210849393.654	191036636032714	22430753360.1817	-40716598715327.1	7.39311781450527e+16	
388	1	-1821.62701134277	3319300.33843949	388	-706791.280400996	1287888531.31452	150544	-274235016.795586	499700750135.506	388	-706791.280400996	1287888531.31452	150544	-274235016.795586	499700750135.506	58411072	-106403186516.687	193883891058342	150544	-274235016.795586	499700750135.506	58411072	-106403186516.687	193883891058342	22663495936	-41284436368467.9	7.52269497305389e+16	
389	1	-1827.54657869167	3340921.79335126	389	-710915.619111061	1299618577.61364	151321	-276546175.834203	505551626691.53	389	-710915.619111061	1299618577.61364	151321	-276546175.834203	505551626691.53	58863869	-107576462399.484	196659582782083	151321	-276546175.834203	505551626691.53	58863869	-107576462399.484	196659582782083	22898045040.1778	-41847243873394.9	7.65005777024868e+16	
390	1	-1833.56194713545	3362945.49230314	390	-715089.159382825	1311548741.99823	152100	-278884772.159302	511504009376.227	390	-715089.159382825	1311548741.99823	152100	-278884772.159302	511504009376.227	59319000	-108765061142.124	199486563658091	152100	-278884772.159302	511504009376.227	59319000	-108765061142.124	199486563658091	23134410000	-42418373845429.4	7.77997598265988e+16	
391	1	-1838.96205105168	3382766.90649732	391	-719034.161961206	1322661860.44045	152881	-281142357.326832	517160787431.951	391	-719034.161961206	1322661860.44045	152881	-281142357.326832	517160787431.951	59776471	-109926661714.805	202209867885876	152881	-281142357.326832	517160787431.951	59776471	-109926661714.805	202209867885876	23372600160.1714	-42981324730484.5	7.90640583433455e+16	
392	1	-1845.01248312253	3405052.17520581	392	-723244.893384034	1334780452.68068	153664	-283511998.206541	523233937434.493	392	-723244.893384034	1334780452.68068	153664	-283511998.206541	523233937434.493	60236288	-111136703296.964	205107703480749	153664	-283511998.206541	523233937434.493	60236288	-111136703296.964	205107703480749	23612624896	-43565587692417	8.04022197645248e+16	
393	1	-1851.23248627383	3428044.66512704	393	-727534.367105615	1347221553.39493	154449	-285921006.272507	529458070484.315	393	-727534.367105615	1347221553.39493	154449	-285921006.272507	529458070484.315	60698457	-112366955465.081	208077021699210	154449	-285921006.272507	529458070484.315	60698457	-112366955465.081	208077021699210	23854493600.1656	-44160213497756.1	8.17742695279119e+16	
394	1	-1857.64654150379	3451816.90113507	394	-731912.737352494	1360015859.04722	155236	-288373618.516883	535846248462.035	394	-731912.737352494	1360015859.04722	155236	-288373618.516883	535846248462.035	61162984	-113619205695.671	211123421894294	155236	-288373618.516883	535846248462.035	61162984	-113619205695.671	211123421894294	24098215696	-44765967044058.2	8.3182628226884e+16	
395	1	-1864.02040412941	3475523.95089647	395	-736288.059631116	1372831960.6041	156025	-290833783.554291	542268624439.392	395	-736288.059631116	1372831960.6041	156025	-290833783.554291	542268624439.392	61629875	-114879344503.947	214196106654134	156025	-290833783.554291	542268624439.392	61629875	-114879344503.947	214196106654134	24343800624.158	-45377341079101.8	8.4607462128485e+16	
396	1	-1869.97736521583	3497763.56959628	396	-740511.036625468	1385114373.56013	156816	-293242370.503685	548505291917.862	396	-740511.036625468	1385114373.56013	156816	-293242370.503685	548505291917.862	62099136	-116123978719.459	217208095604493	156816	-293242370.503685	548505291917.862	62099136	-116123978719.459	217208095604493	24591257856	-45985095572913.1	8.60144058595808e+16	
397	1	-1876.37339850098	3521720.43381635	397	-744920.23920489	1398123012.22509	157609	-295733334.964341	555054835853.58	397	-744920.23920489	1398123012.22509	157609	-295733334.964341	555054835853.58	62570773	-117406133980.826	220356769833413	157609	-295733334.964341	555054835853.58	62570773	-117406133980.826	220356769833413	24840596880.1526	-46610235190383.7	8.74816376238609e+16	
398	1	-1882.43350801327	3544495.70624999	398	-749208.536189282	1410709291.08749	158404	-298184997.403334	561462297851.301	398	-749208.536189282	1410709291.08749	158404	-298184997.403334	561462297851.301	63044792	-118677628966.494	223461994547526	158404	-298184997.403334	561462297851.301	63044792	-118677628966.494	223461994547526	25091827216	-47233696328629.8	8.89378738291157e+16	
399	1	-1888.49117460082	3567353.09080336	399	-753507.978665726	1423373883.23054	159201	-300649683.487625	567926179409.275	399	-753507.978665726	1423373883.23054	159201	-300649683.487625	567926179409.275	63521199	-119959223711.578	226602545584113	159201	-300649683.487625	567926179409.275	63521199	-119959223711.578	226602545584113	25344958400.1535	-47863730260849.2	9.04144156881364e+16	
400	1	-1894.66060168118	3590685.69434045	400	-757864.240672474	1436274277.73618	160000	-303145696.26899	574509711094.472	400	-757864.240672474	1436274277.73618	160000	-303145696.26899	574509711094.472	64000000	-121258278507.596	229803884436564	160000	-303145696.26899	574509711094.472	64000000	-121258278507.596	229803884436564	25600000000	-48503311403038.3	9.1921553775464e+16	
401	1	-1900.89041710212	3614333.80292333	401	-762257.057257949	1449347854.97225	160801	-305665079.960437	581188489844.545	401	-762257.057257949	1449347854.97225	160801	-305665079.960437	581188489844.545	64481201	-122571697064.134	233056584426260	160801	-305665079.960437	581188489844.545	64481201	-122571697064.134	233056584426260	25856961600.1527	-49151250522728.5	9.34556903560633e+16	
402	1	-1907.04049290943	3637744.73400714	402	-766630.278149592	1462373383.07087	161604	-308185371.816136	587874099993.173	402	-766630.278149592	1462373383.07087	161604	-308185371.816136	587874099993.173	64964808	-123890519470.079	236325388197997	161604	-308185371.816136	587874099993.173	64964808	-123890519470.079	236325388197997	26115852816	-49803988826973.1	9.50028060557496e+16	
403	1	-1913.17758956695	3661185.13167486	403	-771010.56859548	1475457608.06497	162409	-310717259.143979	594609416049.893	403	-771010.56859548	1475457608.06497	162409	-310717259.143979	594609416049.893	65450827	-125219055434.942	239627594668070	162409	-310717259.143979	594609416049.893	65450827	-125219055434.942	239627594668070	26376683280.1525	-50463279340293.3	9.65699206515089e+16	
404	1	-1919.57671021911	3685710.72583138	404	-775508.990928522	1489027133.23588	163216	-313305632.335123	601566961815.3	404	-775508.990928522	1489027133.23588	163216	-313305632.335123	601566961815.3	65939264	-126575475463.39	243033052577575	163216	-313305632.335123	601566961815.3	65939264	-126575475463.39	243033052577575	26639462656	-51136492087221.5	9.81853532415235e+16	
405	1	-1925.8004281917	3709629.01126737	405	-779949.173417639	1502399749.56329	164025	-315879415.234144	608471898574.548	405	-779949.173417639	1502399749.56329	164025	-315879415.234144	608471898574.548	66430125	-127931163169.788	246431118922367	164025	-315879415.234144	608471898574.548	66430125	-127931163169.788	246431118922367	26904200624.1507	-51812121083712.3	9.98046031630576e+16	
406	1	-1931.92523262857	3733266.0052377	406	-784361.6444472	1515705998.12651	164836	-318450827.645563	615376635237.844	406	-784361.6444472	1515705998.12651	164836	-318450827.645563	615376635237.844	66923416	-129291036024.048	249842913907756	164836	-318450827.645563	615376635237.844	66923416	-129291036024.048	249842913907756	27170906896	-52492160625799.3	1.01436223046143e+17	
407	1	-1938.06300148326	3757021.55439798	407	-788791.641603686	1529107772.63998	165649	-321038198.1327	622346863464.246	407	-788791.641603686	1529107772.63998	165649	-321038198.1327	622346863464.246	67419143	-130662546640.041	253295173429483	165649	-321038198.1327	622346863464.246	67419143	-130662546640.041	253295173429483	27439591200.1527	-53179656482479.2	1.0309113558624e+17	
408	1	-1944.65584102477	3782608.01196164	408	-793419.583138108	1543304068.88035	166464	-323715189.920348	629668060084.877	408	-793419.583138108	1543304068.88035	166464	-323715189.920348	629668060084.877	67917312	-132075797487.502	256904568522268	166464	-323715189.920348	629668060084.877	67917312	-132075797487.502	256904568522268	27710263296	-53886925374926.7	1.04817063956819e+17	
