# <P(U)> as a function of N_tot.
# number_of_species: 1
# species_total_upper_bound: 151
# species_total_lower_bound: 97
# volume: 729
# Bin widths for each
10	10	10	10	10	10	10	10	10	10	10	10	10	10	10	10	10	10	10	10	10	10	10	10	10	10	10	10	10	10	10	10	10	10	10	10	10	10	10	10	10	10	10	10	10	10	10	10	10	10	10	10	10	10	10	
# Bin lower bound for each
-350	-350	-360	-360	-390	-390	-390	-390	-390	-400	-400	-410	-420	-420	-420	-420	-430	-430	-440	-440	-440	-450	-460	-470	-470	-470	-480	-480	-480	-490	-490	-500	-510	-510	-530	-530	-530	-540	-540	-550	-550	-550	-560	-560	-570	-580	-580	-580	-590	-590	-590	-600	-600	-600	-600	
# Bin upper bound for each
-170	-180	-170	-170	-180	-180	-180	-190	-190	-200	-200	-200	-200	-210	-210	-220	-220	-230	-230	-230	-250	-250	-250	-260	-260	-260	-270	-270	-280	-280	-280	-280	-290	-290	-290	-310	-320	-310	-310	-310	-320	-320	-320	-320	-330	-330	-330	-330	-360	-360	-370	-380	-390	-390	-390	
# Normalized histogram for each
3.50875897041931e-05	0.000140350358816773	0.00107774301849301	0.00474088738361077	0.015232446048214	0.0369575735639019	0.0761367455706535	0.122926969798819	0.161542893655056	0.173502590941492	0.151684019634277	0.112669943970659	0.0734881865625612	0.0400349398524844	0.018847945159944	0.00762213251289931	0.00275382177720489	0.000602767856813087	2.95474439614258e-06	
6.01078602158317e-05	0.000312783494826828	0.00232639681205719	0.00878836282143327	0.0234672959440181	0.0525060710793999	0.0968096454563838	0.139556352046543	0.169044823025021	0.169151681443182	0.136146529605904	0.0952364520778953	0.0570234364999416	0.0293478482684669	0.0130686361266792	0.00517855188291582	0.00167745454343071	0.000297571011685784	
2.00339835721335e-05	9.34919233366229e-05	0.000842169309421166	0.00406393066757685	0.0145958700313866	0.0352160331228528	0.0724662575776688	0.117697056488414	0.154666063173828	0.168902063500308	0.157241543061935	0.118081041173546	0.0779681830660899	0.0443177686594297	0.020678039044008	0.00873184883988395	0.00320172737458355	0.00108331911167833	0.000132817891089329	7.41999391560499e-07	
5.42891372975975e-05	0.000323149626771414	0.00173134337177644	0.00761968354234036	0.0231873706478208	0.0496583108174984	0.0928089421226092	0.138117104992976	0.164273759068502	0.166882961483519	0.140200035158679	0.0981761804378881	0.0618124299226952	0.0327740198040864	0.0142366799570414	0.00560212192970923	0.00191710824293761	0.000567635401540187	5.53970788750995e-05	1.47725543666932e-06	
6.6335871786027e-06	0	1.2161576494105e-05	0.000154046635591996	0.000734116981098699	0.00353975582502661	0.0127619161337685	0.0351086286753758	0.0671311651822173	0.112498267896681	0.153072972407226	0.169110037944119	0.158386107204665	0.120896757797413	0.0804473543780201	0.0476254706161571	0.0234902692646742	0.00978343549057588	0.00379588599664488	0.00120547020340052	0.000212274789715286	2.72714139564778e-05	
9.27486851946387e-06	1.85497370389277e-05	4.56323531157622e-05	0.000350961024776513	0.00169433298113566	0.00587247575178374	0.0210112871439934	0.0481246957843126	0.0872249444991868	0.132113082164947	0.163745206747949	0.166741731269218	0.143582013581375	0.10354240618285	0.0635558510322558	0.0361248708938302	0.0169221831111322	0.00635551090427742	0.00221595158667031	0.000619932211840965	0.000117234338086023	1.18718317049138e-05	
2.88157799701888e-05	4.11653999574125e-05	6.77357944753788e-05	0.000828547231870103	0.00331119508021078	0.0102385834312259	0.0323687282174222	0.065292440872452	0.108137763379036	0.148308831812022	0.169732054411677	0.159794726861958	0.126854922277854	0.0840694767166627	0.0483113391591106	0.0258208100078327	0.0112695895847047	0.0039413999304679	0.00124955700416182	0.000282918566980035	4.75273254053763e-05	1.87115454351875e-06	
1.87604659949669e-06	8.77989808564453e-05	0.000217996614861516	0.00158338332997521	0.00630501741158849	0.0173669385808608	0.0469431884312461	0.084523778703044	0.127539651182904	0.160484905516665	0.168239731740345	0.147034026607594	0.107892190355695	0.0659970681143743	0.0361206508080696	0.0185604794274606	0.00770529859345282	0.00246887732493765	0.000748167383879282	0.000150834146599534	2.81406989924504e-05	
3.61043822822257e-05	0.000139528394028185	0.000625433205576472	0.00307601815298254	0.0111250388780262	0.0280749180975849	0.0647641161553195	0.104931745793557	0.143525450016679	0.166870694035293	0.162570135583238	0.13015742638937	0.0874154790769463	0.0506593374770634	0.026479555705489	0.0125507858908587	0.0050433309000484	0.00142800353672511	0.000455817826313099	6.24304943630153e-05	8.65000825511657e-06	
6.36069717730967e-06	5.1633894733455e-05	0.00031915733483795	0.00137914881150373	0.00584959645117997	0.0182252682062797	0.0418200873061811	0.0831545166749418	0.124234143997953	0.156828601286432	0.169384991673099	0.149913400978724	0.111033078244433	0.0688403289153926	0.0374061376237857	0.0190888263877638	0.00827489286902239	0.00304677394793133	0.000862435705511694	0.0002473188726001	3.33001205165036e-05	
1.6170215966396e-05	8.04750282978779e-05	0.000579119362517439	0.00279255869224319	0.0107163405673113	0.0278093869983943	0.0589539750527412	0.102832420154858	0.142070013274619	0.165590908578112	0.162094005362495	0.132411505672737	0.0915644119870187	0.0539927271633305	0.0271828851425799	0.0134107498091538	0.00542943204936805	0.00181971337352071	0.000516694807856469	0.00012635331545835	1.01533914207603e-05	
3.02080922192639e-06	2.60544795391151e-05	0.000269984824209671	0.0013503017222011	0.00555073694528975	0.0173247184889006	0.0399388739253943	0.0787287075429984	0.12198065398254	0.153991414104989	0.167182910375989	0.152356778714774	0.114372745957119	0.0736269383683174	0.0402579468994603	0.0193158093673028	0.00906393807039014	0.00326549476890243	0.00103424955735705	0.000308877742941974	4.94657510090447e-05	3.77601152740799e-07	
1.88599890989263e-06	1.13159934593558e-05	0.000146730715189647	0.0005375096893194	0.00256533571723596	0.00969478879641208	0.0254489148905272	0.0542451006463318	0.0989579856022843	0.139975444294193	0.163825786508695	0.16252256126196	0.138702395030016	0.0944651589991381	0.0572381809163314	0.0293084230597315	0.0135112961904708	0.00578624465555059	0.00227451468533051	0.000610309247241255	0.00015352031126526	9.80719433144168e-06	6.78959607561347e-06	
7.54051992638944e-07	3.95877296135446e-05	0.000345732838624956	0.00139914347234156	0.00543030542498936	0.0155195210864984	0.0383801153473333	0.0736294068212297	0.120039044812179	0.154260186394112	0.166153848474006	0.151027942527665	0.1190022233223	0.0769653328366644	0.0426586063535667	0.0207390689795452	0.00912365208493491	0.00352104577962755	0.00133090176700774	0.000382304360267945	4.29809635804198e-05	8.29457191902839e-06	
9.42170693441399e-06	0.000122105321870005	0.000578492805773019	0.00278618717464491	0.00960335744410949	0.0251307073403011	0.0530502399331888	0.0956872324941859	0.137058701379752	0.162087277416885	0.161838544353816	0.137329669671186	0.100219450397916	0.0601470464644668	0.0312476563504001	0.0143379536127912	0.00590288782854905	0.00200946165497182	0.000664041904737498	0.000168083251709946	1.99740187009577e-05	1.50747310950624e-06	
2.90319868398381e-05	0.000367612820374573	0.00142332143273232	0.00499500989161266	0.0157949089960324	0.0370960924830908	0.0705318923916211	0.115107680393267	0.150185107194013	0.166703930667091	0.151869339469514	0.122145863488582	0.0817193873722922	0.0449388763565384	0.0223203193367737	0.00946668994252798	0.00358677001048545	0.00132189799818795	0.000323876320719752	6.86210598032536e-05	3.77038790127767e-06	
4.54053906793328e-06	0.000162324271678615	0.000737837598539157	0.00236562085439324	0.00850064589168241	0.0244788028717396	0.0516894967493524	0.0904240787813799	0.133390821602977	0.160362380423012	0.161933785318772	0.137636225631494	0.105017749723973	0.0644703574690733	0.0334690702262475	0.015807508386754	0.00630907903489329	0.00227443169477891	0.000724215981335357	0.00019486480166547	4.38918776566883e-05	2.27026953396664e-06	
5.70142980456639e-06	0.000320800450336935	0.00145804564868778	0.00438744028227399	0.0143117290954226	0.0354507303341532	0.0700299020988484	0.112094291006299	0.148302171218498	0.16307457584213	0.152248320833899	0.122007557055158	0.0858376863749891	0.0493728617262637	0.0247320423015684	0.0105434640899245	0.0039932814351183	0.0012877629451914	0.000430647997904915	7.90598266233206e-05	3.19280069055718e-05	
1.56593682552523e-05	3.81935811103714e-05	0.000764635493829636	0.00249709633299608	0.00867987324314301	0.0239206398494256	0.0499923421869874	0.0893389875110809	0.12985702996783	0.15725710505641	0.161428607985285	0.138369615325709	0.104729854891127	0.0672222304974981	0.0374904372821295	0.0176660590067912	0.00715556742102809	0.0024470627417415	0.000802447139128904	0.000258188608306111	5.00335912545866e-05	1.83329189329783e-05	
2.0327666644677e-05	0.000163771955797681	0.00126721906781156	0.0047539892086938	0.0144740657327702	0.0350675262073483	0.0671231058833637	0.109735648283808	0.145745917974413	0.163374607445909	0.15386010883356	0.12161199163574	0.0862318796111202	0.0508571371588212	0.0271102035681575	0.0123028408105906	0.00415451481311587	0.00156331262723969	0.000453728861144394	0.000118897672827356	6.13665408141192e-06	3.06832704070596e-06	
0.000125063730712468	0.000529410884611061	0.00270306456012285	0.00876175014031307	0.0221520092102149	0.050022039605305	0.0866783725295597	0.127910273294942	0.155406263391122	0.162951135758981	0.1403387692578	0.104242537704221	0.0693094755724831	0.0381325453039528	0.0188067462291942	0.00795037041498524	0.00261751483021831	0.000980561029757879	0.000320331948297273	6.17646032046238e-05	
7.6127138411318e-06	0.000223052515545162	0.00100107187010883	0.00515380727044623	0.0146015657829828	0.0328351573395697	0.0667867191639413	0.106485118666983	0.144238469783616	0.160399499996955	0.155989074233095	0.124494515800949	0.0866452444899177	0.0532973708731478	0.0277506257650777	0.0128925115256488	0.00494902526811978	0.00153281993191189	0.000538980139952131	0.000143880291597391	3.38765765930365e-05	
6.06217441860906e-06	5.49384556686446e-05	0.000536881321948065	0.00241236653270524	0.00823281174637226	0.022763464941877	0.0489243997594832	0.085291384096719	0.125784814783522	0.154603634197787	0.159335540217412	0.14242093693179	0.107183411465921	0.0698112428328996	0.0399050208822964	0.0193451563415838	0.00908378948038451	0.00296894992151379	0.0009540346991286	0.000272418962936244	9.96469920058864e-05	9.09326162791359e-06	
8.62415159908644e-06	4.4995573560451e-06	0.000202105117909026	0.00115788609295561	0.00404472709997154	0.0135631657235719	0.0328838900473166	0.0647711281402692	0.105122783546169	0.14305667679942	0.159461687956447	0.152340013551167	0.127151866435139	0.0900537659607736	0.0559849924763651	0.0289482772132291	0.0131840780163251	0.00566606760059979	0.00170045771747204	0.000536572214708378	0.000124112790404244	3.2621790831327e-05	
8.97401573743226e-06	3.96352361736592e-05	0.000507405806487316	0.0022311646627191	0.00734485796376592	0.0212209297977706	0.0457872978789914	0.082315655020887	0.124238143455624	0.155149514580532	0.16057430709381	0.142885774240686	0.109128518375045	0.0726719533590489	0.0417878781986757	0.0205235739915076	0.00888315382809076	0.00338208218104478	0.000919836613086807	0.000329421161028243	4.52439960095543e-05	2.46785432779387e-05	
1.98965454716776e-05	0.000239884765215132	0.00105151365785225	0.0044087741513091	0.0123925445767085	0.0306249129526136	0.0609288533320519	0.100703549356009	0.140149013863387	0.163809385087877	0.154869454260282	0.126566055217043	0.0929011002789646	0.0575629584886734	0.0303275909900934	0.0145928021806614	0.00608233641004002	0.0020538490618028	0.000519938027891953	0.000159172363773421	2.32752041366795e-05	1.31392281416739e-05	
1.98481578475309e-05	7.63966830357795e-05	0.000678582302258983	0.00225744708499843	0.00781830172420573	0.019293532908433	0.0434816964407759	0.0790147674039321	0.120363723109959	0.152728204194852	0.16357278825049	0.144090510595733	0.110186112056707	0.0756630501825094	0.0441232038821499	0.0216955345015285	0.00974769246440345	0.00359850846711179	0.00122908781236975	0.000262894468093712	7.97671249344168e-05	1.83501836703588e-05	
3.48227093490737e-05	0.000223164890022021	0.00126597398181955	0.00436257404974256	0.0128057705348207	0.0289241917106225	0.0593779615684598	0.0963757797197783	0.136507641712513	0.162463291060561	0.15591999164255	0.13018114174303	0.0950989470436456	0.0595026493341935	0.0323892385097228	0.0149351979334033	0.00640400858061513	0.00235221785086969	0.000725660330306504	0.000100349312962922	4.38092149875443e-05	5.61656602404414e-06	
9.35663969146201e-05	0.000417880202953343	0.00241893366366123	0.00723406174711202	0.0194681477245659	0.0422618166717426	0.0773872385126745	0.115926901904766	0.149847516594988	0.16367372241795	0.145905426366414	0.113175453396292	0.0772921810178011	0.0457882633443016	0.0226643161992509	0.0103299538840679	0.00429398934685063	0.00141654306085879	0.00032766877644602	4.99517816197573e-05	2.64669887686774e-05	
7.44921960113154e-06	0.000234277956455587	0.000935249520922064	0.00406280437045714	0.012402578174904	0.0288716853300656	0.0589434399378735	0.0953313878454808	0.133071741571674	0.158885894716455	0.159000612698312	0.131324527114228	0.0957623251994063	0.061395350569586	0.0333240838856619	0.0159405850244614	0.00676128417096704	0.00273200128871499	0.000848466112568882	0.00013818302360099	8.93906352135784e-06	1.71332050826025e-05	
5.65602755314969e-05	0.000448711519216542	0.00187289925709963	0.00728383228294617	0.0193507785333393	0.0415258001582179	0.0751448508656362	0.114433503592332	0.147244496496657	0.161706581881557	0.148467329653648	0.115034173718476	0.0783389981591516	0.0472926858514094	0.0242888676557425	0.0110077608239399	0.00445657264337841	0.00148338749293939	0.000494713876648826	4.44940834181109e-05	7.54137007086625e-06	1.54598086452758e-05	
1.50629234799721e-05	0.000131047434275758	0.000874779281099382	0.00387493706522284	0.0116391209729745	0.0286941160831729	0.0563827820240577	0.0945318951756092	0.130803414915382	0.158504507768138	0.155679833042556	0.133295575605144	0.0986877557637335	0.0634540714517307	0.0353854432660636	0.0170135720706285	0.00695794092848613	0.00290865052398262	0.000910930297451316	0.000239123910244558	6.40174247898816e-06	8.66118100098399e-06	3.76573086999304e-07	
1.16753484809053e-05	3.6155917876352e-05	0.000391312486182602	0.00198254949688664	0.00693440374936868	0.0183992193334732	0.0405850178162052	0.074376112688957	0.111858500802398	0.145387465270546	0.160974432116699	0.14673427321144	0.117671694473455	0.0818129330471492	0.0483675791390899	0.0256518704849827	0.0117943617105817	0.00451346374823128	0.00168953591243037	0.000702027405432502	0.000117883357242689	0	7.53248289090667e-06	
4.72037624042047e-05	0.000151052039693455	0.000858353215558058	0.00390318470567888	0.0118794876616918	0.0277414623499015	0.055741601317778	0.0929985869081687	0.127890852817158	0.154896691733753	0.156362651778978	0.134578681874586	0.100328009504194	0.0652533482572749	0.0371720188180631	0.017811678890553	0.00796723983363128	0.0029761028120603	0.00105585375745725	0.000341377609707208	3.70077497248965e-05	0	7.55260198467275e-06	
4.52033756374147e-06	0	0.000111124965108644	0.000346182518423201	0.00179984773996306	0.00658462505118341	0.0178078698323595	0.0389890415716611	0.0733409701925174	0.112525893058607	0.14263322470711	0.15852371802285	0.148080608166216	0.118928197828053	0.0831787315104068	0.0502220804175586	0.0267227288976516	0.012378567723509	0.00522325005490327	0.00181905917460896	0.000565418890264662	0.000191360956865055	2.26016878187073e-05	0	3.76694796978456e-07	
7.52679067054296e-06	6.02143253643437e-06	0.000180266636559504	0.00071918484857038	0.00338780848081139	0.0110376621788177	0.0266026889459671	0.0550494416062171	0.0932610761428961	0.128111245966111	0.152852183239719	0.154445981164206	0.135247019861319	0.101621082540668	0.0670990807906894	0.0376000827946974	0.0191737465541411	0.00856661680167847	0.00345103352244395	0.00113729807031904	0.000330426110436836	0.000103493371719966	9.03214880465156e-06	
4.89531055812233e-05	1.47997761059512e-05	0.000318005445558644	0.00180784957355773	0.00637642661303329	0.0178079254698455	0.0375208477615339	0.0721811644387944	0.112077186524614	0.140419516730388	0.156598707865702	0.148590890548066	0.120685722959576	0.0838217575682829	0.0524701395542991	0.0280190120200746	0.0128701129905983	0.00518295748859184	0.00227612966880757	0.000695209995541093	0.000164694944358534	5.19889570901363e-05	
6.06126040121756e-06	2.27297265045658e-05	8.44788168419697e-05	0.000805389975811783	0.00333786033719549	0.0105318187758906	0.0269502578876886	0.0511585531013765	0.090598416874549	0.129593535665782	0.151025394786937	0.155314873007124	0.136325322998884	0.103897958681145	0.0673690152156577	0.0395872281666771	0.0197600877367443	0.00857213752242193	0.00303744911856015	0.00137060250822532	0.000482249030671872	0.000144333763303993	2.38662128297941e-05	3.78828775076097e-07	
0.000114505634206272	5.3662706459705e-05	0.000287586757857996	0.00165900902364863	0.00579141532742943	0.0166532006025339	0.0380865390502003	0.0699285530191319	0.109984740140234	0.140206291536635	0.156663358726123	0.149143777506861	0.12321788797192	0.0847534425382007	0.0523113132322409	0.0288459721603925	0.0136821006153072	0.00568484572727706	0.00183057852176627	0.000760725550023846	0.000239214740767558	7.48254639367717e-05	2.45639149287382e-05	1.88953191759525e-06	
1.84400750247624e-05	0.000115909043012792	0.000123435604247389	0.000545675689508275	0.00311298572662927	0.00956663565723438	0.0256791216201977	0.0524097038448685	0.0889688460577378	0.127169907603934	0.149184346559007	0.157014228211358	0.137798164723309	0.104660220919625	0.0686937954039806	0.0401195820048953	0.0204613330443134	0.00882338773531794	0.00367860680340923	0.00103565482588053	0.000570137013520715	0.000152036536938857	7.60182684694286e-05	1.27951540988147e-05	9.03187348151627e-06	
6.93323184689615e-05	0.000170316347543319	0.000282604558976745	0.00138928401192968	0.00569165581779165	0.0152715735610247	0.0368840398133303	0.0688914553569578	0.108088330880954	0.140691853640983	0.155396334053661	0.150828690768439	0.122701247416523	0.0872957946557594	0.0535867228610132	0.0302484847685563	0.0132481249187512	0.00593281170811847	0.00223822810709582	0.000707265009599135	0.000255474521314978	6.2173002974884e-05	6.14193908176127e-05	6.78250941544189e-06	
9.40888669348199e-05	0.000231861850660806	0.000561172884932676	0.00278794273572341	0.00922630948740609	0.0228060959131455	0.0511313252827613	0.0871128495149383	0.125830791627136	0.149307457401452	0.15783444765168	0.140254017538613	0.107191115024013	0.0701458638795453	0.040019504771463	0.0212155460197236	0.00864758828205303	0.00354326725083905	0.00142776121888393	0.000372995151063036	0.000164655517135935	3.73368519582619e-05	4.51775908694969e-05	1.08276870678959e-05	
2.02518960837708e-05	0.00018114195941595	0.000405787991900742	0.00145101085089091	0.00497184048856574	0.0148671419361638	0.0330784719719384	0.0677740953496771	0.104804312303739	0.139946227465546	0.154850122842751	0.152372640888503	0.12612393335326	0.0911669105019958	0.0546096128250007	0.0296210232683035	0.0150029046469476	0.00563865291887953	0.0020499419258128	0.000763196454268031	0.000155639571754906	8.06325492224209e-05	3.67534410409175e-05	1.80016854077963e-05	9.750912929223e-06	
0.00010253706528479	0.00033222009152272	0.000733046801272354	0.00268386107607244	0.00839536204346304	0.021066333278274	0.0472237250634518	0.0860658839794971	0.123649633457956	0.149018049133525	0.158222521837598	0.141604805744462	0.108930530951839	0.0736301887017577	0.0402817793126437	0.0219537449705569	0.0104393918321584	0.00360893183596903	0.00143551891398706	0.000472789086476778	6.15222391708741e-05	4.66077569476319e-05	2.42360336127686e-05	1.64059304455664e-05	3.72862055581055e-07	
6.70097265179575e-05	0.000200280467525739	0.000644641056223032	0.00152025977312528	0.00430546851778228	0.0130021330805682	0.030681844556901	0.0643708909748006	0.103461894675684	0.138490761267929	0.15488156498783	0.155323305084429	0.127535232516264	0.093149509556186	0.0567242950314721	0.0293154451055572	0.0160025965333136	0.00694205792485477	0.00215666499703884	0.000868880308649046	0.000241833985087154	6.73840825320243e-05	2.43331409143421e-05	9.35890035167004e-06	1.23537484642045e-05	
8.25592465793265e-06	0.000158738915013887	0.000342620873304205	0.00109128313205764	0.00284941981489466	0.00739130418466552	0.0205568771289497	0.0433968926951203	0.081690873413033	0.122137774120153	0.148461414622669	0.15694662882451	0.144289921054597	0.111454232343485	0.0759000928040985	0.0431919956558826	0.0218410486825608	0.011487368622908	0.0048432256197854	0.00135584799041412	0.0004067919240545	0.000112580790789991	3.15226214211974e-05	1.91387344342984e-05	2.02645423421983e-05	1.38849641974322e-05	
2.01975016438522e-05	0.000243492103150885	0.000656792831233417	0.00217833795507028	0.00483879775493548	0.0121933065479552	0.0301574881489289	0.0597528125021039	0.0993537547529584	0.136967113230934	0.15637616425506	0.153182340800674	0.130183744901066	0.095084227322133	0.0594109510853913	0.0317818909200261	0.0156882223879581	0.00777940438315708	0.00294546898972845	0.000851661319315768	0.000263315576986518	5.2363893150728e-05	1.2342917671243e-05	1.87013904109743e-06	1.53351401369989e-05	8.60263958904817e-06	
9.64165072592967e-05	0.000506939917074271	0.00123872614209307	0.00351242322929766	0.00804964847520683	0.019403445458952	0.0416025930014421	0.0773719873136968	0.118785890197417	0.146948549364687	0.15898818408171	0.144785957237019	0.114053195548118	0.0781949172682341	0.0452690566661657	0.022734711110157	0.0107511938133746	0.00538501258122432	0.00162514542509322	0.000484718925166855	0.000178521189222292	2.29742458703793e-05	6.7792856666693e-06	0	0	3.01301585185302e-06	
4.87541258178973e-06	0.000222768851814085	0.000759439267548016	0.00208592652153188	0.00557297161272273	0.0128110841379952	0.0277418476538577	0.0571765885688076	0.0956559698864516	0.135099557800079	0.154658963014745	0.155335145236666	0.132676852778666	0.0974133686063183	0.0619053637414066	0.0333556977259201	0.015798211923684	0.00692646115177497	0.00346116790133365	0.000933829025281264	0.00032552754776873	6.67556491968133e-05	4.50038084472899e-06	7.12560300415423e-06	
2.87196153083107e-05	0.000512040509773172	0.00126252940454034	0.00345731263757546	0.00902967378673796	0.0189277380468772	0.0378082398843658	0.0732603376444247	0.115755543169172	0.146641222095209	0.158932461667816	0.145953084996835	0.116527193885745	0.0804988143711443	0.0483812151042503	0.0249724612899264	0.0105695742128086	0.00463406108586598	0.00208330577887786	0.000512418399448281	0.000218798121888315	2.49407185572172e-05	1.88944837554676e-06	6.42412447685898e-06	
9.42471325028321e-05	0.000898539394738156	0.00209221124424614	0.00586059459802472	0.013491232951501	0.0278314410686949	0.0535988323869194	0.0915030765493234	0.131606170145738	0.158013390602547	0.155585869839078	0.131515302392488	0.0981071345830278	0.0656008855475589	0.0355766028301926	0.0167917600220185	0.00717292020797451	0.00296671949762899	0.00125187226997786	0.000295883427937178	0.000135550656707261	5.63229875514933e-06	4.13035242044284e-06	
1.71939284500832e-05	0.000280709571000272	0.00136542218756857	0.00354232304177041	0.00938078309373345	0.0198821617851484	0.0390515231017249	0.0715248734470799	0.109765665444278	0.145714058241816	0.159046454630643	0.147233852004382	0.115116341221733	0.0828519344851521	0.0505722027253872	0.0255931624979489	0.0114926460446676	0.00451004218866748	0.0020180439065652	0.000757280413910187	0.000180910029779137	9.90519791146099e-05	3.36402947936411e-06	
5.35017853882509e-05	0.000776711234028033	0.00232938542536538	0.00637868488870132	0.0141136213300768	0.0291603437283935	0.0522959374560387	0.0899323857156968	0.129518843104331	0.153931745190826	0.156201642617053	0.133324952634084	0.0973919563245845	0.066952807683904	0.0372245219260044	0.0181621725166941	0.00735593428334546	0.00292763266197946	0.00138880158993837	0.000383117679982999	0.000147784651946567	4.75155716385165e-05	
0.000143041907544135	0.00147299551789574	0.00369369312170103	0.0095707360906684	0.0195302623269072	0.0400326867565229	0.0681973769176672	0.109716130906874	0.141965171723117	0.158676798864031	0.148306447305864	0.117069904169392	0.0817658168682636	0.052631205469803	0.0272597540202059	0.0123587461163002	0.00459564144211639	0.00187298999042777	0.000810819794460357	0.000205039183398773	8.40324522126118e-05	4.07090546274431e-05	
0.000331994932238792	0.00270881066909633	0.00646385200469855	0.0143472428788576	0.028714956297259	0.0542339030842776	0.0863011893755667	0.126055349361394	0.148539817804754	0.157413610601209	0.134060074706304	0.102655661704608	0.0665791271957445	0.0392952477084161	0.0194693440643624	0.00815471857102235	0.00293473098733506	0.00116607637074455	0.000432114480189728	6.8855451193023e-05	6.69944930526711e-05	6.32725767719671e-06	
