# <P(U)> as a function of N_tot.
# number_of_species: 1
# species_total_upper_bound: 151
# species_total_lower_bound: 97
# volume: 729
# Bin widths for each
10	10	10	10	10	10	10	10	10	10	10	10	10	10	10	10	10	10	10	10	10	10	10	10	10	10	10	10	10	10	10	10	10	10	10	10	10	10	10	10	10	10	10	10	10	10	10	10	10	10	10	10	10	10	10	
# Bin lower bound for each
-360	-360	-360	-360	-390	-390	-390	-390	-390	-400	-400	-410	-420	-420	-420	-440	-440	-440	-450	-450	-450	-450	-480	-480	-480	-480	-490	-490	-490	-500	-500	-500	-510	-510	-530	-530	-530	-540	-540	-550	-550	-550	-560	-560	-570	-580	-580	-580	-590	-600	-600	-600	-610	-610	-610	
# Bin upper bound for each
-170	-180	-170	-170	-180	-180	-180	-190	-190	-200	-200	-200	-200	-210	-210	-220	-220	-230	-230	-230	-240	-240	-250	-250	-260	-260	-270	-270	-280	-280	-280	-280	-290	-290	-290	-310	-320	-310	-310	-310	-320	-320	-320	-320	-330	-330	-330	-330	-360	-360	-370	-380	-380	-380	-390	
# Normalized histogram for each
1.81956303193788e-06	4.73086388303849e-05	0.000128506639130613	0.00127278434084055	0.00511047022057653	0.0155433897549503	0.0395623041126673	0.0793647905455505	0.125916718600028	0.162090541456469	0.172544158520331	0.148962166735658	0.110272115651426	0.0714546951549585	0.038255175519599	0.0194383918701924	0.00714360446338812	0.00241910905096141	0.00047012959837695	1.81956303193788e-06	
1.57338973821531e-05	9.8507879262176e-05	0.000355266842339051	0.00258013114317482	0.00902076783243445	0.0244203769020914	0.0553456942479607	0.100186389677104	0.142861735982466	0.169536392732672	0.167188849637756	0.133342043983768	0.0923935499229723	0.0551115100072148	0.0281096337969588	0.0130760088620607	0.00473704324951955	0.00139005562958848	0.000230307773274995	
2.50424355453241e-05	0.00012521217772662	0.000884680950264812	0.0045324531751987	0.0149523829471031	0.0362721466193623	0.0756311149074432	0.121021212308858	0.157465924074978	0.169947301609272	0.155024969584824	0.114589631885304	0.0750835962030204	0.0419836431917358	0.0200548930187153	0.0086075404139378	0.00286348867535533	0.000836872664223739	9.74378401218064e-05	4.55317009914983e-07	
5.40582721031043e-05	0.000329099522636053	0.00184793340201825	0.00840888862751928	0.0234217076759354	0.0516568634214363	0.0960303359642446	0.139907105722373	0.167067429212502	0.166651022187641	0.137999459417279	0.0951889268754432	0.0593765656259507	0.030663480470601	0.0138276083964484	0.00542346965894659	0.00168485384475324	0.000426359175373856	3.39277858387684e-05	9.0474095570049e-07	
4.05552189722722e-06	0	2.36572110671588e-05	0.000138113051277794	0.00076446587762733	0.00377794395403922	0.0140167849039055	0.0352981360596054	0.0700969923123076	0.115804526548235	0.154830363151708	0.171238779441118	0.156806979463062	0.118697916115134	0.0775490137984626	0.0449752872267057	0.0219360926353299	0.00938064745505862	0.00343728011467213	0.00105263323910253	0.000153659218550498	1.66727011330452e-05	
5.6627924860633e-06	1.13255849721266e-05	5.00590855767996e-05	0.000386881982647845	0.00170744519039781	0.00681415145432969	0.0224257908033079	0.0494456918947092	0.0897645478837805	0.135056468234113	0.165199739149127	0.167220676531553	0.141857482009875	0.100797932763626	0.0610788797546788	0.0338424334786104	0.0156037114394977	0.00608501029382418	0.0020578587894354	0.000504894578057404	7.61079310126908e-05	7.24837438216103e-06	
1.75427125180012e-05	2.77949471064435e-05	9.40927307783702e-05	0.000875996488723567	0.00347619100778783	0.0116791178157181	0.0336056858437373	0.0663194272782801	0.110548022947691	0.150533788289533	0.170510381298831	0.158847894885889	0.125459100760556	0.0816178117311536	0.0464957064780681	0.0243859651920688	0.0104089798639278	0.0037288516335341	0.00110792481785766	0.000228510917604613	3.00732214594307e-05	1.13913717649359e-06	
1.55094736654839e-05	7.36699999110486e-05	0.000230133219536372	0.00157010612813517	0.00664147593625333	0.0196375025459485	0.0483822592604672	0.0863257304220835	0.130131554548758	0.161291911786675	0.168228523883563	0.145125338214864	0.106234192596188	0.0637767803564305	0.0349157025894207	0.0173984363257418	0.0069081020350026	0.00235903656061912	0.000622431671075083	0.000114268328035404	1.73341176261291e-05	
3.29111262461661e-05	0.000135301296789794	0.000704160971975262	0.00314964049165566	0.0116039145956274	0.0303991388255299	0.065493826878334	0.106089244004004	0.145954902615063	0.167204976893647	0.162258708878233	0.128319109936875	0.0865960296382976	0.0487752032947694	0.0254060181651133	0.0117698415237851	0.00433809782832277	0.00138226730233898	0.000338710340950126	4.27387542224518e-05	5.25663821987375e-06	
3.86527383418794e-06	7.8669690978178e-05	0.000303310311459218	0.00159749493876497	0.0060689346577732	0.019014873573714	0.0440759449002941	0.0842170410373849	0.125683926099602	0.158699276238843	0.167886122666511	0.148847375342645	0.109629170175729	0.0684783280917189	0.0361769167665575	0.0179626096146186	0.00766688433463631	0.00263429780252361	0.000777374778769915	0.000173937322538457	2.36463811032674e-05	
2.00598467290938e-05	8.61661598136076e-05	0.000684998175237806	0.00320045736450542	0.0111564661206285	0.0291563033623266	0.0608146166985003	0.104332174649232	0.142707117347596	0.166665412926246	0.160331288368731	0.131507796099864	0.0903522851014835	0.0531882276965848	0.0262410149552996	0.0125057187659638	0.00493016323928229	0.00156899914814037	0.000457273324301843	8.6622065421087e-05	6.83858411219108e-06	
1.82436017978157e-06	4.65211845844301e-05	0.000245604489203094	0.0015267614254547	0.00612483321357169	0.0185678818197719	0.0422166067402355	0.0803350163816142	0.123233705784066	0.155251683029277	0.166627708975328	0.150270495603406	0.113449434094874	0.0716923380749215	0.0391120018042922	0.018721356119896	0.0083715327749727	0.00296914619259451	0.000943650302992019	0.000250849524719966	4.08200590226127e-05	2.28045022472697e-07	
1.13736141251189e-06	6.82416847507131e-06	0.00013011414559136	0.0005550323693058	0.00284909033834227	0.0105048974782423	0.0272348014394446	0.0578355102430769	0.100573230151906	0.140313092849636	0.164659451245866	0.161946844277025	0.135553462810557	0.0934508455144741	0.0551897801252917	0.0282188465335499	0.0129329366216726	0.005310795379583	0.00200357586428094	0.000577779597556038	0.000136255897218924	1.16010864076212e-05	4.09450108504279e-06	
4.53688807587855e-07	2.54065732249199e-05	0.000271532751341331	0.00139872259379336	0.00567859596017338	0.016673744212065	0.0401841250656715	0.0766870191465751	0.120727499076743	0.154142587133204	0.16625970780626	0.150735157343815	0.116991144901853	0.0756172209382829	0.0412861351793024	0.0198398115558169	0.00867657160071392	0.0032499997731556	0.00113807837383413	0.000368622156165132	4.28735923170523e-05	4.9905768834664e-06	
5.65913277638412e-06	8.91879325558138e-05	0.000560706875484139	0.00277976601975988	0.010135733167815	0.0259801731151353	0.055948676645755	0.0982058738176374	0.137557898587435	0.161736882922503	0.160939397931655	0.136639081789861	0.0979684166063403	0.0591533303543658	0.0304296096692395	0.0135755804346123	0.00558850679933485	0.00187226748773892	0.000617977299181146	0.000196258724685001	1.81092248844292e-05	9.05461244221459e-07	
9.03623575719815e-07	3.16268251501935e-06	2.68828013776645e-05	0.000266117143049486	0.00135498355179186	0.00511609077983166	0.0163720778507855	0.0384277220869548	0.0743440483510903	0.117654500429447	0.15037922822414	0.165390448969892	0.150695496475642	0.120102642601966	0.079988984828612	0.0442156569953341	0.0215552626811144	0.00901070839118407	0.00345297158871934	0.00119910848498019	0.000319430934016955	0.000115437911798206	8.13261218147834e-06	
4.07935709332209e-06	1.51842736251433e-05	0.000122154081850034	0.000569296945468061	0.00243582944661255	0.0086604751091228	0.0253502581326516	0.0533310216976471	0.0938152413846245	0.13483227043418	0.160447233515998	0.161488149467644	0.13612678641846	0.102808637358752	0.0630677671865581	0.0326103806040168	0.0152853510286779	0.0059186938805111	0.00215412717622369	0.000701196158152142	0.000198528711875008	5.59778445583643e-05	1.35978569777403e-06	
7.7178236554473e-06	1.49816576841036e-05	0.00026535693685935	0.001283882664565	0.00463931999617741	0.0145328889380207	0.0370391976913719	0.0721893445456665	0.114593337656828	0.149172138565806	0.163192700209993	0.151397822711149	0.120590540626737	0.0834083362029261	0.048347398310296	0.0237786146824331	0.0101757234948939	0.00366301530376332	0.00118060002447004	0.000402007814523446	9.96507230806283e-05	2.5423419100297e-05	
9.55204328440185e-06	2.41075378130142e-05	5.54928228903346e-05	0.00064203376647301	0.00250195305170726	0.00851769345446234	0.0240470415388797	0.0515375946817862	0.0924503606464914	0.132283745720059	0.158901651480055	0.160476146614767	0.137460270891399	0.102713803725979	0.0658035713270404	0.0358817957386515	0.0166776401449636	0.00674192312197163	0.00224927876387463	0.000722088986380378	0.000231068475641721	5.66299709003824e-05	1.45554945286123e-05	
2.62299688570439e-05	3.10197892570259e-05	0.000198663503256394	0.00121935142182397	0.00467189958346809	0.0143831464010886	0.0354284768051807	0.0685181527350559	0.112366905716719	0.148344387174412	0.163683672962011	0.152635610079424	0.12043182283686	0.0849682206820795	0.0501172593651253	0.0258130263955598	0.0113475407009286	0.00392879316141375	0.00138015253525194	0.000387063105655683	0.000109253522456731	7.52686062854304e-06	1.8246934857074e-06	
1.4363436436208e-05	0.000118555348362352	0.000501124337885479	0.0026239490467352	0.0086552244036153	0.0225008931549562	0.0505298854094161	0.0883563372507516	0.130660533403311	0.157862146120835	0.161428838178105	0.139908306557684	0.102669387663906	0.0677343183762842	0.0376515827025011	0.0177085211884626	0.00736205914224749	0.00252112508113632	0.000864086096717909	0.000274045247560667	5.28939246539723e-05	1.82392843634387e-06	
2.35671618792092e-05	0.000217089818079639	0.00100160437986639	0.00501617976305938	0.0139852977167046	0.0337629052872021	0.0668548262828241	0.108680646827951	0.146338025615692	0.16218535572818	0.154443316443534	0.123034181449018	0.0859616761690672	0.052417446951225	0.0271924258767437	0.0120058827261768	0.00470822040734933	0.00149810103061012	0.000493777362834586	0.000146841547093534	3.0365381652058e-05	2.26607325761627e-06	
1.58066280352677e-06	0	3.61294355091834e-06	8.9420352885229e-05	0.000491134513952962	0.00236399412716026	0.00827951176487325	0.021921534995197	0.0491439356065071	0.0857464409118889	0.127284001298853	0.157191722204383	0.160690632224476	0.141396610426684	0.105344401585902	0.0694319684987452	0.0392074376055939	0.0191183424176283	0.00821583363478831	0.00282690251962167	0.000881332417452143	0.000273906282953997	8.76138811097698e-05	8.12912298956627e-06	
2.90635024113764e-06	5.14200427278199e-06	2.34743673322656e-05	0.000237650023563793	0.00108764568639497	0.00414221978983064	0.0137872784131507	0.0319059129472091	0.0655621194357925	0.105717595759769	0.144238138290404	0.162100566872436	0.153294549207192	0.12610989044401	0.0876964357414904	0.0549876994315179	0.028561150950466	0.0129777480882922	0.00521756937905156	0.00166533868817187	0.000483348401641507	0.000167674052373326	2.7274979186061e-05	6.70696209493302e-07	
1.38453368682116e-05	1.20588417884424e-05	9.28977441480004e-05	0.000552250291533666	0.00206876130237278	0.00754325216244064	0.021258844825484	0.045606762955774	0.0833355292335355	0.125460859902609	0.15669169695148	0.161587140093818	0.142477895473066	0.107887331114804	0.0709749930884972	0.041271386020944	0.0201293333112999	0.00864864599304785	0.0030881800572661	0.000949075511127408	0.000274896930399492	5.71678425526156e-05	1.71950151427789e-05	
4.476720605181e-06	4.23050097189604e-05	0.00026390267967542	0.00115678460437877	0.00407762096322911	0.012571302967439	0.0307085126632996	0.0610586638421544	0.102740290216843	0.140984019002784	0.1641288883676	0.155875830095918	0.126606135435124	0.0908698178601455	0.0565085250190484	0.0301124373147197	0.0141007745621991	0.00557799387405552	0.001861196591604	0.000558918567556848	0.000147955616001232	3.49184207204118e-05	8.72960518010295e-06	
7.8408232237119e-06	1.43375053233589e-05	0.000116044183710936	0.000642499457303021	0.00229153659300997	0.00721714174214579	0.0199275642348241	0.0438810551597433	0.0797501331259772	0.122158233637266	0.153556250177819	0.163959006383998	0.144327377219989	0.109512777965584	0.0737288289372078	0.0431670921993442	0.0214607812103408	0.00943833494966304	0.00331868443531623	0.00111720529761861	0.000301535658831892	8.96094082709932e-05	1.61296934887788e-05	
8.95540766694839e-06	5.21652496599744e-05	0.00025948293714983	0.00114808326290278	0.00435859691150378	0.0124961519732681	0.0292564213071537	0.0598749601204502	0.0982238068318566	0.139531296351231	0.162011608447188	0.15673082843118	0.130014384623565	0.0927650380884682	0.0578714115401622	0.0316271416017866	0.0147081376670044	0.0061467679374017	0.00206892305625675	0.00066807341195435	0.000131644492704141	4.23143012263311e-05	3.80604825845307e-06	
3.77186425841689e-05	0.000111816804347152	0.000447713591857058	0.0022809735337882	0.00726630678469105	0.019143438641254	0.0423709804816068	0.0778361015617973	0.118424485603642	0.151913060537529	0.164161799139078	0.145931196285807	0.111672179019373	0.0752493615171197	0.0446807451686101	0.0224251837333109	0.0102739779531186	0.00409213793953099	0.0012837729712671	0.000309114319402805	6.80721064388847e-05	1.98636638461008e-05	
6.70296096597711e-07	3.57491251518779e-05	0.000264543526123897	0.00095159702513655	0.00402937326868104	0.0122248602097491	0.0285615401080607	0.0590117511843015	0.0967525494712034	0.135682229601437	0.159422553318703	0.15948623144788	0.130427555068176	0.0940452235370453	0.0600605411434447	0.0330069438206967	0.0158788676643354	0.00671994180042425	0.00251048231379063	0.000743581803159061	0.000163328815537642	9.60757738456719e-06	1.02778734811649e-05	
4.73209044602206e-06	0.000121456988114566	0.000512868469292676	0.00180855990094157	0.00727254700261504	0.0190187221778432	0.0412676594291972	0.0758056102312302	0.115993677025814	0.149126872978299	0.162906945694755	0.148957419072803	0.113702894574658	0.0762402865393434	0.046180245325089	0.0239220692304832	0.0109336076443541	0.00435126983393743	0.00135765928272776	0.000442337787882919	5.88131241148456e-05	4.50675280573529e-06	9.23884325175735e-06	
4.21938276714304e-05	0.000325206682425014	0.000998512443139328	0.00373370487841445	0.0117240487760648	0.0286089862080048	0.056025323478531	0.0949480073291576	0.133499699705631	0.159639673689096	0.158089948263185	0.133348654779977	0.0962831726526541	0.0609974620861526	0.0344025578436979	0.0166441184048579	0.00691350355101458	0.0027078113343394	0.000810211265392892	0.000235432580996439	1.6383773510715e-05	5.16201083214308e-06	2.24435253571438e-07	
6.94421888177915e-06	0.000133508208178722	0.0005790582519161	0.00196185383763296	0.0066232167637924	0.0185966181654046	0.0406185282960119	0.0744258979043019	0.113348020729613	0.147349604459533	0.16177991530293	0.14847098380541	0.117407028669544	0.0795142182881604	0.0466875515916262	0.0247592764123925	0.0112984681277154	0.00427719081705455	0.00151675180801699	0.000527760635015216	0.0001052833185302	7.84024712458937e-06	4.48014121405107e-06	
3.04674718293499e-05	0.000278463731499132	0.00114028993831905	0.00381470669345713	0.0114494966930472	0.0277914868955147	0.0561920992020883	0.0933093207837219	0.12969913147543	0.156176708648304	0.157554689671998	0.136122167393219	0.0996293049585586	0.0629258585274309	0.0353174004884205	0.0172289072684411	0.00749567014660455	0.00262737139422511	0.000895878087099781	0.00026524622533787	4.74934119692807e-05	3.36038292235477e-06	4.48051056313969e-06	
2.68755313516511e-06	2.01566485137383e-06	9.89915404785815e-05	0.000494733739631644	0.00202507128734691	0.00644139297670698	0.0173922761514597	0.039500984092373	0.0736284296537446	0.112909482314557	0.144654859947127	0.160178390818602	0.14908417147664	0.119665542970839	0.0812028502396849	0.0486523264803715	0.0254623263280768	0.0116053023631655	0.00473524466139966	0.00158184898280593	0.000505036026649777	0.00015251864042062	2.08285367975296e-05	2.46359037390135e-06	2.23962761263759e-07	
4.46562041645929e-06	2.67937224987558e-05	0.000187779338512113	0.000940459659706327	0.00367096326335036	0.0109066080241394	0.0262163177789076	0.0554150001529475	0.0932053129272343	0.128558290078218	0.156294258484846	0.155797904775557	0.135641433901784	0.101912602896267	0.0646929964112042	0.0364586647660986	0.0180290493073711	0.00776593718524354	0.00295333806242535	0.000931528418873409	0.000308351089756514	7.5692266058985e-05	6.25186858304301e-06	
4.09564178706803e-05	4.52320878681689e-05	0.000360281456104172	0.00196185742305819	0.00648844173882047	0.0174640866223737	0.0374748973164095	0.072482282973742	0.112848208314243	0.14109013382397	0.160959847408089	0.14902510223352	0.119799547589107	0.0831885606474535	0.0505174910908539	0.0267985493326804	0.0122281911575544	0.00462334947886334	0.00183223711155538	0.000567088862824805	0.000169451553058364	3.42053599799089e-05	
3.60659366470265e-06	2.43445072367429e-05	0.000118341354623056	0.000924640450788142	0.00354190039084205	0.0104232811030947	0.0260048927951304	0.0513989187883017	0.0908945005983564	0.130215613439881	0.152181572154753	0.158480037165948	0.137157179183914	0.103315158355384	0.0661541697069124	0.0380721043730174	0.0188086113735284	0.00792301004503959	0.00275115472985599	0.00109189623198873	0.00038568011001914	0.00011338228833409	1.57788472830741e-05	2.25412104043916e-07	
7.13561414188967e-05	9.15512757827354e-05	0.000299561159730274	0.00172376691314454	0.00616826720586179	0.0166129663084573	0.0376809792575775	0.0703338188393228	0.110224594577068	0.141519423568036	0.157653540801689	0.151155644124932	0.122174728751297	0.0846932325431576	0.051137221674585	0.0278982317813522	0.0127664663832915	0.00518947636036108	0.00171322056519898	0.000628068678715383	0.000192302557220108	5.5873205073287e-05	1.45853748183279e-05	1.12195190910215e-06	
1.09930023931093e-05	8.43544673430429e-05	0.000161754178070037	0.000631312423147135	0.00326424866979062	0.0101846801967344	0.0252446447813189	0.052656257116006	0.089017968174585	0.128083284780906	0.150112139841759	0.157533986886021	0.139293903752001	0.104367340373192	0.0677471815848813	0.0387606533971406	0.0196068049825671	0.0084139094234933	0.00325258262643467	0.000961102494940415	0.000444655729451891	0.000106340472129262	4.68885204114255e-05	7.62779757889218e-06	5.38432770274742e-06	
4.13148634936702e-05	0.000156727036514031	0.000366444876204727	0.00153493699371049	0.00584021521451283	0.0160443128855446	0.0364498137799889	0.0691640004733246	0.107845265956575	0.141045575907866	0.156848062119592	0.151921489185273	0.12367155312227	0.0860278745096947	0.0524633650552148	0.02907668240748	0.0130227144179668	0.0055644834081529	0.00202218293817388	0.000590084028594376	0.000221169242072093	4.10903261920741e-05	3.65995801601535e-05	4.0416714287286e-06	
6.5353091825778e-05	0.000254720924454056	0.00072624459721752	0.00306044291106314	0.00944564072572713	0.0235190833258612	0.0497049296751661	0.0868205787741188	0.125461207698371	0.150879099456699	0.157880802205856	0.141416953171945	0.107208735990907	0.0700319717139328	0.0394926726470322	0.0203903876977377	0.0085032625244851	0.0033109259217128	0.0012912254217728	0.00034349406625153	0.000132713616506273	2.60966271113175e-05	2.69888194911916e-05	6.46839475408724e-06	
1.38314715503362e-05	0.000128721920718451	0.000484993857265014	0.0015725490799729	0.00536237228476501	0.0151189138457715	0.033762175877869	0.0665739958072794	0.104641774925818	0.140979950835811	0.156180961157882	0.15253681458087	0.126452890119444	0.0899895617007445	0.054462311582452	0.0288582499485224	0.0142453002555922	0.00561669289069055	0.0019821391084635	0.000752030493486827	0.000165085305600787	7.9642505539839e-05	2.25319133319993e-05	1.07082360389699e-05	5.80029452110872e-06	
7.69896214884024e-05	0.000301967939036645	0.000934525319046545	0.00288100932284411	0.00883916291203592	0.021819568720559	0.0475483021125997	0.0848243693673605	0.121903857934402	0.150799815668653	0.158689809702512	0.142958189754345	0.108848015609147	0.0730429604306626	0.0402107696277496	0.0212289451689678	0.00977368823108246	0.00351534167971829	0.00126112106207516	0.000414457097810766	6.7005376626794e-05	3.57214093937544e-05	1.44216870223232e-05	9.76237275357264e-06	2.21872108035742e-07	
4.10743541279837e-05	0.000151420051433972	0.000540627309738596	0.00168515863692647	0.00495978376683799	0.0142803318008529	0.0317029627042644	0.0642673767275374	0.102627049082965	0.137425019876657	0.15625750023257	0.155236191967766	0.128557177832193	0.0923966485991314	0.0563953102412574	0.0289065762705241	0.0151966229332107	0.00630702258223585	0.00200509455205308	0.000765537151531285	0.000198489041029283	6.63850372122547e-05	1.77618828661551e-05	5.55058839567347e-06	7.32677668228898e-06	
4.89849865469414e-06	0.000107766970403271	0.000289679397716231	0.000951422034159458	0.00291750126692988	0.00816624257543465	0.0223278021861554	0.0444984070973011	0.0815715808702049	0.120955287394916	0.148375969568745	0.156933424059466	0.144556699231292	0.111375605298572	0.0753395772862852	0.0432764543419847	0.0216660595497122	0.0106341952612815	0.00416773171902568	0.00126136340358374	0.00043195851773212	0.000105317721075924	5.34381671421179e-05	1.13556105177001e-05	1.20235876069765e-05	8.23838410107651e-06	
1.20091376193797e-05	0.000178357932791528	0.000606906232653468	0.00183250544414239	0.0050322734453949	0.0132758792467869	0.0317481568197669	0.0606970726170313	0.0997078666078367	0.135741506426223	0.155086892782419	0.153815480934827	0.129693126503366	0.0948310447771816	0.0598050605616362	0.0315933723793393	0.0155322627706059	0.00708161054099831	0.00254104456368579	0.000803500263311462	0.000262199504689791	8.16176575243029e-05	2.49078409883431e-05	1.1119571869796e-06	9.11804893323275e-06	5.11500306010618e-06	
6.07699553340828e-05	0.000387242124136163	0.00119721247771306	0.00306289446410104	0.00827558154518479	0.0203679155040347	0.0438419741630103	0.0775768401708035	0.118846515275549	0.146295239516795	0.157669201631385	0.144264990717057	0.114239531654382	0.0778026205158038	0.0457007807164955	0.0228049237858263	0.0107742469349431	0.00476755824766951	0.00143297328983033	0.000440027705776717	0.000147045548855828	3.59296816208811e-05	6.21006842830044e-06	0	0	1.7743052652287e-06	
4.41778653873935e-06	0.000162574544625608	0.000687849364081717	0.00206354809224515	0.00521232544773162	0.0131689798933281	0.0300276951038114	0.0593933848947926	0.0959366524752637	0.134440533721627	0.153733670204283	0.154797031424157	0.130690274728891	0.0976732843636421	0.0612428912292359	0.0336701601050019	0.0161326519928414	0.00683696644735302	0.00301712731663204	0.000778413988125873	0.000260870295112559	5.30134384648722e-05	1.14862450007223e-05	4.19689721180238e-06	
1.5506784993774e-06	5.91473084762524e-05	0.000407606919836346	0.00118028786352611	0.00351848951508733	0.00864303890452982	0.0199534663534887	0.0408413272656022	0.075556588356664	0.115333485595194	0.146541111920664	0.156939740411989	0.145300569121162	0.114998760564828	0.0802385297972842	0.0477152635278423	0.025150676106902	0.0108261727061533	0.0044154462642272	0.00176467213229148	0.000417797092832254	0.000158612257936317	3.27857739868365e-05	1.10762749955529e-06	3.76593349848798e-06	
2.06607029034881e-05	0.000145064509747895	0.000817196738246478	0.00216453832120799	0.00576257775237928	0.0133936303492538	0.0286700221992659	0.0560498494406225	0.09362441479658	0.131048200980284	0.156727256742203	0.153254939886146	0.132243664417434	0.0976653405719058	0.0642855572894916	0.0350574763171198	0.0175930281117436	0.0072730070114513	0.00276655603666176	0.00105655317933051	0.000262434885816647	0.000105061872211355	1.05501461634833e-05	2.41774182913159e-06	
5.38750796129719e-05	0.000372326967203818	0.00133597110376297	0.00357843949850371	0.00898405123149271	0.0200801364544527	0.0403849341720687	0.0731119729185025	0.111450962771666	0.14562194089882	0.158374412172714	0.144968678293796	0.115432920072939	0.0820225184745718	0.0495615833602345	0.0255614350401773	0.0119705192074474	0.00456084175994835	0.00175519338318051	0.000584773637418533	0.000158571590601743	6.54353193679821e-05	8.50659151783767e-06	
4.78873723828735e-06	0.000161293376980497	0.000823445135110956	0.0022605016463461	0.00624190132023309	0.0142948159960367	0.0293660604342993	0.053726366765467	0.091309247291044	0.129584753357177	0.154322281580797	0.154557365045222	0.132301708730282	0.0979246701158635	0.0658255467377489	0.0367185134540661	0.0183695960460703	0.00764674269004702	0.0029411553438063	0.00116366314890383	0.000307785202497196	0.000111446975727415	3.09091221744002e-05	5.44174686169017e-06	
3.26094683547936e-05	0.000374791489624428	0.00143329483242103	0.00389704886485354	0.0095595743464356	0.0200324312032611	0.0404383495174125	0.0699899193263493	0.110268047655912	0.142150542262849	0.159149423323292	0.145504534781368	0.117304953530421	0.0821386854601555	0.0513603474517114	0.0265180196661182	0.0124205117034295	0.00463228367802628	0.00186852253672967	0.000669581083551762	0.00017217799291331	5.52186997474505e-05	2.84789356965198e-05	6.52189367095873e-07	
5.99510911639667e-05	0.000787155662683562	0.00278090819626645	0.00664223461307631	0.0148343239692038	0.0296212497832995	0.0544862353809697	0.0871489749986635	0.126678170638986	0.150616619697764	0.156456764982849	0.131791544212415	0.101958625955619	0.0662961674804071	0.0382113537843748	0.0187610122254776	0.00839986209084733	0.00283609782892642	0.00116071372531535	0.000369662323855794	5.95182312999669e-05	3.89573877599783e-05	3.89573877599783e-06	
