# lnPI (bias) matrix in single row (vectorized) notation.
# species_total_upper_bound: 151
# species_total_lower_bound: 97
# volume: 729
0
4.04843181659825
8.09517725824698
12.1444196019387
16.2008538914451
20.267823299101
24.3357063050092
28.4056984706865
32.4782274179077
36.5559584839606
40.6410604646836
44.7276313762982
48.811880197742
52.903306138714
56.9980854228212
61.0959238880389
65.2050010442056
69.314873981374
73.4270172098981
77.5394166432412
81.6555720729668
85.7710810464752
89.8894316730149
94.0075545291222
98.1404680621159
102.276849677823
106.410922792731
110.54546422307
114.688903350368
118.838645966259
122.994208977991
127.140340209029
131.290394621896
135.446023648255
139.604265448863
143.765887871989
147.941604732572
152.115917347244
156.285790243621
160.46375466738
164.642881924607
168.818873841545
173.000170227614
177.18440610052
181.378291960209
185.574346367104
189.772740382126
193.973952498451
198.174406888133
202.382505351241
206.581073311588
210.786948693457
214.999525074444
219.216346945659
223.437752975864
