# lnPI (bias) matrix in single row (vectorized) notation.
# species_total_upper_bound: 151
# species_total_lower_bound: 97
# volume: 729
0
4.05107770500184
8.10066369069064
12.1516849693302
16.2101761518633
20.2763932067052
24.3443744067018
28.4150754133293
32.4875383218732
36.5669944629869
40.6519413620231
44.7400356624415
48.8265520225478
52.9197476981251
57.0159622142425
61.1146097583112
65.2225945339201
69.3325276858371
73.4426739398037
77.5554670041438
81.6718412938943
85.7892481600241
89.9118989484929
94.0338241379963
98.1677640557405
102.305958380325
106.43990694572
110.576868178271
114.722274131628
118.870917599367
123.025586138829
127.17197707338
131.321606379152
135.477963812172
139.636199168334
143.797666052676
147.973490250434
152.147540475331
156.318034784967
160.498815518331
164.676208224193
168.854030189698
173.036672593008
177.222654623885
181.412621619501
185.607705875238
189.805822058132
194.006002356824
198.205964154254
202.408755941219
206.608685066245
210.817510558649
215.029644936494
219.243412816204
223.462367123557
