# <P(U)> as a function of N_tot.
# number_of_species: 2
# species_total_upper_bound: 100
# species_total_lower_bound: 0
# volume: 512
# Bin widths for each
10	10	10	10	10	10	10	10	10	10	10	10	10	10	10	10	10	10	10	10	10	10	10	10	10	10	10	10	10	10	10	10	10	10	10	10	10	10	10	10	10	10	10	10	10	10	10	10	10	10	10	10	10	10	10	10	10	10	10	10	10	10	10	10	10	10	10	10	10	10	10	10	10	10	10	10	10	10	10	10	10	10	10	10	10	10	10	10	10	10	10	10	10	10	10	10	10	10	10	10	10	
# Bin lower bound for each
0	0	0	0	0	0	0	0	0	0	0	0	0	0	0	0	0	0	0	0	0	0	0	0	0	0	0	0	0	0	0	0	0	0	0	0	0	0	0	0	0	0	0	0	0	0	0	0	0	0	0	0	0	0	0	0	0	0	0	0	0	0	0	0	0	0	0	0	0	0	0	0	0	0	0	0	0	0	0	0	0	0	0	0	0	0	0	0	0	0	0	0	0	0	0	0	0	0	0	0	0	
# Bin upper bound for each
0	0	0	0	0	0	0	0	0	0	0	0	0	0	0	0	0	0	0	0	0	0	0	0	0	0	0	0	0	0	0	0	0	0	0	0	0	0	0	0	0	0	0	0	0	0	0	0	0	0	0	0	0	0	0	0	0	0	0	0	0	0	0	0	0	0	0	0	0	0	0	0	0	0	0	0	0	0	0	0	0	0	0	0	0	0	0	0	0	0	0	0	0	0	0	0	0	0	0	0	0	
# Unnormalized histogram for each
802333	
798217	
794946	
795345	
794140	
798958	
800704	
799993	
797757	
799186	
798956	
801614	
803173	
804725	
804023	
807201	
808441	
809834	
812238	
815039	
815550	
811874	
812155	
810595	
807145	
809179	
811177	
807805	
806821	
809855	
812414	
812783	
813062	
812605	
810924	
809647	
808948	
808702	
807373	
809430	
810730	
808652	
808886	
811837	
809560	
806869	
802353	
799785	
796893	
798890	
802456	
800559	
799208	
799568	
795456	
792457	
791473	
791415	
789244	
787783	
789479	
791379	
791820	
793212	
792961	
789153	
789847	
788871	
787729	
785113	
782498	
780674	
777204	
774359	
774590	
776493	
775807	
773852	
775505	
776543	
775159	
775959	
777385	
778731	
779802	
779313	
776589	
775921	
775396	
776048	
776732	
778160	
779192	
780113	
781719	
783069	
784302	
786766	
787649	
789585	
788114	
