# Collection matrix in single row (vectorized) notation.
# species_total_upper_bound: 100
# species_total_lower_bound: 0
# volume: 512
1071000
713514
0
1070408.81247075
712788
1323.18752956438
1063650.61089188
713425
2644.3891087291
1058803.74124994
708321
3948.25875091189
1059583.21606069
709390
5270.78394038044
1061173.66318837
709546
6612.33681287069
1050872.41420724
705238
7843.58579420417
1048686.71106894
705339
9120.2889326301
1043451.15332215
702774
10403.8466795389
1040405.60595554
702847
11722.3940462027
1032775.61433211
697709
12952.3856696705
1025353.26177625
692340
14115.7382255291
1026419.21843686
693187
15457.7815649838
1027002.15685197
693606
16752.8431499144
1028832.64451753
697224
18110.3554843715
1024437.71052888
695335
19368.289473004
1025486.79461707
697577
20671.205384827
1031622.74207259
702317
22199.2579293118
1038190.47888535
708668
23607.5211165752
1041365.62639513
711123
25040.3736067925
1050450.83884612
718478
26669.1611558207
1052681.28251887
720409
28026.7174830118
1056922.98013009
723453
29578.0198718148
1055730.58011986
723710
30865.4198819982
1054913.7247263
725794
32254.2752755007
1054018.09321086
724391
33604.9067908872
1049169.46314809
720819
34862.5368536184
1043416.98178701
719311
36030.0182146235
1037541.68576067
717663
37199.3142408984
1037248.27469036
716264
38548.7253111424
1037928.38865026
719678
39972.6113511978
1035524.14406693
717386
41354.8559344686
1034041.65499752
717331
42607.3450038085
1034660.06261654
718049
44078.9373847365
1030362.07133602
717460
45199.9286651892
1031917.26746047
718273
46691.7325406323
1030001.46164002
718085
48006.5383610901
1023509.92989955
715196
49131.0701014528
1022693.17397839
714956
50459.8260225957
1021339.94576251
714124
51810.0542384779
1020104.26686662
715436
53104.7331342964
1015945.62496969
711423
54277.3750311543
1004154.40896385
707121
55086.5910369253
1002011.77448252
705446
56415.2255182358
999037.790619482
705088
57453.2093812091
997302.387204792
704603
58678.6127958657
996038.87378248
703702
59906.1262181502
991748.00189313
701619
61195.9981074593
994985.59241741
706902
62740.4075831603
996327.066942561
706965
64282.9330580138
995883.257728106
708122
65610.7422724145
996402.054462448
709229
67045.945538035
998263.541908376
712200
68512.4580920854
1000930.74092063
712632
70191.2590798132
989958.763516916
707715
70768.2364835015
982788.188757052
702799
71672.8112433394
984982.997130109
706739
73315.0028702751
993164.913695197
713531
75344.0863051758
994999.186715434
713270
76896.8132849379
990460.611740117
711226
78065.3882602229
984905.482284097
710897
79029.5177162458
988784.044663835
711063
80688.9553364923
988327.016167227
714439
82138.9838330822
988356.880097453
715471
83504.1199028526
987460.51666938
714853
84826.4833308964
988208.955970044
715924
86332.0440302359
985966.761239619
714782
87693.2387606919
983511.497338549
715046
88652.5026617203
976717.832593593
711626
89446.1674067115
972568.037972076
708782
90719.962028211
973489.44952031
709132
92080.5504800159
968337.127838031
705919
92993.8721622378
964800.02111116
706331
94172.9788891492
965225.219702247
707440
95814.7802980129
960696.575719711
704629
96581.4242805844
960076.98759601
705001
98180.01240431
959759.569842674
707656
99566.4301576262
963065.524163459
711521
101303.475836829
969610.631862502
715924
103560.368137822
973989.671155246
721064
105453.328845108
971371.786350113
719474
106740.213650202
975135.278943813
720939
108653.721056508
976447.828213725
725357
110145.171786599
975735.078929733
725442
111593.921070613
979470.722974811
728840
113479.277025573
984078.184131164
733034
115578.815869202
979393.999278606
732529
116550.000721759
983275.22255759
734746
118567.777442791
979468.303337483
733514
119617.696662891
982578.669353384
734738
121538.330647032
980790.916494836
734567
122897.083505557
974764.279561911
733976
123765.720438539
977180.609535403
733496
125104.390465025
970370.042814983
729822
126169.957185441
969487.641881978
730308
127435.35811845
963898.437839316
727801
128288.562161122
958243.400750676
723093
129357.599249773
953047.834872741
719303
130067.165127717
945216.251892261
717230
130701.748108202
941275.524542309
715693
131655.475458157
1658922.28990816
0
133043.710089712
