# <P(U)> as a function of N_tot.
# number_of_species: 1
# species_total_upper_bound: 511
# species_total_lower_bound: 490
# volume: 729
# Bin widths for each
10	10	10	10	10	10	10	10	10	10	10	10	10	10	10	10	10	10	10	10	10	10	
# Bin lower bound for each
-2690	-2700	-2710	-2720	-2730	-2740	-2750	-2760	-2770	-2780	-2790	-2800	-2810	-2820	-2840	-2840	-2850	-2860	-2870	-2880	-2900	-2910	
# Bin upper bound for each
-2550	-2560	-2570	-2580	-2590	-2600	-2600	-2610	-2620	-2640	-2650	-2650	-2670	-2680	-2690	-2700	-2710	-2710	-2730	-2750	-2750	-2760	
# Normalized histogram for each
2.51876463507201e-05	0.000512826938071521	0.00325250014838107	0.0138484262984603	0.0416499690870079	0.100225971937991	0.181849801414784	0.222726897261076	0.20300300036535	0.136939033172841	0.0676896683051769	0.0224294699078991	0.00504259909126847	0.000771549274689432	3.30991506531899e-05	
2.85424552517729e-05	0.00052971819729736	0.00291903236805037	0.0136921264504551	0.0402977722387149	0.102188397291302	0.179966555491322	0.221637407521798	0.207050594835123	0.135640866789708	0.0659802216965635	0.0240445267479697	0.00520259059349408	0.000766989491975363	5.46578309753339e-05	
5.71628885746403e-05	0.00042749149594193	0.00344408800094093	0.0123808617882194	0.0414216221869205	0.1021597634677	0.180608271287848	0.226776649896223	0.205327274471875	0.130969028546265	0.066250829285254	0.0237988372448587	0.00532710831926441	0.00098055602268226	7.04550974326897e-05	
5.92342961183891e-05	0.000552226612489956	0.00338165149041168	0.012904896579583	0.0432202571514365	0.101938807461929	0.182950984309462	0.227428387538094	0.208550856137728	0.129394843939725	0.0616233813876001	0.0216912544886825	0.00539474001330923	0.000864601337046561	4.38772563839919e-05	
0.000122798444716263	0.000569543706782175	0.00340759406048533	0.0124902215617307	0.0441583458321244	0.102941164006834	0.181527303144943	0.226391551693013	0.205894476019319	0.133187155471024	0.0606453868136883	0.0223047742509742	0.00542667421412527	0.00083890297419277	9.41078060478925e-05	
2.07628223345962e-05	0.000661936313252427	0.00302081840907614	0.013178222837069	0.0421958172151356	0.102385172275839	0.18175740223584	0.230224907087936	0.206777887124467	0.1324131300581	0.0606506780408101	0.0208724613104535	0.00501207641532847	0.000795093961166006	3.36338931935992e-05	
1.34350648160263e-05	0.000437832439378351	0.00255018247831493	0.0125316822685019	0.0440521963568624	0.104338314268516	0.184920954105567	0.230087099399641	0.205865749298677	0.131134896337802	0.0588340636400186	0.0186360358070845	0.00546879335790485	0.00102699769996713	7.95117270537254e-05	2.22557498938379e-05	
3.44405700220477e-05	0.000394535863252569	0.00271082364431871	0.0120850365736531	0.0437408951729181	0.107496034710482	0.18625849318807	0.232919853030608	0.206673491852222	0.12619700911712	0.0571144874066461	0.0182013629154019	0.00500832855895616	0.000986052653381238	0.000149210580678853	2.99441622691693e-05	
6.48562701368258e-05	0.000372431744786674	0.00222500410621065	0.0129999194370838	0.0440415292465244	0.108117275874279	0.190797029539111	0.231585815430983	0.209104077919953	0.123901268584897	0.0533300275475212	0.0177926947546047	0.00449200709703085	0.00110008974334154	6.91966753120876e-05	6.77602822325046e-06	
3.65794037072371e-05	0.000514970874621002	0.00290080576314876	0.0135933042225094	0.0488734087532058	0.109378290922617	0.194839743208235	0.233646730042167	0.200414761333998	0.122373582497604	0.0528739585941662	0.0160690181556602	0.00368547592865456	0.000772704939994083	2.66653597118177e-05	
5.69404984315856e-05	0.000846714986870541	0.0035073086520507	0.0133157066241014	0.0459297517372885	0.113151095431023	0.192127627850588	0.236118164608566	0.201812858392554	0.121192780030332	0.0526996226500627	0.0158498031841286	0.00292910599415743	0.000414590367335558	4.79289925102778e-05	
6.41367455765198e-05	0.000745131657682083	0.00376331514863129	0.0166505519116291	0.0516651506419124	0.117610903456124	0.198686677741827	0.231842203776758	0.196165207635247	0.116515806243846	0.0483149217048292	0.0151548078758076	0.00239359689276404	0.00032791951050885	9.92379889549319e-05	4.31067901138395e-07	
5.78030759550759e-05	0.000774518423347283	0.00390979272140978	0.0177262868153782	0.0529120676132758	0.120367462498764	0.201210948458914	0.234398045002767	0.187847158518776	0.112215700415858	0.0497516668591398	0.0151437334160041	0.00323923424588016	0.00036091005700771	8.46718775227711e-05	
8.44768087806559e-05	0.00110915901421885	0.00381229234406268	0.0169725211856035	0.0575990470343393	0.126715306584337	0.201223633964385	0.225532497368935	0.184975875845932	0.113167038674965	0.048939629223097	0.0156814863733427	0.00362646204741581	0.000440475096576173	0.000120098434009211	
6.10551042464008e-07	0.000164787726361036	0.00107777522770959	0.00425486915982743	0.018499086035617	0.0588603258865033	0.129801228392064	0.199195605107064	0.225571440669061	0.185175735211828	0.111811036650341	0.0471583214413254	0.0143780801918498	0.00350847051041518	0.000427721532798161	0.000114905706191726	
0.000162600076621163	0.000966926826789261	0.00424207840768714	0.018687800278729	0.0567229023490641	0.127347225561367	0.197969533070241	0.232630164354349	0.189701453554284	0.107786320288189	0.0464194204840425	0.0137974594318306	0.00294976818188926	0.00056299207596441	5.33550589513847e-05	
9.01758026776237e-05	0.000651745390865872	0.00374457027498714	0.0188825692819532	0.0572706136295389	0.128686251832207	0.20151030346997	0.231830958277711	0.191557725298282	0.106149823245913	0.0435255081865833	0.012701795488534	0.00273512456034465	0.000548844483161534	0.000113990777272011	
1.47130556689707e-05	0.00041416240004914	0.0044720173723899	0.0195851005018771	0.0609348860569228	0.130125472880933	0.203490202738103	0.230874581317454	0.187289740967839	0.104307124197412	0.0436747952204248	0.0117538236962578	0.00264274229389256	0.000359732765815993	5.52389968239745e-05	5.66553813579225e-06	
4.32255966076091e-05	0.000633485526816713	0.00488864207393416	0.0212340844433931	0.0641739310403614	0.136484821288526	0.202878300263495	0.220784186670488	0.183505164205252	0.10433489048262	0.0451723910276226	0.0130695761220191	0.00250212806816365	0.000263503236919985	3.16699537811749e-05	
5.0986204097775e-05	0.00104444205590155	0.00522028681347478	0.0233054895835415	0.0652049530570938	0.134703254550461	0.207859615228706	0.223260578087094	0.179311704618087	0.101222399984934	0.0449218601972064	0.0112748985500856	0.00237327000019981	0.000246261069116393	
1.94307272762601e-05	6.11246493617629e-05	0.00105294148071092	0.00563584562440132	0.0228836184976672	0.0668773625965751	0.134402737115346	0.211068654311103	0.226039264911228	0.179343941604037	0.100291188992261	0.0392847951499998	0.0103413106382439	0.00223430703936728	0.000440816922158071	2.26597402638602e-05	
7.09749724210699e-05	0.000383364403427833	0.00156645629107047	0.00592336506632939	0.0246263243830301	0.0681178784198722	0.13901733745238	0.212664997778811	0.229588458766762	0.172769186930158	0.0951501782397059	0.0375970884332931	0.0103482036831794	0.00194838596939573	0.000226628005997971	1.17120416536419e-06	
