# <N_i^j*N_k^m*U^p> as a function of N_tot.
# number_of_species: 1
# max_order: 2
# species_total_upper_bound: 511
# species_total_lower_bound: 490
# volume: 729
#	N_tot	N_1^0*N_1^0*U^0	N_1^0*N_1^0*U^1	N_1^0*N_1^0*U^2	N_1^0*N_1^1*U^0	N_1^0*N_1^1*U^1	N_1^0*N_1^1*U^2	N_1^0*N_1^2*U^0	N_1^0*N_1^2*U^1	N_1^0*N_1^2*U^2	N_1^1*N_1^0*U^0	N_1^1*N_1^0*U^1	N_1^1*N_1^0*U^2	N_1^1*N_1^1*U^0	N_1^1*N_1^1*U^1	N_1^1*N_1^1*U^2	N_1^1*N_1^2*U^0	N_1^1*N_1^2*U^1	N_1^1*N_1^2*U^2	N_1^2*N_1^0*U^0	N_1^2*N_1^0*U^1	N_1^2*N_1^0*U^2	N_1^2*N_1^1*U^0	N_1^2*N_1^1*U^1	N_1^2*N_1^1*U^2	N_1^2*N_1^2*U^0	N_1^2*N_1^2*U^1	N_1^2*N_1^2*U^2	
490	1	-2618.83364757268	6858595.86422945	490	-1283228.48731061	3360711973.398	240100	-628781958.7822	1646748867023.14	490	-1283228.48731061	3360711973.398	240100	-628781958.7822	1646748867023.14	117649000	-308103159803.806	806906944838951	240100	-628781958.7822	1646748867023.14	117649000	-308103159803.806	806906944838951	57648009990.9004	-150970548304041	3.95384402959735e+17	
491	1	-2628.74947045549	6910641.9415269	491	-1290715.98999365	3393125193.56383	241081	-633741551.08688	1666024469907.71	491	-1290715.98999365	3393125193.56383	241081	-633741551.08688	1666024469907.71	118370771	-311167101584.615	818018014714015	241081	-633741551.08688	1666024469907.71	118370771	-311167101584.615	818018014714015	58120048569.2613	-152783046877832	4.01646845234126e+17	
492	1	-2638.87150758013	6963956.53042702	492	-1298324.78172942	3426266612.97009	242064	-638775792.610877	1685723173591.49	492	-1298324.78172942	3426266612.97009	242064	-638775792.610877	1685723173591.49	119095488	-314277689964.413	829375801416561	242064	-638775792.610877	1685723173591.49	119095488	-314277689964.413	829375801416561	58594980096	-154624623462756	4.08052894291117e+17	
493	1	-2648.95140993399	7017250.14838885	493	-1305933.04509746	3459504322.86631	243049	-643824991.233046	1705535631323.75	493	-1305933.04509746	3459504322.86631	243049	-643824991.233046	1705535631323.75	119823157	-317405720676.922	840829066252736	243049	-643824991.233046	1705535631323.75	119823157	-317405720676.922	840829066252736	59072816402.8929	-156481020294169	4.14528729652362e+17	
494	1	-2658.88544022602	7069973.84090702	494	-1313489.40747165	3492567077.61166	244036	-648863767.290997	1725328136246.02	494	-1313489.40747165	3492567077.61166	244036	-648863767.290997	1725328136246.02	120553784	-320538701041.47	852312099303123	244036	-648863767.290997	1725328136246.02	120553784	-320538701041.47	852312099303123	59553569285.9828	-158346118314477	4.21042177055121e+17	
495	1	-2669.02336787989	7123992.5362982	495	-1321166.56710055	3526376305.76262	245025	-653977450.71477	1745556271228.71	495	-1321166.56710055	3526376305.76262	245025	-653977450.71477	1745556271228.71	121287375	-323718838104.376	864050354253973	245025	-653977450.71477	1745556271228.71	121287375	-323718838104.376	864050354253973	60037250624.024	-160240824861941	4.27704925354868e+17	
496	1	-2678.96283810789	7177164.62869451	496	-1328765.56770152	3559873655.83248	246016	-659067721.579952	1765697333153.93	496	-1328765.56770152	3559873655.83248	246016	-659067721.579952	1765697333153.93	122023936	-326897589903.656	875785877305992	246016	-659067721.579952	1765697333153.93	122023936	-326897589903.656	875785877305992	60523872256	-162141204592106	4.34389795148884e+17	
497	1	-2689.21448389893	7232200.95579165	497	-1336539.59849777	3594403874.73333	247009	-664260180.45339	1786418725886.86	497	-1336539.59849777	3594403874.73333	247009	-664260180.45339	1786418725886.86	122763473	-330137309683.817	887850106766284	247009	-664260180.45339	1786418725886.86	122763473	-330137309683.817	887850106766284	61013446080.0241	-164078242914297	4.41261503067632e+17	
498	1	-2700.03270360666	7290479.29259476	498	-1344616.28639611	3630658687.53978	248004	-669618910.625265	1808068026471.67	498	-1344616.28639611	3630658687.53978	248004	-669618910.625265	1808068026471.67	123505992	-333470217490.632	900417877193321	248004	-669618910.625265	1808068026471.67	123505992	-333470217490.632	900417877193321	61505984006.2454	-166068168311353	4.48408102835663e+17	
499	1	-2710.91384628864	7349356.36662403	499	-1352746.00929803	3667328827.24113	249001	-675020258.639717	1829997084645.42	499	-1352746.00929803	3667328827.24113	249001	-675020258.639717	1829997084645.42	124251499	-336835109062.699	913168545246847	249001	-675020258.639717	1829997084645.42	124251499	-336835109062.699	913168545246847	62001498002.398	-168080719422704	4.55671104077872e+17	
500	1	-2720.64595711507	7402219.55065277	500	-1360322.97855753	3701109775.32639	250000	-680161489.278767	1850554887664.21	500	-1360322.97855753	3701109775.32639	250000	-680161489.278767	1850554887664.21	125000000	-340080744639.72	925277443825851	250000	-680161489.278767	1850554887664.21	125000000	-340080744639.72	925277443825851	62500000000	-170040372319622	4.62638721919828e+17	
501	1	-2731.55256952265	7461690.39052052	501	-1368507.83733085	3738306885.3408	251001	-685622426.502754	1872891749710.16	501	-1368507.83733085	3738306885.3408	251001	-685622426.502754	1872891749710.16	125751501	-343496835684.326	938318766596001	251001	-685622426.502754	1872891749710.16	125751501	-343496835684.326	938318766596001	63001502010.2014	-172091914674269	4.70097702072773e+17	
502	1	-2742.43513729556	7521244.55262322	502	-1376702.43892237	3775664765.65473	252004	-691104624.33903	1895383712234.15	502	-1376702.43892237	3775664765.65473	252004	-691104624.33903	1895383712234.15	126506008	-346934521417.214	951482623552720	252004	-691104624.33903	1895383712234.15	126506008	-346934521417.214	951482623552720	63506016005.784	-174161129752110	4.77644277012725e+17	
503	1	-2752.72236542725	7577776.05265661	503	-1384619.34980991	3811621354.7944	253009	-696463532.954383	1917245541319.89	503	-1384619.34980991	3811621354.7944	253009	-696463532.954383	1917245541319.89	127263527	-350321157075.694	964374507289914	253009	-696463532.954383	1917245541319.89	127263527	-350321157075.694	964374507289914	64013554088.6728	-176211542009430	4.85080377156988e+17	
504	1	-2763.28093452988	7636011.94192731	504	-1392693.59100306	3848550018.73137	254016	-701917569.865542	1939669209409.84	504	-1392693.59100306	3848550018.73137	254016	-701917569.865542	1939669209409.84	128024064	-353766455212.233	977593281556446	254016	-701917569.865542	1939669209409.84	128024064	-353766455212.233	977593281556446	64524128256	-178298293426113	4.92707013903274e+17	
505	1	-2772.66449972648	7687956.610963	505	-1400195.57236187	3882418088.21257	255025	-707098764.042747	1960621134698.86	505	-1400195.57236187	3882418088.21257	255025	-707098764.042747	1960621134698.86	128787625	-357084875842.539	990113673020308	255025	-707098764.042747	1960621134698.86	128787625	-357084875842.539	990113673020308	65037750634.4118	-180327862299829	5.00007404869946e+17	
506	1	-2782.75788983941	7744021.42612663	506	-1408075.49225874	3918474841.27377	256036	-712486199.082923	1982748269890.27	506	-1408075.49225874	3918474841.27377	256036	-712486199.082923	1982748269890.27	129554216	-360518016736.502	1.00327062454454e+15	256036	-712486199.082923	1982748269890.27	129554216	-360518016736.502	1.00327062454454e+15	65554433284.9833	-182422116468450	5.07654936015222e+17	
507	1	-2792.53683926395	7798534.37198044	507	-1415816.17750682	3953856926.93736	257049	-717818801.99596	2004605461776.54	507	-1415816.17750682	3953856926.93736	257049	-717818801.99596	2004605461776.54	130323843	-363934132612.687	1.01633496913733e+15	257049	-717818801.99596	2004605461776.54	130323843	-363934132612.687	1.01633496913733e+15	66074188411.2944	-184514605233507	5.15281829346611e+17	
508	1	-2802.9081452614	7856583.24747284	508	-1423877.33779279	3991144289.7162	258064	-723329687.598737	2027501299164.53	508	-1423877.33779279	3991144289.7162	258064	-723329687.598737	2027501299164.53	131096512	-367451481300.443	1.02997065997861e+15	258064	-723329687.598737	2027501299164.53	131096512	-367451481300.443	1.02997065997861e+15	66597028096	-186665352490933	5.23225095282869e+17	
509	1	-2812.77909759435	7912012.55700906	509	-1431704.56067552	4027214391.15499	259081	-728737621.383842	2049852125307.11	509	-1431704.56067552	4027214391.15499	259081	-728737621.383842	2049852125307.11	131872229	-370927449284.777	1.0433747317521e+15	259081	-728737621.383842	2049852125307.11	131872229	-370927449284.777	1.0433747317521e+15	67122964556.6589	-188802071686623	5.31077738460363e+17	
510	1	-2822.92721512158	7969208.7111506	510	-1439692.879712	4064296443.16038	260100	-734243368.653122	2072791185692.53	510	-1439692.879712	4064296443.16038	260100	-734243368.653122	2072791185692.53	132651000	-374464118020.727	1.05712350474548e+15	260100	-734243368.653122	2072791185692.53	132651000	-374464118020.727	1.05712350474548e+15	67652009988.0416	-190976700183150	5.39132987426204e+17	
511	1	-2833.65200384161	8029897.32283923	511	-1447996.17396306	4103277532.33628	261121	-739926044.895124	2096774818867.11	511	-1447996.17396306	4103277532.33628	261121	-739926044.895124	2096774818867.11	133432831	-378102208909.696	1.07145193241308e+15	261121	-739926044.895124	2096774818867.11	133432831	-378102208909.696	1.07145193241308e+15	68184176640.0161	-193210228781480	5.4751193746355e+17	
