# <N_i^j*N_k^m*U^p> as a function of N_tot.
# number_of_species: 1
# max_order: 2
# species_total_upper_bound: 511
# species_total_lower_bound: 490
# volume: 729
#	N_tot	N_1^0*N_1^0*U^0	N_1^0*N_1^0*U^1	N_1^0*N_1^0*U^2	N_1^0*N_1^1*U^0	N_1^0*N_1^1*U^1	N_1^0*N_1^1*U^2	N_1^0*N_1^2*U^0	N_1^0*N_1^2*U^1	N_1^0*N_1^2*U^2	N_1^1*N_1^0*U^0	N_1^1*N_1^0*U^1	N_1^1*N_1^0*U^2	N_1^1*N_1^1*U^0	N_1^1*N_1^1*U^1	N_1^1*N_1^1*U^2	N_1^1*N_1^2*U^0	N_1^1*N_1^2*U^1	N_1^1*N_1^2*U^2	N_1^2*N_1^0*U^0	N_1^2*N_1^0*U^1	N_1^2*N_1^0*U^2	N_1^2*N_1^1*U^0	N_1^2*N_1^1*U^1	N_1^2*N_1^1*U^2	N_1^2*N_1^2*U^0	N_1^2*N_1^2*U^1	N_1^2*N_1^2*U^2	
490	1	-2618.37480201786	6856182.98773822	490	-1283003.65298875	3359529663.27464	240100	-628671789.965878	1646169535401.08	490	-1283003.65298875	3359529663.27464	240100	-628671789.965878	1646169535401.08	117649000	-308049177114.229	806623072482203	240100	-628671789.965878	1646169535401.08	117649000	-308049177114.229	806623072482203	57648010155.3796	-150944096738053	3.95245305293143e+17	
491	1	-2628.43198334314	6908950.66791604	491	-1290560.10382148	3392294779.03472	241081	-633665010.975052	1665616735828.2	491	-1290560.10382148	3392294779.03472	241081	-633665010.975052	1665616735828.2	118370771.366264	-311129520390.053	817817817452017	241081	-633665010.975052	1665616735828.2	118370771.366264	-311129520390.053	817817817452017	58120048623.8107	-152764594483484	4.01548548177711e+17	
492	1	-2638.48545915421	6961900.39706587	492	-1298134.84590387	3425254996.9673	242064	-638682344.184705	1685225457804.83	492	-1298134.84590387	3425254996.9673	242064	-638682344.184705	1685225457804.83	119095488	-314231713339.02	829130925209148	242064	-638682344.184705	1685225457804.83	119095488	-314231713339.02	829130925209148	58594979923.9829	-154602002969064	4.0793241513894e+17	
493	1	-2648.62879258932	7015529.46472636	493	-1305773.99474654	3458656024.97236	243049	-643746579.411817	1705117420374.72	493	-1305773.99474654	3458656024.97236	243049	-643746579.411817	1705117420374.72	119823156.626162	-317367063648.602	840622888580686	243049	-643746579.411817	1705117420374.72	119823156.626162	-317367063648.602	840622888580686	59072816378.6895	-156461962373385	4.14427083964529e+17	
494	1	-2658.80188541288	7069524.97083522	494	-1313448.13139396	3492345336.82012	244036	-648843376.90854	1725218595969.34	494	-1313448.13139396	3492345336.82012	244036	-648843376.90854	1725218595969.34	120553784	-320528628184.372	852257986086728	244036	-648843376.90854	1725218595969.34	120553784	-320528628184.372	852257986086728	59553569463.3982	-158341142319612	4.21015445215383e+17	
495	1	-2668.90730271324	7123362.84643688	495	-1321109.11484306	3526064608.73519	245025	-653949011.849459	1745401981406.68	495	-1321109.11484306	3526064608.73519	245025	-653949011.849459	1745401981406.68	121287375.389224	-323704760877.63	863973980899353	245025	-653949011.849459	1745401981406.68	121287375.389224	-323704760877.63	863973980899353	60037250763.7061	-160233856710121	4.27667120477341e+17	
496	1	-2679.11177793088	7177935.323025	496	-1328839.44185372	3560255925.56943	246016	-659104363.159443	1765886936585.3	496	-1328839.44185372	3560255925.56943	246016	-659104363.159443	1765886936585.3	122023936	-326915764128.016	875879920477508	246016	-659104363.159443	1765886936585.3	122023936	-326915764128.016	875879920477508	60523872256	-162150219026160	4.3443644058906e+17	
497	1	-2689.37286709493	7233021.04389721	497	-1336618.31494618	3594811459.14329	247009	-664299302.524727	1786621294837.83	497	-1336618.31494618	3594811459.14329	247009	-664299302.524727	1786621294837.83	122763472.600745	-330156753363.037	887950783647520	247009	-664299302.524727	1786621294837.83	122763472.600745	-330156753363.037	887950783647520	61013445943.9147	-164087906426723	4.41311539375276e+17	
498	1	-2699.54217279763	7287818.7239677	498	-1344372.00205322	3629333723.22474	248004	-669497257.020018	1807408194704.93	498	-1344372.00205322	3629333723.22474	248004	-669497257.020018	1807408194704.93	123505992	-333409633994.625	900089280725573	248004	-669497257.020018	1807408194704.93	123505992	-333409633994.625	900089280725573	61505984201.251	-166037997740610	4.4824446185453e+17	
499	1	-2709.91869917593	7343948.07472163	499	-1352249.43088879	3664630090.62673	249001	-674772466.017898	1828650414634.37	499	-1352249.43088879	3664630090.62673	249001	-674772466.017898	1828650414634.37	124251499.416633	-336711460547.373	912496556797740	249001	-674772466.017898	1828650414634.37	124251499.416633	-336711460547.373	912496556797740	62001498093.7449	-168019018805158	4.55335781781589e+17	
500	1	-2720.16097428309	7399563.62529291	500	-1360080.48714155	3699781810.55952	250000	-680040243.570773	1849890906584.21	500	-1360080.48714155	3699781810.55952	250000	-680040243.570773	1849890906584.21	125000000	-340020121779.056	924945453080494	250000	-680040243.570773	1849890906584.21	125000000	-340020121779.056	924945453080494	62499999819.2694	-170010060901537	4.62472726681372e+17	
501	1	-2730.56874279562	7456298.44157964	501	-1368014.9401406	3735605517.80416	251001	-685375485.009253	1871538364524.85	501	-1368014.9401406	3735605517.80416	251001	-685375485.009253	1871538364524.85	125751500.568497	-343373117970.76	937640720870202	251001	-685375485.009253	1871538364524.85	125751500.568497	-343373117970.76	937640720870202	63001501923.4544	-172029932107638	4.69758001119085e+17	
502	1	-2740.89624010816	7512805.88352387	502	-1375929.9125343	3771428553.99244	252004	-690716816.092125	1893257134409.36	502	-1375929.9125343	3771428553.99244	252004	-690716816.092125	1893257134409.36	126506008	-346739841686.828	950415080763951	252004	-690716816.092125	1893257134409.36	126506008	-346739841686.828	950415080763951	63506016182.3533	-174063400570858	4.77108370748004e+17	
503	1	-2751.20527549253	7569422.20046455	503	-1383856.25357274	3807419366.3542	253009	-696079695.546914	1915131940425.02	503	-1383856.25357274	3807419366.3542	253009	-696079695.546914	1915131940425.02	127263527.440378	-350128086846.303	963311366666439	253009	-696079695.546914	1915131940425.02	127263527.440378	-350128086846.303	963311366666439	64013553940.8438	-176114427722296	4.84545617180461e+17	
504	1	-2761.43686736297	7625827.85242059	504	-1391764.18115094	3843417244.25939	254016	-701449147.300073	1937082288162.22	504	-1391764.18115094	3843417244.25939	254016	-701449147.300073	1937082288162.22	128024064	-353530370238.311	976289473130841	254016	-701449147.300073	1937082288162.22	128024064	-353530370238.311	976289473130841	64524128256	-178179306479142	4.92049894405676e+17	
505	1	-2771.6895748669	7682556.15210035	505	-1399703.23530778	3879690857.34189	255025	-706850133.834509	1959243882830.96	505	-1399703.23530778	3879690857.34189	255025	-706850133.834509	1959243882830.96	128787624.547102	-356959317581.297	989418160799258	255025	-706850133.834509	1959243882830.96	128787624.547102	-356959317581.297	989418160799258	65037750501.641	-180264455372712	4.99656171218482e+17	
506	1	-2781.90570435587	7739289.64929335	506	-1407644.28640407	3916080562.19976	256036	-712268008.914108	1981536764646.95	506	-1407644.28640407	3916080562.19976	256036	-712268008.914108	1981536764646.95	129554216	-360407612528.272	1.00265760312785e+15	256036	-712268008.914108	1981536764646.95	129554216	-360407612528.272	1.00265760312785e+15	65554433233.5296	-182366251931657	5.07344747318107e+17	
507	1	-2792.27983523691	7797120.33202378	507	-1415685.87646511	3953140009.92274	257049	-717752739.362135	2004241983646.09	507	-1415685.87646511	3953140009.92274	257049	-717752739.362135	2004241983646.09	130323843.465706	-363900638904.45	1.016150686244e+15	257049	-717752739.362135	2004241983646.09	130323843.465706	-363900638904.45	1.016150686244e+15	66074188540.7409	-184497623888916	5.15188397715161e+17	
508	1	-2802.58647440389	7854784.72514637	508	-1423713.92899717	3990230641.63385	258064	-723246675.930564	2027037164543.55	508	-1423713.92899717	3990230641.63385	258064	-723246675.930564	2027037164543.55	131096512	-367409311062.752	1.02973487990455e+15	258064	-723246675.930564	2027037164543.55	131096512	-367409311062.752	1.02973487990455e+15	66597027909.3647	-186643930180008	5.23105318977697e+17	
509	1	-2812.97174974896	7913103.89683719	509	-1431802.62062222	4027769881.94978	259081	-728787533.896482	2050134870878.06	509	-1431802.62062222	4027769881.94978	259081	-728787533.896482	2050134870878.06	131872228.53328	-370952854767.059	1.04351864910803e+15	259081	-728787533.896482	2050134870878.06	131872228.53328	-370952854767.059	1.04351864910803e+15	67122964493.6798	-188815003076376	5.31150992493894e+17	
510	1	-2823.48565728124	7972362.0535686	510	-1439977.68521343	4065904648.8379	260100	-734388619.455569	2073611371018.94	510	-1439977.68521343	4065904648.8379	260100	-734388619.455569	2073611371018.94	132651000	-374538195754.055	1.05754179817884e+15	260100	-734388619.455569	2073611371018.94	132651000	-374538195754.055	1.05754179817884e+15	67652009984.2668	-191014479908797	5.3934631727905e+17	
511	1	-2833.97780591937	8031722.11252702	511	-1448162.6588248	4104209998.84548	261121	-740011118.661154	2097251310247.73	511	-1448162.6588248	4104209998.84548	261121	-740011118.661154	2097251310247.73	133432831.461252	-378145681645.752	1.0716954195934e+15	261121	-740011118.661154	2097251310247.73	133432831.461252	-378145681645.752	1.0716954195934e+15	68184176640.0011	-193232443202884	5.47636359237751e+17	
