# <P(U)> as a function of N_tot.
# number_of_species: 1
# species_total_upper_bound: 326
# species_total_lower_bound: 297
# volume: 729
# Bin widths for each
10	10	10	10	10	10	10	10	10	10	10	10	10	10	10	10	10	10	10	10	10	10	10	10	10	10	10	10	10	10	
# Bin lower bound for each
-1440	-1440	-1440	-1450	-1450	-1450	-1460	-1460	-1480	-1480	-1490	-1490	-1490	-1500	-1500	-1510	-1510	-1510	-1510	-1520	-1530	-1530	-1530	-1540	-1540	-1550	-1550	-1560	-1560	-1560	
# Bin upper bound for each
-1180	-1180	-1180	-1180	-1190	-1200	-1200	-1210	-1210	-1210	-1220	-1220	-1220	-1230	-1230	-1240	-1240	-1250	-1250	-1260	-1260	-1260	-1260	-1270	-1270	-1280	-1290	-1290	-1310	-1310	
# Normalized histogram for each
4.08237310389716e-06	3.8782544487023e-05	0.000257954950502502	0.000286531562229782	0.0010402396965368	0.00248361373708344	0.00475137199629831	0.00914987386742851	0.0161302215784547	0.0290052609031893	0.0504318512873126	0.0768236279590507	0.0990922077958528	0.109988316758473	0.124181707447448	0.118871815780872	0.104618465236935	0.085785457515381	0.0663765800378589	0.0428855846047587	0.0271245626438877	0.015879665929203	0.00880057581872631	0.00395403349944339	0.00155155692779991	0.000406196123837768	7.98614238449882e-05	
1.21058483868699e-05	9.34983609453998e-05	0.000273025516810258	0.000659382380221001	0.00140376327039237	0.0031946561179223	0.00632388914030704	0.0117761571967594	0.0208601797692728	0.0394668687398919	0.0619840043107123	0.0866052393596676	0.109911573216815	0.116947131699525	0.12400149288292	0.113893109479884	0.0961227543329278	0.07643555400097	0.0539565389740062	0.0344516990815782	0.0207084703075735	0.0111492287930649	0.0060408183450481	0.00255407643838728	0.000980058576851918	0.000115649487780949	7.90743713780654e-05	
4.76807053873301e-05	0.000195593431239424	0.000532434543491853	0.00111536961903373	0.00240249231661321	0.0044043128992458	0.00885656285175735	0.0152696177263533	0.028859644153256	0.0496440737881987	0.0743731845763685	0.100166139060008	0.115415248956087	0.124078269159633	0.122709115140957	0.104788347655917	0.0848539675858362	0.0641959174549578	0.042900586498311	0.0258229471854157	0.0155715955271397	0.00773862975393936	0.00382471034612347	0.00158910049836591	0.000502698189594378	0.000114843849535075	2.69165272347831e-05	
1.2838335063085e-06	0.000141478452395197	0.000419300023160356	0.000833207945594217	0.00183434131381359	0.00350666283913104	0.00637423335882171	0.0112951671885022	0.0216515953171916	0.0384508135139396	0.0618283945970124	0.0868058889956468	0.109419589142466	0.119272754536682	0.126226253573551	0.116345357375598	0.0957308427648022	0.0743519336843505	0.0527624759088643	0.0337106434419474	0.019076482070238	0.0112887480209707	0.00484801208652216	0.00238690325492877	0.00107277127787138	0.00026729413601343	9.62875129731376e-05	1.2838335063085e-06	
2.86230392567585e-05	0.000223259706202717	0.00049778067361981	0.00133513467660389	0.00260183426843935	0.00417115744805309	0.00891217358676346	0.0160406114089353	0.0283693350451646	0.050613079479935	0.0742151172321625	0.0982712204707813	0.117004219035986	0.126763374375302	0.122263051975796	0.108111300948359	0.0840770553033548	0.0623305711233086	0.0409489005890621	0.0257773887357412	0.0143063154394235	0.00774617505122223	0.00323804636828276	0.00157556820636066	0.00043298852112042	0.000139472264014751	6.24502674692914e-06	
8.59198516642075e-05	0.000274473447109672	0.000664377211652717	0.00203543867437943	0.00322421425120458	0.00611754566940444	0.0127540054581304	0.0219260149119256	0.039236122899338	0.0622514134990794	0.0889299191726623	0.108649700325137	0.12286199287048	0.126825013384171	0.114950837653265	0.0964391575153755	0.0722990742070694	0.0496470496063095	0.0325894780826032	0.0195213036835851	0.010795607380228	0.00457177180314169	0.00211091234347048	0.000985336171212932	0.000200566705404594	5.27532219944374e-05	
1.25797437820685e-05	0.0001315631537208	0.000436884018431421	0.00125797437820685	0.00294287381101765	0.00466158130524277	0.00910092047033565	0.016979509169847	0.0284412282232842	0.0515769495064809	0.0759853215356303	0.099798776515086	0.117006031462988	0.125624466343682	0.126541739327791	0.103973154826769	0.0844454613070668	0.0609947222733274	0.0396133510917383	0.0246154136455626	0.0141723917604775	0.00697494377116607	0.00306447800091098	0.00112510083450875	0.00042771128859033	7.18093707559745e-05	2.3062863600459e-05	
7.10016445657673e-05	0.000209860949436087	0.000805383968247855	0.00188534256197513	0.00348405855880285	0.00715937616016294	0.0129458791929288	0.0224239437457376	0.0381208091672293	0.0631073620845454	0.0887436717491792	0.109257645056229	0.12277546738601	0.131443169995491	0.115896429822472	0.0959321297637584	0.0716327994062062	0.0488176916186358	0.0309734849467344	0.0177548651191452	0.00932453332138619	0.00456794713285665	0.00169801349974442	0.000631154840438869	0.000271954638595079	6.60236694855106e-05	
1.98018924877091e-05	1.06825998946852e-05	0.00015085915461031	0.00038405249377478	0.00133688829413731	0.00255652854065003	0.00524150883125322	0.0102375784161456	0.0177474461421093	0.029374023095781	0.0503322418842856	0.0750210329969878	0.10111211075928	0.117487494192965	0.1291427317805	0.12982641817376	0.105922667877709	0.0829467404651933	0.0587550810744194	0.0376626784091889	0.0221789012398851	0.0117649296498687	0.0062813687380749	0.00283141007452546	0.00113079228153497	0.000384313044991724	0.000130536159688714	2.91817362976766e-05	
6.12878834113094e-05	3.23248330228425e-05	0.000208430523331289	0.000565813877231836	0.00220067463219512	0.00358547047889369	0.00743678038456725	0.0143108500758728	0.0238658121187609	0.0406470552335715	0.0646775947014168	0.0873176491519515	0.111248886732751	0.12603555835072	0.130333468149437	0.116693940205782	0.0943070538474826	0.0699429221028416	0.0469010053281669	0.0270726941532911	0.0165635030395687	0.00871270619364489	0.00432351106647124	0.00180631166931644	0.000830877508019145	0.00022834262047336	8.01655858966495e-05	9.30955191057865e-06	
3.38622916241234e-05	9.22812069451302e-05	6.10038230785734e-05	0.000317426672629187	0.000918934707814952	0.00295118918681387	0.00458614334347479	0.00964067197262066	0.0192994382995443	0.033944491690814	0.0519230421262417	0.0785744750698571	0.100422115436811	0.118762294467522	0.12884110830505	0.124664155859598	0.105535579962829	0.0817112606336643	0.0575589165100643	0.0370562036493728	0.0206991658502666	0.0120045701169154	0.00606160869149384	0.00258103039593032	0.00124334063138957	0.000354132362786634	0.00011089254279961	5.06641920483068e-05	
9.53069446557285e-05	9.89725963732566e-05	9.7663435045568e-05	0.000416836966736044	0.00161812340102308	0.00385521827777733	0.00682518166577164	0.013724723694956	0.0255422611677352	0.0450228435560068	0.0674115969176058	0.0898540258936401	0.110730174257228	0.12707269694303	0.128498373628883	0.114991232546588	0.0932067880538505	0.0661922440569967	0.0454886431563984	0.0293278320628795	0.0142819027560202	0.00908610327868981	0.00405342530278938	0.0017244273008314	0.000579696635900503	0.000136938274876225	3.74420139718934e-05	2.93252137402242e-05	
0.000124284112954468	0.00020186273123178	0.000263081232729522	0.000815103237614336	0.00248779324189963	0.00506609487178946	0.00939888708986243	0.0189489733235102	0.0356690126722298	0.0556935317375711	0.0812501451300682	0.101230333556394	0.122526192019218	0.127652977646803	0.12459495517328	0.102083170611742	0.0793415527967356	0.0541440703548351	0.037261485329725	0.020635120843211	0.0104303660655291	0.00583765908894204	0.0025247354410793	0.00128901887851927	0.000326410717037531	0.000141963593990454	6.04268829438922e-05	7.91618553850116e-07	
1.31479196178268e-06	0.000203266837291602	0.000242973554537439	0.000590341590840423	0.00179127256873272	0.00317785217162874	0.00667414695640124	0.0129764707460103	0.0255813812836209	0.0456664062502054	0.0694365301272745	0.094266113367148	0.110753604567903	0.128468585544178	0.126625510172151	0.116862916897522	0.090212609748972	0.0668179904561881	0.0437738947004154	0.0273716020187842	0.0143449062198337	0.00752639510602877	0.00375662359320547	0.00167399312574171	0.000798604637586799	0.000238240303475021	6.91580571897689e-05	9.72946051719183e-05	
2.66816647562419e-05	0.000279232867795521	0.000449097327580309	0.000816564611500432	0.00257306351213659	0.00461275790404692	0.00956471637786627	0.0190998451670919	0.0344544827970627	0.0568308892312009	0.082445287397193	0.106193025729843	0.120918398751404	0.130777934316082	0.123499387510498	0.10382337688961	0.0765002954796241	0.0530339034139586	0.0340270478111657	0.0202915381345712	0.0101414101814591	0.00591540432892839	0.00218578311082322	0.000996467717431132	0.000352937664498407	7.05346979199661e-05	0.000106462484126391	1.34729198274093e-05	
5.29451816178565e-07	8.20650315076776e-05	0.000417737482964888	0.00051303880987703	0.00188934880603321	0.00375566645806265	0.00728340390926043	0.0132765337424937	0.0265596856326896	0.0470836205609436	0.0722095506754217	0.0957217116541875	0.114435450822927	0.126626078890438	0.127165590291124	0.116559346783527	0.0889884081819366	0.063229518421217	0.0412919471437663	0.0254322179901374	0.0140667405781402	0.00744779869818387	0.00335513615912357	0.00161509276525271	0.000811384908293651	7.99472242429633e-05	4.34150489266423e-05	5.903387750391e-05	
3.62707908409105e-05	0.000149848668729601	0.000384152682555921	0.000738388581425543	0.00279126239296145	0.00522511188347598	0.0100321830462381	0.0190249564221009	0.0372808132281957	0.0602129545497868	0.0854955490179882	0.107137032636299	0.120427497601362	0.128743833965557	0.119804010649316	0.104638319322748	0.0761082976979432	0.0529008160663189	0.0319143246855296	0.0181044196355765	0.00954001224205378	0.0052195521272157	0.00242378897918639	0.00103279091292257	0.000443191999034191	7.70423367496712e-05	9.61043582135073e-05	1.74735196751832e-05	
5.03488339533151e-05	0.00033117147466619	0.000555721889195948	0.00154896706809316	0.00403571482420449	0.00700441131174059	0.0136900364234773	0.0290308145633598	0.048995069583704	0.0728932647799406	0.0961544260663721	0.11628642078486	0.128186785019633	0.126272183103901	0.111655405041561	0.0895958846424748	0.063954327414967	0.0397833869310582	0.0236607210168418	0.0129881144442458	0.0073627765416436	0.00331413795257409	0.00138068887974652	0.000679305390717721	0.00034221052382173	0.000155085178380265	9.26203148659913e-05	
0.000114907430361309	0.000525329108712005	0.000753016054057562	0.0030426529997755	0.00565626506165103	0.0102483064453493	0.0206953069890317	0.0396707263745535	0.0614730813385013	0.0888112081558741	0.107710820556088	0.123243804840369	0.12755549337314	0.11821766871975	0.100025854171831	0.0761142030903715	0.0509861823814991	0.0296197840804267	0.0174199132448901	0.00932239726690549	0.0049686824054381	0.00207365353494622	0.000823237261500585	0.000593156411355833	0.000170499219587035	0.00012395107071382	3.98984133198991e-05	
6.47237246417395e-05	0.000252476016784306	0.0006448301657489	0.00142258467508022	0.00479731177230943	0.00772325205156823	0.0153138472129616	0.029502517940106	0.0508707079411463	0.0788540905260247	0.102066639225947	0.11533874712521	0.127623149590168	0.122306710753686	0.107292143903841	0.0871044932439932	0.0633032795939201	0.0386839259699666	0.0218191164462717	0.0128915217002334	0.00663311196214785	0.00316985778699957	0.00149880889624921	0.000477136879177121	0.000220649061278657	7.59567677613802e-05	4.84090667774994e-05	
8.58144664418506e-06	0.000154466039595331	0.000513009607197688	0.00114267325471477	0.00286298513666624	0.00698100684504455	0.0116329554368157	0.0225665229721304	0.0406985833908782	0.0639813889875904	0.0911513217439109	0.111186854296422	0.124518399828371	0.12684799442206	0.114507337807306	0.0981746994817611	0.0731884767261781	0.0484562111572215	0.028577826346382	0.0164436607915044	0.00883835370309535	0.00424111183368084	0.00182918898624957	0.00101073351256042	0.000259320590778967	0.000153393358764808	6.75788923229574e-05	5.36340415261567e-06	
9.84777580377466e-05	0.00020923187615608	0.000997854572637221	0.00141818646670077	0.00447473324937371	0.00867538341607867	0.0166582199971764	0.0316796809427391	0.052797422177885	0.0783511994404115	0.10343100245287	0.120671015166909	0.129776604940594	0.123270934730063	0.104799282847069	0.0837178369373791	0.0585195403624035	0.0370842150295206	0.0211532359284224	0.0116988374020126	0.00586516446719663	0.00289828848859059	0.00103441677548592	0.000441148330721938	0.000156390152330947	3.816346720704e-05	8.13976048821483e-05	2.13501914444979e-06	
0.000128777449685001	0.000630317723768113	0.00121966080445464	0.00259577024612989	0.00751858093636106	0.0120154149800102	0.024606869585161	0.0428839550215489	0.0667551435150177	0.0930991783253717	0.11550884919256	0.125942217239043	0.12906081328813	0.112451981177207	0.0936709608447375	0.0696595539298142	0.0457239767115029	0.0264488660400562	0.0145396126353028	0.00845780489790662	0.00428264840935903	0.00173317418852912	0.00065958532596925	0.000285492156016541	5.0287061963771e-05	1.62302157660848e-05	4.31031959689465e-05	1.11749026586158e-05	
4.96733107181042e-05	0.000243533474709841	0.00094191337296816	0.00190101102640096	0.00450442951679414	0.00982806590386362	0.0182913240326995	0.0346169274828734	0.0557691657085535	0.0813423285881449	0.106139513803005	0.122598832435544	0.131555601618974	0.121460910863526	0.102063080271533	0.0810818793373527	0.0553489563503166	0.0337136787409507	0.019027026040092	0.00978617922023105	0.00560986205855866	0.00262301931029816	0.00107186949398201	0.000255079163147022	9.96151258184685e-05	2.04063330517617e-05	3.67851003696231e-05	1.93323155227216e-05	
0.000151816648864357	0.00045111232805409	0.0016149496022946	0.00318082989486697	0.00766430085722186	0.0138730595934567	0.0270024887086367	0.0444191115472828	0.0714912732537019	0.0953874848861104	0.116941653608628	0.128063036441418	0.12760026676354	0.113304018261374	0.0901525215118769	0.0662999571660169	0.0432240976397933	0.0228597919027506	0.013482945026107	0.0068114166119946	0.00405242012004359	0.00119609831212419	0.000474427027701116	0.000161847391735752	6.75041885129017e-05	1.65371706798675e-05	4.87982085635434e-05	6.2353266497861e-06	
6.15854294790357e-05	0.000214069877141102	0.000855741644551491	0.00198471820766499	0.00546873235133708	0.0112203811734687	0.0212480488982931	0.0364967625965062	0.0614614518240582	0.0852224013907012	0.108180051054052	0.123346471558289	0.127525943870663	0.120938992236471	0.0993270783334391	0.0774516110640779	0.0538544410893683	0.0304406827430634	0.0164642863674063	0.00969419203681572	0.00517210034821316	0.00235907156065546	0.000578472745892601	0.000275655306620138	9.84291143638736e-05	6.45436815500811e-06	1.61359203875203e-05	3.60368888654619e-05	
0.000144610923361094	0.00037821318417517	0.00144963632930268	0.00312636335814238	0.00863487288347127	0.0162504151120314	0.0301729470675184	0.0491381406019721	0.0770078941827882	0.100112541484072	0.119420134615677	0.12679420644688	0.12350830983745	0.108129629991383	0.085999546361231	0.0643486051150484	0.0398982351498419	0.0212613328297726	0.012591188989384	0.00666919532296259	0.00322729255793662	0.00106708210427614	0.00036953110247244	0.000200773139375628	3.6084902076971e-05	2.52322999485587e-05	3.79841074494432e-05	
1.59531723018319e-05	0.000164398792534132	0.00066597734541376	0.00243894261292412	0.0049087099994484	0.0132695242493627	0.0256616240221246	0.0412554443580389	0.0636920940404356	0.0901986954090556	0.111233899463649	0.126306943361371	0.126858274180413	0.116726117019493	0.0938598132559505	0.0729538569362771	0.0497103552852589	0.0286713657321533	0.0152723233551198	0.0089984003564858	0.00421596377169767	0.00183975227697736	0.000612709973490695	0.000288238672436487	8.43625382740939e-05	5.84048341897573e-05	3.10951663510282e-05	6.75981877196265e-06	
9.37418786304717e-05	0.000170194188868003	0.00149635811450773	0.00351788686895101	0.00845730043920907	0.0188775071900291	0.0349762565599054	0.0539056324551133	0.0789676722891983	0.101491387363595	0.121167726643279	0.126831140889991	0.122449586049912	0.104247182475726	0.0835167198230845	0.0597189796777332	0.0362202950356786	0.0214739140935376	0.0118149886510192	0.00622343417293999	0.00277227423200548	0.00109680699492713	0.000297434606259796	0.000179919571089032	9.99553172716845e-06	2.56642030832703e-05	
0.000212508350488388	0.000431555419453341	0.00282717840130513	0.00572328579321739	0.0143590257745384	0.028033665681863	0.0467864378260505	0.0698411418346118	0.0925931576670288	0.1134454033354	0.123756145033135	0.122118740947962	0.113209737023641	0.0937052847012514	0.0700836193114511	0.0450596712550307	0.027001093055772	0.0147434479316399	0.00872483002056427	0.00444360409803283	0.00179242620238859	0.000660138119529953	0.000348459205480318	8.41860003857844e-05	8.44584469889746e-06	6.81116507975602e-06	
