# <N_i^j*N_k^m*U^p> as a function of N_tot.
# number_of_species: 1
# max_order: 2
# species_total_upper_bound: 326
# species_total_lower_bound: 297
# volume: 729
#	N_tot	N_1^0*N_1^0*U^0	N_1^0*N_1^0*U^1	N_1^0*N_1^0*U^2	N_1^0*N_1^1*U^0	N_1^0*N_1^1*U^1	N_1^0*N_1^1*U^2	N_1^0*N_1^2*U^0	N_1^0*N_1^2*U^1	N_1^0*N_1^2*U^2	N_1^1*N_1^0*U^0	N_1^1*N_1^0*U^1	N_1^1*N_1^0*U^2	N_1^1*N_1^1*U^0	N_1^1*N_1^1*U^1	N_1^1*N_1^1*U^2	N_1^1*N_1^2*U^0	N_1^1*N_1^2*U^1	N_1^1*N_1^2*U^2	N_1^2*N_1^0*U^0	N_1^2*N_1^0*U^1	N_1^2*N_1^0*U^2	N_1^2*N_1^1*U^0	N_1^2*N_1^1*U^1	N_1^2*N_1^1*U^2	N_1^2*N_1^2*U^0	N_1^2*N_1^2*U^1	N_1^2*N_1^2*U^2	
297	1	-1296.97188106953	1683212.83034031	297	-385200.64867765	499914210.611071	88209	-114404592.657262	148474520551.541	297	-385200.64867765	499914210.611071	88209	-114404592.657262	148474520551.541	26198073	-33978164019.1957	44096932603890.1	88209	-114404592.657262	148474520551.541	26198073	-33978164019.1957	44096932603890.1	7780827680.43221	-10091514713717.1	1.30967889833245e+16	
298	1	-1302.08194532267	1696477.32276708	298	-388020.419706155	505550242.184591	88804	-115630085.072434	150653972168.883	298	-388020.419706155	505550242.184591	88804	-115630085.072434	150653972168.883	26463592	-34457765351.6014	44894883706643.2	88804	-115630085.072434	150653972168.883	26463592	-34457765351.6014	44894883706643.2	7886150416	-10268414074772.6	1.33786753447633e+16	
299	1	-1307.34407054987	1710192.38772725	299	-390895.877094412	511347523.930448	89401	-116877867.251229	152892909655.347	299	-390895.877094412	511347523.930448	89401	-116877867.251229	152892909655.347	26730899	-34946482308.1269	45714979986815.4	89401	-116877867.251229	152892909655.347	26730899	-34946482308.1269	45714979986815.4	7992538800.42161	-10448998210118	1.36687790160339e+16	
300	1	-1312.34255428911	1723285.96472097	300	-393702.766286732	516985789.416291	90000	-118110829.88602	155095736819.691	300	-393702.766286732	516985789.416291	90000	-118110829.88602	155095736819.691	27000000	-35433248965.8059	46528721047630.5	90000	-118110829.88602	155095736819.691	27000000	-35433248965.8059	46528721047630.5	8100000000	-10629974689738.7	1.39586163142322e+16	
301	1	-1317.38579649827	1736534.25968939	301	-396533.124745979	522696812.166506	90601	-119356470.54854	157331740462.338	301	-396533.124745979	522696812.166506	90601	-119356470.54854	157331740462.338	27270901	-35926297635.1033	47356853878977.7	90601	-119356470.54854	157331740462.338	27270901	-35926297635.1033	47356853878977.7	8208541200.41837	-10813815588175.8	1.42544130176251e+16	
302	1	-1322.8519551345	1750963.31349042	302	-399501.290450617	528790920.674108	91204	-120649389.716086	159694858041.642	302	-399501.290450617	528790920.674108	91204	-120649389.716086	159694858041.642	27543608	-36436115694.2593	48227847129320.1	91204	-120649389.716086	159694858041.642	27543608	-36436115694.2593	48227847129320.1	8318169616	-11003706939670	1.45648098330943e+16	
303	1	-1328.07880429673	1764813.6002613	303	-402407.877701911	534738520.879175	91809	-121929586.943679	162025771826.627	303	-402407.877701911	534738520.879175	91809	-121929586.943679	162025771826.627	27818127	-36944664843.913	49093808863573.7	91809	-121929586.943679	162025771826.627	27818127	-36944664843.913	49093808863573.7	8428892480.41003	-11194233447712.9	1.48754240856524e+16	
304	1	-1333.30514028159	1778700.98676807	304	-405324.762645604	540725099.977492	92416	-123218727.844264	164380430393.158	304	-405324.762645604	540725099.977492	92416	-123218727.844264	164380430393.158	28094464	-37458493264.6561	49971650840975.5	92416	-123218727.844264	164380430393.158	28094464	-37458493264.6561	49971650840975.5	8540717056	-11387381952455.5	1.51913818552584e+16	
305	1	-1338.60753577623	1792862.55782585	305	-408275.29841175	546823080.136883	93025	-124523966.015584	166781039442.071	305	-408275.29841175	546823080.136883	93025	-124523966.015584	166781039442.071	28372625	-37979809634.7575	50868217029960.4	93025	-124523966.015584	166781039442.071	28372625	-37979809634.7575	50868217029960.4	8653650624.39695	-11583841938602.2	1.55148061940336e+16	
306	1	-1344.1088351649	1807629.68389529	306	-411297.30356046	553134683.271959	93636	-125856974.889501	169259213079.623	306	-411297.30356046	553134683.271959	93636	-125856974.889501	169259213079.623	28652616	-38512234316.1707	51793319202873.7	93636	-125856974.889501	169259213079.623	28652616	-38512234316.1707	51793319202873.7	8767700496	-11784743700739.6	1.58487556761189e+16	
307	1	-1349.32490689002	1821676.2499169	307	-414242.746415238	559254608.724487	94249	-127172523.149478	171691164878.846	307	-414242.746415238	559254608.724487	94249	-127172523.149478	171691164878.846	28934443	-39041964606.8977	52709187618098.2	94249	-127172523.149478	171691164878.846	28934443	-39041964606.8977	52709187618098.2	8882874000.38216	-11985883134322.8	1.61817205986536e+16	
308	1	-1354.81902699808	1836531.50276457	308	-417284.260315409	565651702.851488	94864	-128523552.177146	174220724472.809	308	-417284.260315409	565651702.851488	94864	-128523552.177146	174220724472.809	29218112	-39585254070.561	53659983139083.9	94864	-128523552.177146	174220724472.809	29218112	-39585254070.561	53659983139083.9	8999178496	-12192258253735.1	1.65272748069669e+16	
309	1	-1359.9625219006	1850491.76079713	309	-420228.419267284	571801954.086314	95481	-129850581.553591	176686803813.095	309	-420228.419267284	571801954.086314	95481	-129850581.553591	176686803813.095	29503629	-40123829700.0525	54596222378304.2	95481	-129850581.553591	176686803813.095	29503629	-40123829700.0525	54596222378304.2	9116621360.3807	-12398263377322.9	1.68702327148657e+16	
310	1	-1365.32843545842	1865108.29059791	310	-423251.81499211	578183570.085351	96100	-131208062.647554	179236906724.945	310	-423251.81499211	578183570.085351	96100	-131208062.647554	179236906724.945	29791000	-40674499420.7326	55563441084969.2	96100	-131208062.647554	179236906724.945	29791000	-40674499420.7326	55563441084969.2	9235210000	-12609094820411.5	1.72246667364747e+16	
311	1	-1370.70353719419	1879811.4935752	311	-426288.800067392	584621374.501889	96721	-132575816.820959	181817247470.607	311	-426288.800067392	584621374.501889	96721	-132575816.820959	181817247470.607	30080231	-41231079031.3218	56545163963046.7	96721	-132575816.820959	181817247470.607	30080231	-41231079031.3218	56545163963046.7	9354951840.37121	-12822865578761	1.75855459924694e+16	
312	1	-1376.25494194301	1895064.39135645	312	-429391.54188622	591260090.103213	97344	-133970161.0685	184473148112.203	312	-429391.54188622	591260090.103213	97344	-133970161.0685	184473148112.203	30371328	-41798690253.3722	57555622211404	97344	-133970161.0685	184473148112.203	30371328	-41798690253.3722	57555622211404	9475854336	-13041191359052.1	1.79573541298526e+16	
313	1	-1381.47959653289	1909469.08579024	313	-432403.113714793	597663823.852344	97969	-135342174.59273	187068776866.303	313	-432403.113714793	597663823.852344	97969	-135342174.59273	187068776866.303	30664297	-42362100647.5282	58552527159003.2	97969	-135342174.59273	187068776866.303	30664297	-42362100647.5282	58552527159003.2	9597924960.36233	-13259337502708.6	1.83269410006721e+16	
314	1	-1386.9343035556	1924567.60173033	314	-435497.371316458	604314226.943322	98596	-136746174.593368	189754667258.785	314	-435497.371316458	604314226.943322	98596	-136746174.593368	189754667258.785	30959144	-42938298822.3268	59582965519580.1	98596	-136746174.593368	189754667258.785	30959144	-42938298822.3268	59582965519580.1	9721171216	-13482625830211.8	1.8709051173243e+16	
315	1	-1392.42824927332	1939840.15815893	315	-438614.898521094	611049649.820064	99225	-138163693.034145	192480639693.852	315	-438614.898521094	611049649.820064	99225	-138163693.034145	192480639693.852	31255875	-43521563305.7625	60631401503394.2	99225	-138163693.034145	192480639693.852	31255875	-43521563305.7625	60631401503394.2	9845600624.35613	-13709292441314	1.90988914734159e+16	
316	1	-1398.01722609331	1955439.82476722	316	-441773.443445485	617918984.626441	99856	-139600408.128773	195262399136.284	316	-441773.443445485	617918984.626441	99856	-139600408.128773	195262399136.284	31554496	-44113728968.6923	61702918128823.4	99856	-139600408.128773	195262399136.284	31554496	-44113728968.6923	61702918128823.4	9971220736	-13939938354102.2	1.94981221287655e+16	
317	1	-1403.55598493184	1970960.45010074	317	-444927.247223392	624794462.681935	100489	-141041937.369815	198059844670.796	317	-444927.247223392	624794462.681935	100489	-141041937.369815	198059844670.796	31855013	-44710294146.2325	62784970760177.3	100489	-141041937.369815	198059844670.796	31855013	-44710294146.2325	62784970760177.3	10098039120.3501	-14173163244362.1	1.99028357310511e+16	
318	1	-1408.94357152381	1986087.69394525	318	-448044.055744573	631575886.674588	101124	-142478009.726774	200841131961.323	318	-448044.055744573	631575886.674588	101124	-142478009.726774	200841131961.323	32157432	-45308007093.1194	63867479964254.8	101124	-142478009.726774	200841131961.323	32157432	-45308007093.1194	63867479964254.8	10226063376	-14407946255660.6	2.03098586286009e+16	
319	1	-1414.56224289851	2001951.64111669	319	-451245.355484624	638622573.516224	101761	-143947268.399595	203720600952.352	319	-451245.355484624	638622573.516224	101761	-143947268.399595	203720600952.352	32461759	-45919178619.4759	64986871703639.5	101761	-143947268.399595	203720600952.352	32461759	-45919178619.4759	64986871703639.5	10355301120.3387	-14648217979602.7	2.07308120735372e+16	
320	1	-1420.18997547947	2017892.80478812	320	-454460.792153429	645725697.532198	102400	-145427453.489097	206632223210.303	320	-454460.792153429	645725697.532198	102400	-145427453.489097	206632223210.303	32768000	-46536785116.5111	66122311427297.1	102400	-145427453.489097	206632223210.303	32768000	-46536785116.5111	66122311427297.1	10485760000	-14891771237283.6	2.11591396567351e+16	
321	1	-1425.87506982918	2034070.34855803	321	-457705.897415166	652936581.887129	103041	-146923593.070268	209592642786.464	321	-457705.897415166	652936581.887129	103041	-146923593.070268	209592642786.464	33076161	-47162473375.5313	67279238334348	103041	-146923593.070268	209592642786.464	33076161	-47162473375.5313	67279238334348	10617447680.3349	-15139153953540.5	2.15966355053483e+16	
322	1	-1431.53401210183	2050249.71482343	322	-460953.951896788	660180408.173143	103684	-148427172.510766	212578091430.756	322	-460953.951896788	660180408.173143	103684	-148427172.510766	212578091430.756	33386248	-47793549548.4653	68450145440864.3	103684	-148427172.510766	212578091430.756	33386248	-47793549548.4653	68450145440864.3	10750371856	-15389522954679.1	2.20409468320466e+16	
323	1	-1437.21982163922	2066563.07622603	323	-464222.002389468	667499873.621007	104329	-149943706.771798	215602459180.317	323	-464222.002389468	667499873.621007	104329	-149943706.771798	215602459180.317	33698267	-48431817287.2837	69639594314914.9	104329	-149943706.771798	215602459180.317	33698267	-48431817287.2837	69639594314914.9	10884540240.3246	-15643476983809.8	2.24935889637554e+16	
324	1	-1443.27955005508	2084024.00189305	324	-467622.574217846	675223776.613347	104976	-151509714.046582	218772503616.793	324	-467622.574217846	675223776.613347	104976	-151509714.046582	218772503616.793	34012224	-49089147351.0926	70882291173828.9	104976	-151509714.046582	218772503616.793	34012224	-49089147351.0926	70882291173828.9	11019960576	-15904883741760	2.29658623402899e+16	
325	1	-1448.84279827723	2100120.48629889	325	-470873.909440099	682539158.047138	105625	-153034020.568032	221825226366.182	325	-470873.909440099	682539158.047138	105625	-153034020.568032	221825226366.182	34328125	-49736056684.6331	72093198568684.6	105625	-153034020.568032	221825226366.182	34328125	-49736056684.6331	72093198568684.6	11156640624.3174	-16164218422509	2.34302895348284e+16	
326	1	-1454.82158052757	2117502.91676726	326	-474271.835251989	690305950.866127	106276	-154612618.292148	225039739981.495	326	-474271.835251989	690305950.866127	106276	-154612618.292148	225039739981.495	34645976	-50403713563.2232	73362955234472.5	106276	-154612618.292148	225039739981.495	34645976	-50403713563.2232	73362955234472.5	11294588176	-16431610621640.8	2.39163234063452e+16	
