# <N_i^j*N_k^m*U^p> as a function of N_tot.
# number_of_species: 1
# max_order: 2
# species_total_upper_bound: 326
# species_total_lower_bound: 297
# volume: 729
#	N_tot	N_1^0*N_1^0*U^0	N_1^0*N_1^0*U^1	N_1^0*N_1^0*U^2	N_1^0*N_1^1*U^0	N_1^0*N_1^1*U^1	N_1^0*N_1^1*U^2	N_1^0*N_1^2*U^0	N_1^0*N_1^2*U^1	N_1^0*N_1^2*U^2	N_1^1*N_1^0*U^0	N_1^1*N_1^0*U^1	N_1^1*N_1^0*U^2	N_1^1*N_1^1*U^0	N_1^1*N_1^1*U^1	N_1^1*N_1^1*U^2	N_1^1*N_1^2*U^0	N_1^1*N_1^2*U^1	N_1^1*N_1^2*U^2	N_1^2*N_1^0*U^0	N_1^2*N_1^0*U^1	N_1^2*N_1^0*U^2	N_1^2*N_1^1*U^0	N_1^2*N_1^1*U^1	N_1^2*N_1^1*U^2	N_1^2*N_1^2*U^0	N_1^2*N_1^2*U^1	N_1^2*N_1^2*U^2	
297	1	-1291.03256509539	1667763.28075753	297	-383436.671833332	495325694.384986	88209	-113880691.5345	147111731231.824	297	-383436.671833332	495325694.384986	88209	-113880691.5345	147111731231.824	26198073	-33822565385.7492	43692184176045	88209	-113880691.5345	147111731231.824	26198073	-33822565385.7492	43692184176045	7780827681	-10045301919566.8	1.297657870027e+16	
298	1	-1296.16067768677	1681028.90720978	298	-386255.881950658	500946614.348515	88804	-115104252.821296	149282091074.59	298	-386255.881950658	500946614.348515	88804	-115104252.821296	149282091074.59	26463592	-34301067340.7462	44486063140587	88804	-115104252.821296	149282091074.59	26463592	-34301067340.7462	44486063140587	7886150416	-10221718067541	1.32568468158902e+16	
299	1	-1301.41643245483	1694667.92691829	299	-389123.513303994	506705710.148569	89401	-116347930.477894	151505007333.89	299	-389123.513303994	506705710.148569	89401	-116347930.477894	151505007333.89	26730899	-34788031212.8849	45299997193037.1	89401	-116347930.477894	151505007333.89	26730899	-34788031212.8849	45299997193037.1	7992538801	-10401621332653.3	1.35446991607006e+16	
300	1	-1306.21670704026	1707182.58256807	300	-391865.012112078	512154774.77042	90000	-117559503.633623	153646432431.126	300	-391865.012112078	512154774.77042	90000	-117559503.633623	153646432431.126	27000000	-35267851090.087	46093929729427.3	90000	-117559503.633623	153646432431.126	27000000	-35267851090.087	46093929729427.3	8100000000	-10580355327026.9	1.38281789188048e+16	
301	1	-1311.60242369547	1721270.38830123	301	-394792.329532337	518102386.878672	90601	-118832491.189233	155948818449.984	301	-394792.329532337	518102386.878672	90601	-118832491.189233	155948818449.984	27270901	-35768579847.9555	46940594353574.5	90601	-118832491.189233	155948818449.984	27270901	-35768579847.9555	46940594353574.5	8208541201	-10766342534236.8	1.41291189004304e+16	
302	1	-1316.47436234225	1734086.61543125	302	-397575.257427359	523694157.860237	91204	-120067727.743062	158155635672.523	302	-397575.257427359	523694157.860237	91204	-120067727.743062	158155635672.523	27543608	-36260453778.4048	47763001973471.4	91204	-120067727.743062	158155635672.523	27543608	-36260453778.4048	47763001973471.4	8318169616	-10950657041074.9	1.44244265959807e+16	
303	1	-1321.76006219752	1748030.18488638	303	-400493.298845848	529653146.020573	91809	-121349469.550292	160484903243.738	303	-400493.298845848	529653146.020573	91809	-121349469.550292	160484903243.738	27818127	-36768889273.7432	48626925682921.5	91809	-121349469.550292	160484903243.738	27818127	-36768889273.7432	48626925682921.5	8428892481	-11140973449941.8	1.47339584819443e+16	
304	1	-1326.94313260849	1761718.25752225	304	-403390.71231298	535562350.286763	92416	-122630776.543146	162810954487.176	304	-403390.71231298	535562350.286763	92416	-122630776.543146	162810954487.176	28094464	-37279756069.1163	49494530164101.5	92416	-122630776.543146	162810954487.176	28094464	-37279756069.1163	49494530164101.5	8540717056	-11333045845011.4	1.50463371698725e+16	
305	1	-1332.88938975769	1777537.1059565	305	-406531.263876097	542148817.316733	93025	-123992035.48221	165355389281.161	305	-406531.263876097	542148817.316733	93025	-123992035.48221	165355389281.161	28372625	-37817570822.0776	50433393730919	93025	-123992035.48221	165355389281.161	28372625	-37817570822.0776	50433393730919	8653650625	-11534359100733.2	1.53821850878918e+16	
306	1	-1338.45486217535	1792413.00178047	306	-409567.187825656	548478378.544824	93636	-125327559.474651	167834383833.388	306	-409567.187825656	548478378.544824	93636	-125327559.474651	167834383833.388	28652616	-38350233199.2431	51357321453420.1	93636	-125327559.474651	167834383833.388	28652616	-38350233199.2431	51357321453420.1	8767700496	-11735171358971.2	1.57153403647402e+16	
307	1	-1343.78212875197	1806693.3114458	307	-412541.113526856	554654846.613861	94249	-126650121.852745	170279037910.039	307	-412541.113526856	554654846.613861	94249	-126650121.852745	170279037910.039	28934443	-38881587408.7888	52275664638518.4	94249	-126650121.852745	170279037910.039	28934443	-38881587408.7888	52275664638518.4	8882874001	-11936647334503.7	1.60486290440186e+16	
308	1	-1349.45182046429	1821977.15431935	308	-415631.160703002	561168963.530359	94864	-128014397.496524	172840040767.35	308	-415631.160703002	561168963.530359	94864	-128014397.496524	172840040767.35	29218112	-39428434428.9296	53234732556238.3	94864	-128014397.496524	172840040767.35	29218112	-39428434428.9296	53234732556238.3	8999178496	-12143957804112.2	1.63962976273429e+16	
309	1	-1354.72497641757	1836246.2396376	309	-418610.017713028	567400088.048019	95481	-129350495.473326	175326627206.427	309	-418610.017713028	567400088.048019	95481	-129350495.473326	175326627206.427	29503629	-39969303101.2584	54175927806935.3	95481	-129350495.473326	175326627206.427	29503629	-39969303101.2584	54175927806935.3	9116621361	-12350514658289.6	1.67403616923341e+16	
310	1	-1359.89448385283	1850269.10589045	310	-421567.289994378	573583422.826038	96100	-130685859.898257	177810861074.713	310	-421567.289994378	573583422.826038	96100	-130685859.898257	177810861074.713	29791000	-40512616568.4597	55121366933556.5	96100	-130685859.898257	177810861074.713	29791000	-40512616568.4597	55121366933556.5	9235210000	-12558911136225.3	1.70876237493987e+16	
311	1	-1365.69112426036	1866058.43097825	311	-424729.93964497	580344172.034235	96721	-132091011.229586	180487037502.315	311	-424729.93964497	580344172.034235	96721	-132091011.229586	180487037502.315	30080231	-41080304492.4104	56131468663327.8	96721	-132091011.229586	180487037502.315	30080231	-41080304492.4104	56131468663327.8	9354951841	-12775974697137.8	1.74568867543086e+16	
312	1	-1371.68857360263	1882485.52838175	312	-427966.834964021	587335484.855107	97344	-133525652.508775	183248671274.794	312	-427966.834964021	587335484.855107	97344	-133525652.508775	183248671274.794	30371328	-41660003582.7377	57173585438184.3	97344	-133525652.508775	183248671274.794	30371328	-41660003582.7377	57173585438184.3	9475854336	-12997921117814.2	1.78381586565824e+16	
313	1	-1377.0660131495	1897261.63634515	313	-431021.662115793	593842892.176033	97969	-134909780.242243	185872825250.744	313	-431021.662115793	593842892.176033	97969	-134909780.242243	185872825250.744	30664297	-42226761215.8233	58178194303562.7	97969	-134909780.242243	185872825250.744	30664297	-42226761215.8233	58178194303562.7	9597924961	-13216976260557.9	1.82097748170229e+16	
314	1	-1382.20860915712	1911450.29200896	314	-434013.503275337	600195391.690813	98596	-136280240.028456	188461352989.496	314	-434013.503275337	600195391.690813	98596	-136280240.028456	188461352989.496	30959144	-42791995368.9351	59176864839118.7	98596	-136280240.028456	188461352989.496	30959144	-42791995368.9351	59176864839118.7	9721171216	-13436686545848	1.85815355595076e+16	
315	1	-1387.55656548418	1926257.67642926	315	-437080.318127518	606771168.075215	99225	-137680300.210168	191132917943.404	315	-437080.318127518	606771168.075215	99225	-137680300.210168	191132917943.404	31255875	-43369294566.2072	60206869152302.1	99225	-137680300.210168	191132917943.404	31255875	-43369294566.2072	60206869152302.1	9845600625	-13661327788352.4	1.89651637829836e+16	
316	1	-1392.56396421872	1940187.62323918	316	-440050.212693117	613099288.94358	99856	-139055867.211025	193739375306.171	316	-440050.212693117	613099288.94358	99856	-139055867.211025	193739375306.171	31554496	-43941654038.6839	61221642596710.7	99856	-139055867.211025	193739375306.171	31554496	-43941654038.6839	61221642596710.7	9971220736	-13885562676225.1	1.93460390605826e+16	
317	1	-1398.01842343165	1955426.93389475	317	-443171.840227832	619870338.044636	100489	-140485473.352223	196498897159.883	317	-443171.840227832	619870338.044636	100489	-140485473.352223	196498897159.883	31855013	-44533895052.6558	62290150399758.2	100489	-140485473.352223	196498897159.883	31855013	-44533895052.6558	62290150399758.2	10098039121	-14117244731692.3	1.97459776767126e+16	
318	1	-1403.56652858589	1970950.20667914	318	-446334.156090313	626762165.723965	101124	-141934261.636719	199310368698.75	318	-446334.156090313	626762165.723965	101124	-141934261.636719	199310368698.75	32157432	-45135095200.4768	63380697246601.6	101124	-141934261.636719	199310368698.75	32157432	-45135095200.4768	63380697246601.6	10226063376	-14352960273751.5	2.0155061724444e+16	
319	1	-1408.74817769898	1985541.73382237	319	-449390.668685973	633387813.089336	101761	-143355623.310825	202050712375.25	319	-449390.668685973	633387813.089336	101761	-143355623.310825	202050712375.25	32461759	-45730443836.159	64454177247699.6	101761	-143355623.310825	202050712375.25	32461759	-45730443836.159	64454177247699.6	10355301121	-14588011583725.9	2.05608825420281e+16	
320	1	-1414.86868666585	2002825.92960936	320	-452757.979733073	640904297.474996	102400	-144882553.514583	205089375191.999	320	-452757.979733073	640904297.474996	102400	-144882553.514583	205089375191.999	32768000	-46362417124.6667	65628600061439.6	102400	-144882553.514583	205089375191.999	32768000	-46362417124.6667	65628600061439.6	10485760000	-14835973479893.3	2.10011520196607e+16	
321	1	-1420.46808507619	2018713.40837878	321	-455970.255309458	648007004.089587	103041	-146366451.954336	208010248312.503	321	-455970.255309458	648007004.089587	103041	-146366451.954336	208010248312.503	33076161	-46983631077.341	66771289708395.4	103041	-146366451.954336	208010248312.503	33076161	-46983631077.341	66771289708395.4	10617447681	-15081745575817	2.14335839964192e+16	
322	1	-1426.43301104684	2035732.12439841	322	-459311.429557082	655505744.056288	103684	-147898280.31738	211072849584.42	322	-459311.429557082	655505744.056288	103684	-147898280.31738	211072849584.42	33386248	-47623246262.1965	67965457566807.9	103684	-147898280.31738	211072849584.42	33386248	-47623246262.1965	67965457566807.9	10750371856	-15334685296400	2.18848773364689e+16	
323	1	-1432.07215608974	2051854.74153333	323	-462559.306416986	662749081.515267	104329	-149406655.972686	214067953329.111	323	-462559.306416986	662749081.515267	104329	-149406655.972686	214067953329.111	33698267	-48258349879.1828	69143948925531.4	104329	-149406655.972686	214067953329.111	33698267	-48258349879.1828	69143948925531.4	10884540241	-15587447010980.2	2.23334955028442e+16	
324	1	-1437.96062234911	2068760.14815761	324	-465899.241641111	670278288.003065	104976	-150951354.29172	217170165312.232	324	-465899.241641111	670278288.003065	104976	-150951354.29172	217170165312.232	34012224	-48908238790.5173	70363133561439.9	104976	-150951354.29172	217170165312.232	34012224	-48908238790.5173	70363133561439.9	11019960576	-15846269368125.5	2.27976552739027e+16	
325	1	-1443.48584456991	2084699.65093886	325	-469132.89948522	677527386.555131	105625	-152468192.332696	220196400630.063	325	-469132.89948522	677527386.555131	105625	-152468192.332696	220196400630.063	34328125	-49552162508.1273	71563830204999	105625	-152468192.332696	220196400630.063	34328125	-49552162508.1273	71563830204999	11156640625	-16104452815143	2.32582448166026e+16	
326	1	-1449.74419230559	2102821.64346003	326	-472616.606691622	685519855.767968	106276	-154073013.781469	223479472978.357	326	-472616.606691622	685519855.767968	106276	-154073013.781469	223479472978.357	34645976	-50227802492.7589	72854308191559.3	106276	-154073013.781469	223479472978.357	34645976	-50227802492.7589	72854308191559.3	11294588176	-16374263612640.4	2.37505044704895e+16	
