# <N_i^j*N_k^m*U^p> as a function of N_tot.
# number_of_species: 1
# max_order: 2
# species_total_upper_bound: 326
# species_total_lower_bound: 297
# volume: 729
#	N_tot	N_1^0*N_1^0*U^0	N_1^0*N_1^0*U^1	N_1^0*N_1^0*U^2	N_1^0*N_1^1*U^0	N_1^0*N_1^1*U^1	N_1^0*N_1^1*U^2	N_1^0*N_1^2*U^0	N_1^0*N_1^2*U^1	N_1^0*N_1^2*U^2	N_1^1*N_1^0*U^0	N_1^1*N_1^0*U^1	N_1^1*N_1^0*U^2	N_1^1*N_1^1*U^0	N_1^1*N_1^1*U^1	N_1^1*N_1^1*U^2	N_1^1*N_1^2*U^0	N_1^1*N_1^2*U^1	N_1^1*N_1^2*U^2	N_1^2*N_1^0*U^0	N_1^2*N_1^0*U^1	N_1^2*N_1^0*U^2	N_1^2*N_1^1*U^0	N_1^2*N_1^1*U^1	N_1^2*N_1^1*U^2	N_1^2*N_1^2*U^0	N_1^2*N_1^2*U^1	N_1^2*N_1^2*U^2	
297	1	-1294.70004441326	1677299.23798516	297	-384525.913190738	498157873.681593	88209	-114204196.217649	147952888482.619	297	-384525.913190738	498157873.681593	88209	-114204196.217649	147952888482.619	26198073	-33918646276.6231	43942007879723.6	88209	-114204196.217649	147952888482.619	26198073	-33918646276.6231	43942007879723.6	7780827680.60844	-10073837944159.1	1.30507763402299e+16	
298	1	-1299.86842358484	1690691.6508905	298	-387360.790228284	503826111.965368	88804	-115433515.488029	150140181362.045	298	-387360.790228284	503826111.965368	88804	-115433515.488029	150140181362.045	26463592	-34399187615.4325	44741774046772.8	88804	-115433515.488029	150140181362.045	26463592	-34399187615.4325	44741774046772.8	7886150416	-10250957909396.1	1.33330486660358e+16	
299	1	-1305.0208652031	1704098.72763818	299	-390201.238695727	509525519.563817	89401	-116670170.370022	152348130348.78	299	-390201.238695727	509525519.563817	89401	-116670170.370022	152348130348.78	26730899	-34884380940.6369	45552090974537.3	89401	-116670170.370022	152348130348.78	26730899	-34884380940.6369	45552090974537.3	7992538800.59508	-10430429901244.9	1.36200752013429e+16	
300	1	-1309.94949209739	1716979.82241168	300	-392984.847629216	515093946.723504	90000	-117895454.288765	154528184012.994	300	-392984.847629216	515093946.723504	90000	-117895454.288765	154528184012.994	27000000	-35368636286.6294	46358455205181.6	90000	-117895454.288765	154528184012.994	27000000	-35368636286.6294	46358455205181.6	8100000000	-10610590885989.7	1.39075365615278e+16	
301	1	-1314.85674169106	1729838.3225864	301	-395771.879249009	520681335.098505	90601	-119127335.653952	156725081863.903	301	-395771.879249009	520681335.098505	90601	-119127335.653952	156725081863.903	27270901	-35857328031.828	47174249641085.9	90601	-119127335.653952	156725081863.903	27270901	-35857328031.828	47174249641085.9	8208541200.5911	-10793055737589.4	1.41994491420447e+16	
302	1	-1320.0482512609	1743517.83239754	302	-398654.571880791	526542385.384059	91204	-120393680.707999	159015800382.423	302	-398654.571880791	526542385.384059	91204	-120393680.707999	159015800382.423	27543608	-36358891573.8157	48022771716502.7	91204	-120393680.707999	159015800382.423	27543608	-36358891573.8157	48022771716502.7	8318169616	-10980385255286.4	1.45028770584656e+16	
303	1	-1325.42200092055	1757725.03544188	303	-401602.866278928	532590685.73889	91809	-121685668.482515	161374977778.211	303	-401602.866278928	532590685.73889	91809	-121685668.482515	161374977778.211	27818127	-36870757550.1867	48896618267046.4	91809	-121685668.482515	161374977778.211	27818127	-36870757550.1867	48896618267046.4	8428892480.57934	-11171839537706.3	1.4815675334946e+16	
304	1	-1330.71391497374	1771755.63158411	304	-404537.030152017	538613712.001569	92416	-122979257.166213	163738568448.477	304	-404537.030152017	538613712.001569	92416	-122979257.166213	163738568448.477	28094464	-37385694178.5288	49776524809560.6	92416	-122979257.166213	163738568448.477	28094464	-37385694178.5288	49776524809560.6	8540717056	-11365251030272.8	1.51320635417459e+16	
305	1	-1336.1591346449	1786274.27049966	305	-407528.536066693	544813652.502396	93025	-124296203.500341	166168164012.664	305	-407528.536066693	544813652.502396	93025	-124296203.500341	166168164012.664	28372625	-37910342067.602	50681290024115.1	93025	-124296203.500341	166168164012.664	28372625	-37910342067.602	50681290024115.1	8653650624.56044	-11562654330621.8	1.54577934572748e+16	
306	1	-1341.68241048589	1801068.64327156	306	-410554.817608683	551127004.841097	93636	-125629774.188257	168644863478.23	306	-410554.817608683	551127004.841097	93636	-125629774.188257	168644863478.23	28652616	-38442710901.6066	51605328225432	93636	-125629774.188257	168644863478.23	28652616	-38442710901.6066	51605328225432	8767700496	-11763469535885.4	1.57912304369518e+16	
307	1	-1346.93064608287	1815181.55234478	307	-413507.708347442	557260736.569846	94249	-126946866.462665	171079046126.52	307	-413507.708347442	557260736.569846	94249	-126946866.462665	171079046126.52	28934443	-38972688004.0417	52521267161158.4	94249	-126946866.462665	171079046126.52	28934443	-38972688004.0417	52521267161158.4	8882874000.53646	-11964615217243.1	1.61240290184133e+16	
308	1	-1352.41752368011	1829993.74178853	308	-416544.597293473	563638072.470868	94864	-128295735.96639	173600526316.59	308	-416544.597293473	563638072.470868	94864	-128295735.96639	173600526316.59	29218112	-39515086677.648	53468962106745.9	94864	-128295735.96639	173600526316.59	29218112	-39515086677.648	53468962106745.9	8999178496	-12170646696718.2	1.64684403289553e+16	
309	1	-1357.40875639523	1843515.30625017	309	-419439.305726125	569646229.631302	95481	-129606745.469373	176020684955.624	309	-419439.305726125	569646229.631302	95481	-129606745.469373	176020684955.624	29503629	-40048484350.0364	54390391651536.8	95481	-129606745.469373	176020684955.624	29503629	-40048484350.0364	54390391651536.8	9116621360.53377	-12374981664163.3	1.68066310203322e+16	
310	1	-1362.79750629692	1858170.6404058	310	-422467.226952044	576032898.525798	96100	-130964840.355134	178570198540.094	310	-422467.226952044	576032898.525798	96100	-130964840.355134	178570198540.094	29791000	-40599100510.0911	55356761548250.3	96100	-130964840.355134	178570198540.094	29791000	-40599100510.0911	55356761548250.3	9235210000	-12585721158115.2	1.7160596080051e+16	
311	1	-1367.98498556965	1872325.21969157	311	-425443.330512161	582293143.324078	96721	-132312875.789282	181093167573.451	311	-425443.330512161	582293143.324078	96721	-132312875.789282	181093167573.451	30080231	-41149304370.4631	56319975115315.3	96721	-132312875.789282	181093167573.451	30080231	-41149304370.4631	56319975115315.3	9354951840.51641	-12797433659217.8	1.75155122607884e+16	
312	1	-1373.80657853734	1888294.92707314	312	-428627.652503651	589148017.246819	97344	-133731827.581139	183814181381.007	312	-428627.652503651	589148017.246819	97344	-133731827.581139	183814181381.007	30371328	-41724330205.3154	57350024591180	97344	-133731827.581139	183814181381.007	30371328	-41724330205.3154	57350024591180	9475854336	-13017991024058.4	1.78932076723671e+16	
313	1	-1379.1672655827	1903058.05000075	313	-431679.354127384	595657169.650234	97969	-135115637.841871	186440694100.243	313	-431679.354127384	595657169.650234	97969	-135115637.841871	186440694100.243	30664297	-42291194644.5056	58355937253468.4	97969	-135115637.841871	186440694100.243	30664297	-42291194644.5056	58355937253468.4	9597924960.50213	-13237143923743.3	1.8265408360312e+16	
314	1	-1384.71879654453	1918407.12527647	314	-434801.702114984	602379837.336812	98596	-136527734.464105	189147268920.988	314	-434801.702114984	602379837.336812	98596	-136527734.464105	189147268920.988	30959144	-42869708621.7287	59392242441981.3	98596	-136527734.464105	189147268920.988	30959144	-42869708621.7287	59392242441981.3	9721171216	-13461088507227	1.86491641268925e+16	
315	1	-1390.25542639796	1933779.86844199	315	-437930.459315357	609140658.559227	99225	-137948094.684337	191879307445.939	315	-437930.459315357	609140658.559227	99225	-137948094.684337	191879307445.939	31255875	-43453649825.5671	60441981845598.9	99225	-137948094.684337	191879307445.939	31255875	-43453649825.5671	60441981845598.9	9845600624.49315	-13687899695053.6	1.90392242812941e+16	
316	1	-1395.86760342393	1949424.75440751	316	-441094.162681961	616018222.392772	99856	-139385755.4075	194661758271.338	316	-441094.162681961	616018222.392772	99856	-139385755.4075	194661758271.338	31554496	-44045898708.7699	61513115615194.8	99856	-139385755.4075	194661758271.338	31554496	-44045898708.7699	61513115615194.8	9971220736	-13918503991968.5	1.94381445344306e+16	
317	1	-1401.42862342645	1964992.47116799	317	-444252.873626186	622902613.360252	100489	-140828160.939501	197460128435.1	317	-444252.873626186	622902613.360252	100489	-140828160.939501	197460128435.1	31855013	-44642527017.8186	62594860713823	100489	-140828160.939501	197460128435.1	31855013	-44642527017.8186	62594860713823	10098039120.4831	-14151681064650.9	1.98425708462828e+16	
318	1	-1406.90913612804	1980358.40023691	318	-447397.105288717	629753971.275338	101124	-142272279.481812	200261762863.189	318	-447397.105288717	629753971.275338	101124	-142272279.481812	200261762863.189	32157432	-45242584875.2158	63683240591231.1	101124	-142272279.481812	200261762863.189	32157432	-45242584875.2158	63683240591231.1	10226063376	-14387141990348.2	2.02512705080359e+16	
319	1	-1412.53435533407	1996229.65073984	319	-450598.459351569	636797258.586009	101761	-143740908.533151	203138325488.974	319	-450598.459351569	636797258.586009	101761	-143740908.533151	203138325488.974	32461759	-45853349822.0942	64801125830897.4	101761	-143740908.533151	203138325488.974	32461759	-45853349822.0942	64801125830897.4	10355301120.4661	-14627218593234.4	2.06715591401135e+16	
320	1	-1418.45859031456	2012998.33780491	320	-453906.748900659	644159468.09757	102400	-145250159.648211	206131029791.222	320	-453906.748900659	644159468.09757	102400	-145250159.648211	206131029791.222	32768000	-46480051087.4275	65961929533191.1	102400	-145250159.648211	206131029791.222	32768000	-46480051087.4275	65961929533191.1	10485760000	-14873616347976.8	2.11078174506212e+16	
321	1	-1424.53524345408	2030272.26400559	321	-457275.813148759	651717396.745794	103041	-146785536.020752	209201284355.462	321	-457275.813148759	651717396.745794	103041	-146785536.020752	209201284355.462	33076161	-47118157062.6459	67153612278140.6	103041	-146785536.020752	209201284355.462	33076161	-47118157062.6459	67153612278140.6	10617447680.4577	-15124928417101.3	2.15563095412478e+16	
322	1	-1430.19144914826	2046432.47000664	322	-460521.646625741	658951255.342139	103684	-148287970.213489	212182304218.096	322	-460521.646625741	658951255.342139	103684	-148287970.213489	212182304218.096	33386248	-47748726408.7307	68322701958885.3	103684	-148287970.213489	212182304218.096	33386248	-47748726408.7307	68322701958885.3	10750371856	-15375089903634.3	2.19999100307925e+16	
323	1	-1435.81103998846	2062537.17239748	323	-463766.965916273	666199506.684387	104329	-149796729.990956	215182440659.194	323	-463766.965916273	666199506.684387	104329	-149796729.990956	215182440659.194	33698267	-48384343787.0709	69503928332924	104329	-149796729.990956	215182440659.194	33698267	-48384343787.0709	69503928332924	10884540240.4388	-15628143043242.5	2.24497688515289e+16	
324	1	-1441.95943995769	2080237.65537963	324	-467194.858546292	673997000.343	104976	-151371134.168999	218375028105.928	324	-467194.858546292	673997000.343	104976	-151371134.168999	218375028105.928	34012224	-49044247470.7556	70753509108198.5	104976	-151371134.168999	218375028105.928	34012224	-49044247470.7556	70753509108198.5	11019960576	-15890336180523.3	2.29241369510225e+16	
325	1	-1447.67878728181	2096777.27676689	325	-470495.605866588	681452614.94924	105625	-152911071.906641	221472099858.724	325	-470495.605866588	681452614.94924	105625	-152911071.906641	221472099858.724	34328125	-49696098369.6732	71978432453986.8	105625	-152911071.906641	221472099858.724	34328125	-49696098369.6732	71978432453986.8	11156640624.4253	-16151231970148.6	2.33929905475142e+16	
326	1	-1453.76541672148	2114463.13544987	326	-473927.525851203	689314982.156656	106276	-154500373.427492	224716684181.262	326	-473927.525851203	689314982.156656	106276	-154500373.427492	224716684181.262	34645976	-50367121737.3461	73257639043528.1	106276	-154500373.427492	224716684181.262	34645976	-50367121737.3461	73257639043528.1	11294588176	-16419681686388.7	2.38819903282399e+16	
