# lnPI (bias) matrix in single row (vectorized) notation.
# species_total_upper_bound: 100
# species_total_lower_bound: 0
# volume: 512
0
8.77523331474651
16.8500033156719
24.520882854128
31.9070805399117
39.0674048988481
46.0442511852821
52.8703152330296
59.564773252807
66.1396069827112
72.6068833479222
78.9819463227824
85.2690923194537
91.4765665918463
97.6102301694884
103.67188732292
109.668548538182
115.607378097154
121.488235454573
127.315599581989
133.091606028918
138.817378323932
144.496786874088
150.134596519638
155.727600754665
161.278699883124
166.791944638839
172.269806520811
177.708789199848
183.11250422985
188.481123785219
193.817550431066
199.123537258026
204.400193569269
209.647047849187
214.863899993809
220.047876115781
225.206563896602
230.340984727126
235.449031567684
240.528370608995
245.584933735309
250.618251523481
255.626373277166
260.61280081118
265.576771733846
270.517431981637
275.437755576405
280.336531938818
285.218055377271
290.078644375338
294.917138572498
299.736464877145
304.535475345868
309.316299432224
314.078387248895
318.823499935246
323.550397563159
328.258745830269
332.95337619274
337.631915860681
342.29216079577
346.939399218447
351.566917097489
356.177805102785
360.774802989434
365.35935509724
369.926310124257
374.477749406697
379.01449908638
383.537002110312
388.045895752281
392.541092156906
397.022977221186
401.488466400971
405.940976446895
410.377545100632
414.803308652923
419.219499714647
423.622442454469
428.01252042761
432.39027006125
436.754592299764
441.108778045077
445.447853691062
449.773940337207
454.090426879938
458.398070534767
462.692213076713
466.97498885318
471.247913640121
475.507396402807
479.757242217455
483.994671361708
488.22124557094
492.433571774344
496.640179329928
500.83509538387
505.019644246019
509.196028946235
513.36342330058
