# <P(U)> as a function of N_tot.
# number_of_species: 1
# species_total_upper_bound: 369
# species_total_lower_bound: 342
# volume: 729
# Bin widths for each
10	10	10	10	10	10	10	10	10	10	10	10	10	10	10	10	10	10	10	10	10	10	10	10	10	10	10	10	
# Bin lower bound for each
-1660	-1660	-1670	-1670	-1680	-1680	-1690	-1700	-1700	-1710	-1710	-1720	-1720	-1720	-1730	-1740	-1740	-1750	-1750	-1760	-1770	-1770	-1780	-1790	-1790	-1800	-1800	-1800	
# Bin upper bound for each
-1450	-1460	-1460	-1460	-1470	-1470	-1470	-1480	-1490	-1490	-1500	-1500	-1500	-1510	-1510	-1520	-1520	-1530	-1540	-1550	-1560	-1570	-1570	-1570	-1570	-1580	-1580	-1590	
# Normalized histogram for each
0.000158555912200991	0.000210143481720931	0.000611464426956933	0.00321132620261625	0.00498502822522829	0.0126662655986017	0.0257695082566664	0.0441483385388731	0.0535843119166527	0.0808453078450279	0.120179312322525	0.122147226371566	0.125451106743026	0.125458693150309	0.105860727217829	0.0754430272192707	0.0495976548897809	0.0254857766243067	0.0131768308087034	0.00730571021289735	0.00365437238790514	4.93116473352365e-05	
0.0004422998978241	0.000345209676350517	0.00167827382832908	0.00497394745723792	0.00817715420855288	0.0180896034866177	0.0361815186451753	0.0525350565049678	0.0693940799622735	0.10218591698632	0.131695179855782	0.119873289555404	0.123619739212583	0.115372464288521	0.0875245229864952	0.0583234830423452	0.03515205407463	0.0184348131629682	0.0093630419136945	0.00563893841860064	0.000999412835327279	
4.27976596683415e-05	0.000148624599939149	0.000688653251026949	0.00327518817352817	0.00709740825154441	0.0150398757467219	0.0260521026490195	0.047001946126306	0.0662896841299275	0.0876184814300955	0.11915413149153	0.131844804792093	0.119734623384486	0.115415950454317	0.098448623743986	0.0709343974128426	0.0451818783815015	0.0240810758864757	0.0121304130285414	0.00617297880270824	0.00344482253366814	0.000201538070074554	
0.000321073933718153	0.00043434819257249	0.00172879955065273	0.00486063750752883	0.0111094705873622	0.0197917472281008	0.0394249104938055	0.0598580243875573	0.0795302477425221	0.109325283830139	0.128857672065552	0.128669402435318	0.113736730311176	0.103382681850105	0.0817418299964299	0.0551387844031501	0.0327089187464211	0.0167411542568857	0.00766358951283475	0.00354040649053691	0.00140538201157897	2.89044660524858e-05	
3.86149586626868e-05	0.000357574517216479	0.00112060610039117	0.00424301165785602	0.00770522885155251	0.0160684565987172	0.0287434306301575	0.0539976135955546	0.0742581101066931	0.0965706055211668	0.119372738611483	0.131143350311043	0.119596705371727	0.106096143524078	0.0913398232207192	0.067768480153842	0.0415118528615615	0.0232948599628524	0.00971629589870524	0.00465696401472002	0.00217633907022903	0.000223194461070329	
0.000200487723442398	0.000785568628429939	0.00244485807497461	0.00704047355668342	0.0130036181403164	0.0212423373904143	0.0395920347865703	0.0663037084768082	0.087884612684242	0.106240550943384	0.129281036981794	0.131249249146172	0.111051476198129	0.0999403997584786	0.0761003031499196	0.0533273941120578	0.0299647235219686	0.0141925025392511	0.00669878630817069	0.0026172619149776	0.000791809491416473	4.68064723990033e-05	
7.89459204496249e-05	0.000439385880482256	0.00193696606840544	0.00569048574069216	0.0088403482232782	0.0191695048655407	0.0299213012839477	0.0554463514624532	0.0809490735018417	0.100459879922458	0.118090338056001	0.131224865891614	0.123045590072909	0.106769971523648	0.085801456592104	0.0621017317864186	0.0372720436547017	0.0190722179736735	0.00807959662621818	0.00416659024595243	0.00123203481913809	0.000200155818513696	1.11640695585328e-05	
2.70757332148372e-05	0.000758120530015441	0.0012630033199627	0.00403587693919985	0.00773410355830879	0.0152563793214662	0.0229610181112765	0.0433020608614702	0.0693799736728312	0.0971103025553918	0.114608393318028	0.126799640370555	0.129155229160246	0.111044749019898	0.0921705739338731	0.0710897265908387	0.0475250788978902	0.0254695051591217	0.0119093408890556	0.0050918305345785	0.00287400944624551	0.000419673864829976	1.43342117019726e-05	
0.000461865986697297	0.00156120325711743	0.0028249199151642	0.0059545430854412	0.0105098567493776	0.0205610549147432	0.0331276586361322	0.0571246436776079	0.0835327936878315	0.108152816700946	0.122557262161068	0.135665916936289	0.12030085437189	0.0969990738624746	0.080429631589709	0.0588253689515402	0.0333938730590202	0.0166239681184173	0.00707553032398776	0.00371417230969077	0.000519599235034459	8.33924698203454e-05	
0.000108261657114326	0.000732785992557415	0.0026112065357724	0.0051181910285019	0.00868193856231751	0.0151113883184056	0.027176907626953	0.0499659864495186	0.0759310098550425	0.0996637425246942	0.11933504720693	0.129513258821305	0.12804768683619	0.105236794097639	0.0838381504384597	0.0666899887052391	0.0447476129920452	0.0199290320599931	0.010898070841904	0.00426421661380158	0.00207555370990077	0.000311858206314402	1.13109194000042e-05	
0.000399861511378986	0.00213747108724946	0.00354673909686564	0.00712923816629363	0.0132027444153488	0.0229733441913614	0.0383330651335391	0.0712745016766551	0.0907287394772217	0.11304946416932	0.127459107658648	0.12385791587629	0.115545347708842	0.0890707771129674	0.0741401758415378	0.0568299109414138	0.0270564828766622	0.0132003062354014	0.00612958438784616	0.00253570714533015	0.00103297557106238	0.00036653971876407	
6.97800614557106e-05	0.0017978627598589	0.003431537139822	0.00487475299910599	0.0113536264697939	0.0188184511617559	0.0322351046249404	0.0540976083499643	0.0822197940585151	0.110362503314553	0.12041986252507	0.130950905211585	0.118561250064649	0.0999365411911703	0.0766611964571431	0.0624449455838662	0.0412474047974203	0.0173267997304027	0.0079163427366755	0.00347176329289647	0.00153023570062876	0.000251208221240558	2.05235474869737e-05	
0.000546370801405579	0.00157933994366235	0.00383638172882161	0.0068494188601476	0.0158969489105417	0.0274111452908562	0.0446853863910735	0.0699186252670819	0.100134866875786	0.119770541100722	0.130075818419683	0.122102508927985	0.109951020256971	0.0857448574637282	0.0662649283824899	0.0517966254657622	0.0243880057718308	0.0117162441343011	0.00451239983903529	0.00200111463010949	0.000545528935763968	0.000265187677107484	6.73492513288849e-06	
0.000733891342832099	0.00169637179244797	0.00461475001289036	0.00986972139628414	0.0215544059261296	0.0374104119760067	0.0612524276850627	0.0851468642043209	0.114553220012718	0.126985545606105	0.133105890036609	0.112424591375488	0.100784593437946	0.0724025918223536	0.0545245174707389	0.033737517831669	0.0173435539590602	0.00754086245123146	0.00303611020401148	0.000818108382173487	0.000284447347163261	0.000179605726758675	
0.000220986399766137	0.00120237482077481	0.0038115803833679	0.0067757562259003	0.0167070938374375	0.0299810682517366	0.0512410039394741	0.0788773542881802	0.104777134345811	0.127316877096761	0.130101827748932	0.121605161685482	0.103665242145413	0.0827681069643777	0.0593278881356404	0.0401681932708771	0.0238621810487632	0.0102097456742347	0.00502613555688573	0.0019584267160377	0.00029493854142016	8.2652393613319e-05	1.82705291145232e-05	
5.26627949440264e-05	0.000711379393997995	0.0023154363285226	0.00607866785575229	0.0113889769000262	0.0231431400666314	0.0415276354491403	0.0686006286729062	0.09624859601852	0.120393192513595	0.12738180440002	0.132400309760833	0.112946155313806	0.0897028696043297	0.0667401643597197	0.0476477428812419	0.0274839356892308	0.0143121936816733	0.00609248104786875	0.00377877136836071	0.000764905513449301	0.000244320835559991	4.40295498712351e-05	
0.00025344849435215	0.000787069644025555	0.00427931403389141	0.00874138684602314	0.0150301853708495	0.0359896861980053	0.0591517751308406	0.0846423143468227	0.109650956595652	0.130614767771352	0.128375110668199	0.122273381270156	0.103517330618388	0.0767974799978276	0.0523388382231364	0.0329026145712195	0.0193663960055138	0.00786121367346006	0.00482155588065162	0.00173276011444837	0.000745690298008878	0.00012155182892399	5.1724182520847e-06	
7.15512938858978e-05	0.000599794179611415	0.00205997058446807	0.0074024671946151	0.0127926646673527	0.0253671420558188	0.050887103541789	0.0762268617690837	0.104875646501274	0.122998440888473	0.124868491371886	0.122907455909828	0.112151794744955	0.0858483024234688	0.0647742380008038	0.0386085481712461	0.0251021372636488	0.0123289062810552	0.00523737804258627	0.00276841672886918	0.00159974559539952	0.000445208050845586	7.77347390365309e-05	
0.000339621064685366	0.00122334708117032	0.00338198568079354	0.0100010402006431	0.0181937315908935	0.0363945756648171	0.0639741176742536	0.0943195265220047	0.116700732496846	0.127755309246317	0.127100071747173	0.122641433947704	0.0977130699877221	0.071363987542486	0.0486547182878831	0.0293576627669515	0.0179003416659036	0.00750189147595581	0.00342110433745887	0.000945071182619225	0.00100730540913225	0.000109354426587173	
0.000144475135377717	0.000857821116305193	0.00243079415273008	0.00735288142112967	0.0139346268071808	0.0283117087164558	0.0517365459787604	0.077201191558679	0.108294046631156	0.129286283801538	0.128167504471957	0.118476834766497	0.107913896431193	0.0860909272323892	0.0618245223065094	0.0373558521911009	0.0217534405399036	0.0111029141537775	0.00483359624798073	0.00196486184113695	0.000716957859311919	0.000248316638930451	
1.47791805683334e-05	0.000420282947411981	0.00170607165685699	0.0053371315827394	0.0125817011575793	0.02214198358772	0.0431967737048819	0.0679500537592693	0.0914360190799221	0.116236407772371	0.129352006827981	0.121798921858778	0.11693564775301	0.0955455549767043	0.0740279917679964	0.0489320194641808	0.0276148988919309	0.0125188896401639	0.00684276060313836	0.00365969458823356	0.00148161285197542	0.000268796346586564	
0.000333934415280839	0.00126330681611878	0.00373912479082066	0.00894379836757807	0.0207867118559887	0.0369124518029166	0.0579126935526201	0.0846622512071024	0.107247505603984	0.120885198991988	0.12878862704041	0.114484946142493	0.10454686981167	0.0811375969703212	0.0601731003129577	0.0338289672584361	0.0185234831146768	0.0091582689216176	0.00432703749377988	0.00195092951349989	0.000393196015739129	
0.000277389875269553	0.000719123751983053	0.00299239077773661	0.00615007552224344	0.0168989331889386	0.0324660149904528	0.0487113720349207	0.0701796384431968	0.101524694348656	0.115859671122004	0.12686786932277	0.118042691441762	0.108880275869931	0.0932067979518748	0.067447538164857	0.0439966941206646	0.0235904889471534	0.013055373478868	0.00582993720729193	0.00239201269153676	0.000648826317839399	0.000262190430049303	
3.38049454646689e-05	0.000342026507054297	0.00180259900374837	0.00426240591785398	0.0133668731419708	0.0268441094882528	0.0446881493780884	0.059721407478847	0.0819541247004782	0.11370094554421	0.125071338377561	0.124482734621235	0.114325342772204	0.100027839366853	0.076192370024956	0.0512562514292532	0.0318422701015143	0.017465225648011	0.00771945872316732	0.00272825795161916	0.00155303896517096	0.000573689809797469	4.57361026874932e-05	
0.000191951055527683	0.0014746716011968	0.00349879040366596	0.00757952765821743	0.0236333389530644	0.0400304277969503	0.0545323808227693	0.0730043691716449	0.101116566087022	0.118364739505152	0.125035292588252	0.11450540611359	0.105566986855923	0.0895456752106891	0.0605763000367652	0.0394068407699979	0.0231204538576068	0.0101571561181606	0.00480283884439371	0.00249841056401111	0.000959755277638413	0.0003686679002992	2.94528074619196e-05	
2.35044285409166e-05	0.000636663433956133	0.00259366259290636	0.00464774526104734	0.0125646499526335	0.0340824433160048	0.05266729277014	0.0676733374960017	0.0857819667892644	0.110862213974098	0.126321996363967	0.118094424442971	0.109134127510503	0.0936876302324179	0.0766755336271727	0.0464968693123115	0.0304740025691362	0.0156989144019809	0.00669876213416123	0.00265497849344789	0.0018588937180838	0.000369939266600514	0.000300447912653456	
5.02710447160943e-05	0.00174482417702111	0.00444794014394276	0.00766005043861486	0.0236808040015752	0.0472348830779285	0.0622376479853879	0.0796995048302095	0.0941157742159812	0.124436545373807	0.12644005596843	0.110586872554523	0.100366140775682	0.086090211389743	0.0558699823213493	0.0377912578653239	0.0203974763935553	0.0086832756612737	0.00405938686082461	0.00298170133972334	0.0010755908942381	0.000299531641433395	5.02710447160943e-05	
0.00052259788984015	0.00306618802167782	0.00736473967895455	0.0128199466256159	0.0352233080761878	0.0571671619254315	0.077919660826609	0.0854989074865039	0.119816869922546	0.121860995270331	0.120155454470893	0.102196803845984	0.0911223552025303	0.070575951243825	0.0433819338855837	0.0270941244014309	0.0120923052981121	0.00515973409546402	0.00434061184961799	0.00193161433327235	0.000213455476131892	0.000475280173456233	
