# <P(U)> as a function of N_tot.
# number_of_species: 1
# species_total_upper_bound: 369
# species_total_lower_bound: 342
# volume: 729
# Bin widths for each
10	10	10	10	10	10	10	10	10	10	10	10	10	10	10	10	10	10	10	10	10	10	10	10	10	10	10	10	
# Bin lower bound for each
-1660	-1660	-1670	-1670	-1680	-1680	-1690	-1700	-1700	-1710	-1710	-1720	-1730	-1740	-1750	-1760	-1760	-1770	-1770	-1780	-1790	-1800	-1800	-1800	-1810	-1810	-1810	-1810	
# Bin upper bound for each
-1430	-1430	-1440	-1440	-1450	-1460	-1460	-1470	-1470	-1470	-1470	-1490	-1500	-1510	-1510	-1520	-1520	-1530	-1540	-1540	-1550	-1560	-1560	-1570	-1570	-1580	-1580	-1590	
# Normalized histogram for each
6.91302390550128e-05	0.000153806512730052	0.000608279950345304	0.0036149491991973	0.00608544563700538	0.0141882373409798	0.0276259650531757	0.0477484876519832	0.063087462321539	0.0950616863346056	0.120920034174815	0.129928465087079	0.127849265648324	0.112819557837699	0.0921023167230017	0.0645795508783675	0.0425984502257317	0.0237573177996473	0.0136904334664449	0.00748491951950184	0.00403998440104271	0.00105977648771417	0.000847424270138482	7.90532398763065e-05	
0.000224905366228691	0.000272288989380729	0.00166309843513916	0.00527226229438177	0.00945236544385775	0.0204777337013684	0.0377804309640632	0.0592241899402566	0.0839163966022605	0.109862600840359	0.130000640679975	0.129387323078894	0.120307352870513	0.100758605132914	0.0760016630984351	0.0494444770716654	0.0313225770284195	0.0170594390846819	0.00988615917693979	0.00524156304557904	0.00153095819029263	0.000596299539244318	0.000289974426190997	2.6694998958895e-05	
3.58020175450151e-05	0.000306343678427629	0.000772445416277826	0.00365788537747655	0.00736710949709311	0.0153097533139665	0.0289182352847797	0.0509118199685415	0.0750717644686592	0.0999703788968047	0.122389534732517	0.133632719261181	0.125826866171721	0.108804020093713	0.087608887952182	0.0588868882541349	0.0377001999846659	0.0210117312403339	0.0113887568830223	0.00589044515080249	0.00327554685048638	0.000785280101812832	0.000411047692002674	6.65377118525281e-05	
0.000230387036709235	0.000502662625547423	0.00210388631176703	0.00524687896505549	0.0113041662894445	0.0221168177131823	0.0410707119297245	0.065379246789783	0.0897475741798965	0.113737553357232	0.130801057753503	0.132038121284925	0.115315468091058	0.0981756184304224	0.0713784306386383	0.0454386069218806	0.0276903598226628	0.0142711594616105	0.007639931410874	0.00345783241606412	0.00172114655723395	0.000407737761448749	0.000218563655059934	6.08059627678334e-06	
2.64811333656917e-05	0.000365707803822401	0.00103209379282234	0.00444950081387585	0.00815216662599522	0.0173169852000633	0.0305893962837919	0.0568094055622447	0.0816594351942978	0.104093648014116	0.122269091221136	0.132991939008922	0.123560297875878	0.106570136790138	0.0825202396307927	0.0557739597272242	0.0351622522505611	0.0192085426125012	0.00930694516327127	0.00478470503369473	0.0024550357059535	0.000762254395868139	0.000118662293815884	2.11178658485896e-05	
0.000180732369608207	0.000688003710947567	0.00224609984293577	0.00690275581259715	0.0129889946533058	0.0241282799703775	0.043170622207634	0.0721885096259484	0.0953392071918598	0.114114689438719	0.128266406972675	0.132481913199634	0.112972311665342	0.094831257680278	0.0675684748493784	0.0429620848580861	0.0249271645159628	0.0128648894989407	0.00685053670392986	0.00279541773930593	0.00120748211665071	0.00028618784230643	3.79775335762087e-05	
9.03772140285899e-05	0.000284091393531379	0.00157119933973477	0.00521357158813228	0.00997696233657498	0.0199058371743649	0.0336370348770785	0.0598164148893902	0.0860657093502901	0.106359315929751	0.12235540072063	0.133940054328642	0.122780685195701	0.103818522554231	0.0789528520831948	0.0516221004687679	0.0312520995649957	0.0174318888326163	0.00867348417801924	0.00408266275145755	0.00148457363270359	0.000531690855360648	0.000131984837090809	2.14859037124572e-05	
1.16034064871233e-05	0.000335816234803803	0.000778110787960032	0.00326704147944798	0.00729649502043223	0.0154840634037433	0.0258998271092433	0.047551442337554	0.0726833969586789	0.100130231173985	0.120335857188003	0.129697417286482	0.131386395483681	0.10775981221593	0.0908089417215496	0.063271327914315	0.0398184544672091	0.022567943064132	0.0115880490373609	0.00583378324973193	0.00241999280588798	0.000770943978070927	0.000271997499124625	3.10561761861241e-05	
0.000271213540310022	0.000715615803678806	0.00206233131418374	0.00482192042740206	0.0115537660926961	0.0220826013223305	0.0364718131889447	0.0613295906095689	0.0886573855984571	0.111910049933773	0.127816048636935	0.133594663570514	0.118960562849495	0.0959673352213213	0.075438583122274	0.0496345025188568	0.0295882542022512	0.0160681033479458	0.00754791092834698	0.00390194193051391	0.000953577109161545	0.000515409639822876	0.000107030630850315	2.97884603661071e-05	
4.66180192560251e-05	0.000383033128364803	0.00145698704958383	0.00408777407655444	0.00795880915313497	0.0176080433478	0.0307647616479818	0.0528644859406664	0.075673569496508	0.104317211268341	0.122386564269376	0.131779399358132	0.12751350270054	0.105465962757769	0.0821886116353706	0.0580095149464676	0.0380427389825791	0.0202663141323917	0.0105920314497682	0.00539620967671795	0.00231698513615767	0.000461657548901085	0.000352418309748906	5.46196195760891e-05	1.21763483131409e-05	
0.0002166642553843	0.00131297836447633	0.00275448042015308	0.00572632741094291	0.0128867825674117	0.0250210343418112	0.0428261306222092	0.0696837193492066	0.0941671313652587	0.120109603318299	0.128212916701197	0.127905653778245	0.116635952079626	0.0881992075074691	0.0676199659798492	0.047095153884295	0.0256408275521083	0.012718226906821	0.00653047837501106	0.00312284477006901	0.00114196460050201	0.000389433807489771	6.98803676198957e-05	1.0534728786919e-05	2.10694575738379e-06	
3.01746294555503e-05	0.000898138970853438	0.00215091858671976	0.00387442242209266	0.00963316170477427	0.0195659397302601	0.0347714680063729	0.0571475532280464	0.0840768125367421	0.113215209717225	0.127174703294644	0.129544299196006	0.1213822394261	0.0996401764186336	0.0743350221659278	0.0552259618251888	0.0342719891399734	0.0180533033054354	0.00857882465203327	0.00414137914386411	0.0016432748205852	0.000522198587401347	0.000109693652961942	1.31348387041807e-05	
1.80153497986424e-05	0.000303378490609139	0.0014743762275209	0.0031822313884322	0.00670171012509499	0.0147747486768626	0.0290364201914599	0.0469062059637293	0.0717518954850291	0.0998713343717381	0.123231478148642	0.130906017162863	0.12463451359096	0.110078110953657	0.0836059956525358	0.0621907890398936	0.0446759056586574	0.0241340832042534	0.0128161198467542	0.0056863650104435	0.00287777197683514	0.000900407182936149	0.00017330766506294	6.88186362308141e-05	
1.81589115403151e-05	0.000120938350858499	0.000532056108131234	0.00179664270779878	0.00429167715343808	0.00942774369350082	0.021472186539961	0.038442778909078	0.0622087991548116	0.0878593512401992	0.115927943986295	0.128242228258244	0.129232252115422	0.116142219142471	0.100154750244147	0.0691694731264452	0.0508594794421147	0.0330535771421432	0.0169473489623453	0.00832331869361885	0.00361180750536868	0.00167788342632512	0.00037625264711533	0.000111132538626729	
3.65901225695926e-06	1.93927649618841e-05	0.00020563648884111	0.00119174029209163	0.00354668058067061	0.00739230246273479	0.0170498994137531	0.0315194633838984	0.0525093871959452	0.0778308497177804	0.1071534421426	0.126310200813911	0.128017861834234	0.121786563960632	0.10659324736606	0.0815535287880107	0.0564164804839263	0.0383076629230093	0.0224703601712125	0.0115734557687621	0.00541899715255666	0.00229273708021067	0.000662281218509626	0.000166485057691646	7.68392573961444e-06	
5.90943640966282e-06	8.42094688376951e-05	0.000104523156495911	0.000717627183998428	0.00246903639991224	0.00636298565410444	0.0125224650918511	0.0252063316656411	0.0436223515568041	0.0690550885048904	0.0921728037394914	0.119759899598675	0.126885571889402	0.129222753989424	0.113300146923363	0.092049074914664	0.0672841042808696	0.0443662018648704	0.0283712042027912	0.0143233658376959	0.00671976787733783	0.00348287408394502	0.00148880863545943	0.000386329405281707	3.65646377847887e-05	
9.64181221739516e-05	0.00012449389721311	0.0003513166060821	0.00119211218488637	0.00460184117977362	0.0102768419186098	0.0181310399858143	0.0383223246741732	0.0587906729319975	0.0843145077873334	0.107516919348642	0.128407512486332	0.127560806218045	0.121257794721754	0.103277107899636	0.0778703785796613	0.050357227295564	0.0329716730206579	0.0190737949581819	0.00852764725005172	0.00388701717055295	0.0020790850252682	0.000869979608121287	0.00013927062091793	2.21650855572303e-06	
5.3445936071933e-05	0.000213036248678334	0.00035842414470618	0.000507923266585713	0.00268425673334701	0.00922484331557658	0.0139557430274544	0.0275482031887415	0.0525481938450464	0.0741822117722336	0.100911907268685	0.122133681367289	0.125962727626429	0.124708056246055	0.111574184641133	0.0871961103318469	0.0619049701356817	0.0380706988822324	0.0245062698062977	0.0123385362765225	0.00493122853519639	0.00265211442214291	0.00139445305933134	0.000367767839823651	7.10120828927781e-05	
4.00917116815901e-05	0.000432687907205086	0.000507197975141626	0.00121334161391076	0.00584015207618333	0.0121731296270941	0.0208079765864404	0.0401582790519294	0.0640612601354495	0.0894794053415776	0.114038982759808	0.126357728509519	0.128715953248525	0.121058058093647	0.0971384351675418	0.0712562094875145	0.0487904784454098	0.0287745022765284	0.0166622666643469	0.00745554547799532	0.0028102020546624	0.00127726141838424	0.000865375814410172	8.5478555094711e-05	
5.7038080904335e-06	0.000113315654063279	0.000487485464795716	0.00120160223771799	0.00347818217354635	0.0100257736074913	0.0165064403598418	0.0312621918897933	0.0554231427069969	0.0771729037174379	0.103478486376645	0.128442913626854	0.126041230166909	0.122288504697276	0.106723192672356	0.084770756347768	0.0588096836972236	0.0353940304705033	0.0209957175808857	0.0100885154964861	0.00435846988883658	0.00197579912252616	0.000757465714409568	0.000195450490565521	3.04203098156453e-06	
2.29996795377984e-06	0.000223863547501238	0.000221563579547458	0.000631341203312567	0.00233446747308654	0.0072230493588456	0.0144315322539839	0.0252271985010342	0.0452541694585722	0.0673879110617725	0.0928270899425468	0.115086179799228	0.128393411051806	0.125241688299143	0.114872666107519	0.0937049110449061	0.0710149605248833	0.046388436987778	0.0257719075780877	0.0126950564488801	0.00645601004626002	0.0030578073945503	0.00121859968751102	0.000274462842484395	5.94158388059793e-05	
7.87717448441011e-05	5.45638427700603e-05	0.000421909150433283	0.000634016482891545	0.00156621283894905	0.00458989508372092	0.0118415066383447	0.0215458013507241	0.0377132216644585	0.0577777299596996	0.0838062199706739	0.106238875892618	0.124047438266007	0.127068046491468	0.122167291204923	0.102638046522208	0.0773300297872471	0.0554287949536899	0.0318118730921868	0.0179595735720412	0.00946029442956961	0.00368574915387618	0.00166419720448684	0.000416145364225178	5.3795337942313e-05	
0.000152468503674105	0.000507585018560628	0.000627629840440746	0.00120122021122485	0.00349133573603109	0.00807619874018556	0.0181155742137547	0.0310854329275612	0.0513892196661982	0.0715065702345197	0.0983456588357042	0.116814419583286	0.126196057511892	0.124739307808433	0.11169224985226	0.0890350442100761	0.0648577854856932	0.0396120892469561	0.0220585255176306	0.0117010891655109	0.0059254278478511	0.00202184815758218	0.000514532950373625	0.000324622814151702	8.10592044849672e-06	
0.000506683778495006	0.000829913085465958	0.000971673358916364	0.0022729294264149	0.0059197819512567	0.0147577606800681	0.0263443797809347	0.0448990920989098	0.0631976829144324	0.0857018285089837	0.112002131566241	0.122346263564512	0.126317139571527	0.11754388612163	0.0981604519809906	0.0731971428752954	0.0491705634196549	0.0285398771252128	0.0150214268469338	0.00722818559556787	0.00305598617499809	0.00144500177895245	0.000490006099265547	8.02116953416859e-05	
5.11514765726237e-05	0.00048512709924036	0.001339681529283	0.00257868396181989	0.00433529062157975	0.0103561441854574	0.0224291105488959	0.0387979890162353	0.0548364127063516	0.0795178120808421	0.101605100857721	0.118906478862261	0.128386146556288	0.116698440123543	0.105330633401427	0.0825678203625097	0.0582481350009256	0.03613608241396	0.0204654621982469	0.00925476358274685	0.00470999548567921	0.00191574458687469	0.000764430399890877	0.000271589982754645	1.17729588936991e-05	
2.41127824311815e-05	0.000886042581539009	0.00140834997047206	0.00412532925187027	0.00768216900608337	0.0157378817942362	0.0321639996158302	0.0507958239930359	0.0665549577311098	0.0937202549415878	0.111907014571886	0.124705997748111	0.123942153843639	0.110313936166517	0.0904094473064183	0.0692347461107921	0.0448399667325341	0.0277076304695658	0.0138223460102541	0.00575682463263767	0.00268101445336527	0.00114024852513553	0.00029057946285712	0.000149172298091208	
0.000222081231370254	0.000882133069587792	0.00253577138347113	0.00566513535190587	0.0115634972757898	0.023759802223867	0.041610922764028	0.0615412685131331	0.0820313580349856	0.105805195132211	0.122588014135594	0.126542133309006	0.114894426793069	0.101797825998117	0.078678674464002	0.0529552283411977	0.0332155917536038	0.0185772188412396	0.0081183486568007	0.0040548400292751	0.00214692283337675	0.00059235421378497	0.000201441711726178	1.98139388583126e-05	
0.000449217070085608	0.00168925184975931	0.00415709226926772	0.00992639280730911	0.0183991485257568	0.0334104176781184	0.0505772765460996	0.0767932912569395	0.0949376660360507	0.118575778068831	0.124082559738329	0.122603241455806	0.108612290204011	0.0864490124358123	0.0631708447522927	0.0392579847111294	0.0246645445032666	0.0117681012670612	0.00561969739401106	0.00342823553486385	0.00100360474278654	0.000163870473842481	0.000260480678570511	
