# <N_i^j*N_k^m*U^p> as a function of N_tot.
# number_of_species: 1
# max_order: 2
# species_total_upper_bound: 369
# species_total_lower_bound: 342
# volume: 729
#	N_tot	N_1^0*N_1^0*U^0	N_1^0*N_1^0*U^1	N_1^0*N_1^0*U^2	N_1^0*N_1^1*U^0	N_1^0*N_1^1*U^1	N_1^0*N_1^1*U^2	N_1^0*N_1^2*U^0	N_1^0*N_1^2*U^1	N_1^0*N_1^2*U^2	N_1^1*N_1^0*U^0	N_1^1*N_1^0*U^1	N_1^1*N_1^0*U^2	N_1^1*N_1^1*U^0	N_1^1*N_1^1*U^1	N_1^1*N_1^1*U^2	N_1^1*N_1^2*U^0	N_1^1*N_1^2*U^1	N_1^1*N_1^2*U^2	N_1^2*N_1^0*U^0	N_1^2*N_1^0*U^1	N_1^2*N_1^0*U^2	N_1^2*N_1^1*U^0	N_1^2*N_1^1*U^1	N_1^2*N_1^1*U^2	N_1^2*N_1^2*U^0	N_1^2*N_1^2*U^1	N_1^2*N_1^2*U^2	
342	1	-1546.07824528202	2391279.39000364	342	-528758.75988645	817817551.381244	116964	-180835495.881166	279693602569.463	342	-528758.75988645	817817551.381244	116964	-180835495.881166	279693602569.463	40001688	-61845739591.3279	95655212080613.1	116964	-180835495.881166	279693602569.463	40001688	-61845739591.3279	95655212080613.1	13680577296	-21151242940227.3	3.27140825312685e+16	
343	1	-1552.06615645943	2409821.5965656	343	-532358.691665583	826568807.622001	117649	-182599031.241295	283513101014.131	343	-532358.691665583	826568807.622001	117649	-182599031.241295	283513101014.131	40353607	-62631467715.7868	97244993648103.3	117649	-182599031.241295	283513101014.131	40353607	-62631467715.7868	97244993648103.3	13841287200.1859	-21482593426502.2	3.33550328213609e+16	
344	1	-1558.13916995162	2428699.00608043	344	-535999.874463356	835472458.091667	118336	-184383956.815394	287402525570.108	344	-535999.874463356	835472458.091667	118336	-184383956.815394	287402525570.108	40707584	-63428081144.4957	98866468801505.7	118336	-184383956.815394	287402525570.108	40707584	-63428081144.4957	98866468801505.7	14003408896	-21819259913708.4	3.4010065267442e+16	
345	1	-1563.95383850088	2446845.8346449	345	-539564.074282802	844161812.952489	119025	-186149605.627567	291235825468.599	345	-539564.074282802	844161812.952489	119025	-186149605.627567	291235825468.599	41063625	-64221613941.4864	100476359787089	119025	-186149605.627567	291235825468.599	41063625	-64221613941.4864	100476359787089	14166950624.184	-22156456809838.2	3.4664344126307e+16	
346	1	-1569.87010503245	2465389.61986726	346	-543175.056341228	853024808.474073	119716	-187938569.494065	295146583729.022	346	-543175.056341228	853024808.474073	119716	-187938569.494065	295146583729.022	41421736	-65026745044.9284	102120717971206	119716	-187938569.494065	295146583729.022	41421736	-65026745044.9284	102120717971206	14331920656	-22499253785561	3.53337684183681e+16	
347	1	-1575.69138618814	2483704.52765052	347	-546764.911007284	861845471.09473	120409	-189727424.119528	299060378469.903	347	-546764.911007284	861845471.09473	120409	-189727424.119528	299060378469.903	41781923	-65835416169.4642	103773951328790	120409	-189727424.119528	299060378469.903	41781923	-65835416169.4642	103773951328790	14498327280.1804	-22844889410810.3	3.6009561111021e+16	
348	1	-1581.60209486283	2502366.2013435	348	-550397.529012264	870823438.067536	121104	-191538340.096268	303046556433.693	348	-550397.529012264	870823438.067536	121104	-191538340.096268	303046556433.693	42144192	-66655342353.5012	105460201643288	121104	-191538340.096268	303046556433.693	42144192	-66655342353.5012	105460201643288	14666178816	-23196059138999.1	3.67001501720091e+16	
349	1	-1587.29364787009	2520399.32283418	349	-553965.48310666	879619363.669128	121801	-193333953.604224	306987157920.434	349	-553965.48310666	879619363.669128	121801	-193333953.604224	306987157920.434	42508549	-67473549807.9246	107138518114154	121801	-193333953.604224	306987157920.434	42508549	-67473549807.9246	107138518114154	14835483600.1776	-23548268882946.7	3.73913428216744e+16	
350	1	-1593.06986119917	2538776.59784432	350	-557574.451419709	888571809.24551	122500	-195151057.996898	311000133233.057	350	-557574.451419709	888571809.24551	122500	-195151057.996898	311000133233.057	42875000	-68302870298.9427	108850046632498	122500	-195151057.996898	311000133233.057	42875000	-68302870298.9427	108850046632498	15006250000	-23906004604592.6	3.80975163219009e+16	
351	1	-1599.17887959386	2558290.34639158	351	-561311.786737446	897959911.583446	123201	-197020437.144843	315183928965.881	351	-561311.786737446	897959911.583446	123201	-197020437.144843	315183928965.881	43243551	-69154173437.8076	110629559066077	123201	-197020437.144843	315183928965.881	43243551	-69154173437.8076	110629559066077	15178486400.1774	-24273114876695.8	3.88309752324594e+16	
352	1	-1605.44925315093	2578380.73229855	352	-565118.137109129	907590017.769088	123904	-198921584.262413	319471686254.719	352	-565118.137109129	907590017.769088	123904	-198921584.262413	319471686254.719	43614208	-70020397660.3695	112454033565102	123904	-198921584.262413	319471686254.719	43614208	-70020397660.3695	112454033565102	15352201216	-24647179976450.1	3.958381981337e+16	
353	1	-1611.51981517542	2597909.89220085	353	-568866.494756924	917062191.946901	124609	-200809872.649194	323722953757.178	353	-568866.494756924	917062191.946901	124609	-200809872.649194	323722953757.178	43986977	-70885885045.2656	114274202677317	124609	-200809872.649194	323722953757.178	43986977	-70885885045.2656	114274202677317	15527402880.1762	-25022717420942.8	4.03387935448198e+16	
354	1	-1617.22725579445	2616349.22798419	354	-572498.448551234	926187626.706402	125316	-202664450.787137	327870419851.101	354	-572498.448551234	926187626.706402	125316	-202664450.787137	327870419851.101	44361864	-71743215578.6599	116066128628563	125316	-202664450.787137	327870419851.101	44361864	-71743215578.6599	116066128628563	15704099856	-25397098314857.9	4.10874095347082e+16	
355	1	-1622.83206949983	2634495.18995177	355	-576105.384672438	935245792.432879	126025	-204517411.558716	332012256313.56	355	-576105.384672438	935245792.432879	126025	-204517411.558716	332012256313.56	44738875	-72603681103.3032	117864350991706	126025	-204517411.558716	332012256313.56	44738875	-72603681103.3032	117864350991706	15882300624.176	-25774306791593	4.18418446018131e+16	
356	1	-1629.03243452317	2654666.90900666	356	-579935.546690248	945061419.606371	126736	-206457054.621728	336441865365.694	356	-579935.546690248	945061419.606371	126736	-206457054.621728	336441865365.694	45118016	-73498711445.3353	119773304075410	126736	-206457054.621728	336441865365.694	45118016	-73498711445.3353	119773304075410	16062013696	-26165541274549.6	4.26392962506876e+16	
357	1	-1635.18559450343	2674758.26690042	357	-583761.257237723	954888701.28345	127449	-208402768.833867	340895266357.985	357	-583761.257237723	954888701.28345	127449	-208402768.833867	340895266357.985	45499293	-74399788473.7559	121699610090378	127449	-208402768.833867	340895266357.985	45499293	-74399788473.7559	121699610090378	16243247600.1748	-26560724485101.7	4.34467608021753e+16	
358	1	-1641.45180605227	2695281.19604652	358	-587639.746566711	964910668.184654	128164	-210375029.270883	345438019206.813	358	-587639.746566711	964910668.184654	128164	-210375029.270883	345438019206.813	45882712	-75314260478.9694	123666810877760	128164	-210375029.270883	345438019206.813	45882712	-75314260478.9694	123666810877760	16426010896	-26962505251490.3	4.42727182939106e+16	
359	1	-1647.35074013996	2714689.23170086	359	-591398.915710244	974573434.180608	128881	-212312210.739978	349871862870.634	359	-591398.915710244	974573434.180608	128881	-212312210.739978	349871862870.634	46268279	-76220083655.6709	125603998771280	128881	-212312210.739978	349871862870.634	46268279	-76220083655.6709	125603998771280	16610312160.1726	-27363010033426.6	4.50918355585785e+16	
360	1	-1653.18816506294	2733950.30868959	360	-595147.739422657	984222111.128252	129600	-214253186.192156	354319959990.816	360	-595147.739422657	984222111.128252	129600	-214253186.192156	354319959990.816	46656000	-77131147029.1763	127555185601587	129600	-214253186.192156	354319959990.816	46656000	-77131147029.1763	127555185601587	16796160000	-27767212930530.9	4.59198668170503e+16	
361	1	-1659.13328441771	2753648.11311216	361	-598947.115674793	994066968.83349	130321	-216219908.7586	358858175748.674	361	-598947.115674793	994066968.83349	130321	-216219908.7586	358858175748.674	47045881	-78055387061.8689	129547801445543	130321	-216219908.7586	358858175748.674	47045881	-78055387061.8689	129547801445543	16983563040.1696	-28177994729340.2	4.67667563216374e+16	
362	1	-1665.02914915376	2773254.38658801	362	-602740.55199366	1003918087.94486	131044	-218192079.821705	363418347832.88	362	-602740.55199366	1003918087.94486	131044	-218192079.821705	363418347832.88	47437928	-78985532895.4455	131557441917190	131044	-218192079.821705	363418347832.88	47437928	-78985532895.4455	131557441917190	17172529936	-28592762908130.1	4.76237939738429e+16	
363	1	-1671.18907199172	2793811.97216733	363	-606641.633132993	1014153745.89674	131769	-220210912.827277	368137809760.109	363	-606641.633132993	1014153745.89674	131769	-220210912.827277	368137809760.109	47832147	-79936561356.3002	133634024943499	131769	-220210912.827277	368137809760.109	47832147	-79936561356.3002	133634024943499	17363069360.1673	-29016971772329.9	4.85091510543349e+16	
364	1	-1677.39391550374	2814602.48457494	364	-610571.385243361	1024515304.38528	132496	-222247984.228583	372923570781.525	364	-610571.385243361	1024515304.38528	132496	-222247984.228583	372923570781.525	48228544	-80898266259.2043	135744179770029	132496	-222247984.228583	372923570781.525	48228544	-80898266259.2043	135744179770029	17555190016	-29446968918349.9	4.9410881436072e+16	
365	1	-1683.55418820983	2835316.95148545	365	-614497.278696588	1034890687.29219	133225	-224291506.724254	377735100861.367	365	-614497.278696588	1034890687.29219	133225	-224291506.724254	377735100861.367	48627125	-81866399954.3888	137873311813587	133225	-224291506.724254	377735100861.367	48627125	-81866399954.3888	137873311813587	17748900624.1684	-29881235983295.3	5.03237588118943e+16	
366	1	-1689.85873725323	2856606.86465013	366	-618488.297834683	1045518112.46195	133956	-226366717.007494	382659629157.853	366	-618488.297834683	1045518112.46195	133956	-226366717.007494	382659629157.853	49027896	-82850218424.7481	140053424273336	133956	-226366717.007494	382659629157.853	49027896	-82850218424.7481	140053424273336	17944209936	-30323179943459.1	5.12595532841418e+16	
367	1	-1695.80616622075	2876741.03005675	367	-622360.863003016	1055763958.03083	134689	-228406436.722107	387465372597.042	367	-622360.863003016	1055763958.03083	134689	-228406436.722107	387465372597.042	49430863	-83825162277.0008	142199791742804	134689	-228406436.722107	387465372597.042	49430863	-83825162277.0008	142199791742804	18141126720.1692	-30763834555615	5.21873235701034e+16	
368	1	-1701.64291855991	2896560.76523861	368	-626204.594030047	1065934361.60781	135424	-230443290.603057	392263845071.673	368	-626204.594030047	1065934361.60781	135424	-230443290.603057	392263845071.673	49836032	-84803130941.925	144353094988404	135424	-230443290.603057	392263845071.673	49836032	-84803130941.925	144353094988404	18339659776	-31207552186628.4	5.31219389552017e+16	
369	1	-1707.62767823655	2916978.57584627	369	-630114.613269288	1076365094.48727	136161	-232512292.296367	397178719865.782	369	-630114.613269288	1076365094.48727	136161	-232512292.296367	397178719865.782	50243409	-85797035857.3678	146558947630539	136161	-232512292.296367	397178719865.782	50243409	-85797035857.3678	146558947630539	18539817920.1643	-31659106231376	5.40802516756304e+16	
