# <P(U)> as a function of N_tot.
# number_of_species: 1
# species_total_upper_bound: 251
# species_total_lower_bound: 216
# volume: 729
# Bin widths for each
10	10	10	10	10	10	10	10	10	10	10	10	10	10	10	10	10	10	10	10	10	10	10	10	10	10	10	10	10	10	10	10	10	10	10	10	
# Bin lower bound for each
-970	-980	-980	-990	-990	-1000	-1010	-1010	-1010	-1020	-1020	-1020	-1030	-1040	-1040	-1050	-1050	-1060	-1060	-1080	-1090	-1090	-1090	-1100	-1100	-1100	-1110	-1120	-1130	-1130	-1130	-1140	-1140	-1150	-1150	-1150	
# Bin upper bound for each
-750	-750	-760	-760	-760	-770	-770	-770	-780	-780	-790	-790	-790	-800	-810	-810	-810	-820	-830	-830	-840	-840	-840	-850	-860	-860	-860	-860	-870	-870	-880	-900	-900	-910	-920	-930	
# Normalized histogram for each
9.24778774701752e-06	6.3893806252121e-05	0.000480884962844911	0.00137820061029794	0.00425146023969705	0.0109939382152498	0.0243222422466407	0.0465065641077664	0.07565250849045	0.110924411665552	0.139084205591212	0.1430655183343	0.136559559536277	0.113206093115134	0.0852001487492647	0.0511472721408152	0.0284405903899792	0.0162483630715098	0.00834542785170247	0.00302851036915207	0.000708716824612343	0.000305176995651578	7.70648978918127e-05	
1.39495150311604e-06	2.98519621666833e-05	0.000263645834088932	0.000977024032782476	0.00249835814208083	0.00815098062300766	0.0182833503610413	0.0367600410004146	0.062881623857465	0.092191786860338	0.125663369187307	0.143694791306885	0.141052753159984	0.124977611028375	0.097545889719598	0.065872957860747	0.0382741213618967	0.0214205962915493	0.0117644629966795	0.00537976996691733	0.00164074195796509	0.000500229609017413	0.000168510141576418	6.13778661371059e-06	
3.38509924075861e-05	9.67970526696263e-05	0.00059421080887366	0.00211778522748287	0.00447280716208666	0.0128194547528332	0.0272992866952451	0.0507630601185232	0.0789503059038649	0.110592870757191	0.138738432262625	0.144330840016573	0.132195958639123	0.110210438471065	0.0803174943327564	0.0507955123095917	0.0283419532134523	0.0146574797124848	0.00828621937289498	0.00319150513541936	0.000814941660192548	0.000306617253543094	7.21781491004728e-05	
2.86032036154449e-05	5.97552075530582e-05	0.000340972843098967	0.00109371853824602	0.00360230445533128	0.00844700746770174	0.0195648744730001	0.0400957442681021	0.0666120468197627	0.0971067434742924	0.125354814244849	0.144774407099485	0.137386284565626	0.120825029672284	0.0949215719980867	0.0647004465781365	0.0369618526719782	0.0200522617346059	0.0104750029240404	0.00507919264200995	0.00190876824126831	0.000399312050473043	0.000188328023804662	2.09568026489399e-05	
1.21346722862428e-05	6.01089580690632e-05	0.000743601429633716	0.00227906077636505	0.00598860187410136	0.0148116374329242	0.0302951970684889	0.0567369301818931	0.0846537314822784	0.113478939994046	0.136165415337379	0.143509714087367	0.12693403394604	0.106622567950637	0.0769101173535691	0.0485226036491499	0.0267191373659013	0.0141541075160185	0.00710358071603033	0.00301250294548005	0.000949044253456618	0.000251723899519269	8.49427060036997e-05	5.64403362150828e-07	
9.60837126520489e-06	3.19337044990633e-05	0.000224101129803161	0.00154186098891053	0.0040606672561685	0.0103979533038808	0.0233356252124792	0.0444584990424128	0.0714102630404674	0.102129073772792	0.126205391370157	0.139627438230183	0.136325267105656	0.117014701655833	0.0906968075621273	0.0606469090293539	0.0359695030296042	0.0193919540064223	0.0095911327167585	0.00438593888341118	0.0018733497975601	0.000521678039869654	0.000103148691523523	4.71940588614476e-05	
4.2013087917148e-06	1.42844498918303e-05	6.55404171507508e-05	0.000791806663611848	0.00304987009553216	0.00715762974481811	0.0166604300571714	0.0340123955414591	0.0604601945598093	0.088135055832593	0.11890628168487	0.13583139419592	0.140406059295592	0.124140272177589	0.101245099873513	0.0722277803981496	0.0475103604274804	0.025908350969494	0.0131397332897144	0.00640951669264009	0.00257176115503502	0.000925408283188379	0.000294931877178379	0.000113155250123518	1.84857586835451e-05	
1.70449385613792e-05	6.28706750214808e-05	0.00028696970332027	0.00150694022395932	0.00497796033558969	0.0113572381611026	0.0257973748000363	0.0483492256428526	0.0770696676935544	0.105130945644809	0.130485152042249	0.14004345062207	0.132690096471558	0.112758974788859	0.0840620044568323	0.0559498711151162	0.0356828803151917	0.018341192167711	0.00919057498725122	0.00390357035577816	0.00155164825953015	0.00052559884317958	0.000167655133390616	9.02543468086147e-05	8.38275666953078e-07	
6.36450858423609e-05	0.000111308806517257	0.00108505058242263	0.00342029252066503	0.0083764783463717	0.0172909959867147	0.0374928434325281	0.0634555524589713	0.0929779002953468	0.118758926433571	0.139016288095229	0.138826193962184	0.120838746903961	0.0978149268193663	0.0680410827627238	0.0441363249701261	0.0253046693063022	0.0130553734676815	0.00603394666261432	0.00237505516374731	0.00101243350210029	0.00034766478609924	0.000123925673754729	4.03739751599118e-05	
5.62544071812126e-06	8.24127065204765e-05	0.000432877663259431	0.00215088725857366	0.00512871430271115	0.0131660627287269	0.0270960603069747	0.0515335373305652	0.0820203320303875	0.107748285154715	0.132657174110484	0.137885739985942	0.131708443533373	0.107889202444704	0.0810448806098653	0.0534481560789778	0.0330497454909983	0.0180770724756468	0.00866036598554768	0.00384780145119494	0.00135657502917494	0.000731026021319858	0.000221642364293978	5.09102384989974e-05	6.46925682583945e-06	
0.000103851278215041	0.00026793066899924	0.000974063072905849	0.00381716771390408	0.00892248529336438	0.0198153304750309	0.0404200995283632	0.0685570413699588	0.0969070331237733	0.121403551432275	0.137722274100955	0.136484220515947	0.117744834313588	0.09352919290389	0.0650443914962408	0.0411656335012403	0.0244613383362068	0.0129335650145589	0.00611033902798581	0.00214006807465359	0.00089216409740293	0.000468034351413588	9.79410428694699e-05	1.74492662583538e-05	
0.000267072992454485	0.00075708165124203	0.00212730666726641	0.00617838226860234	0.0148023097596905	0.0296501624928312	0.0551429824462762	0.086988766066549	0.111484419805009	0.132707726562236	0.1372772048984	0.127368796878338	0.103735648340774	0.0783434727360644	0.0508417016204302	0.0304137101217853	0.0172877753663117	0.0089154587470622	0.0035456048219326	0.00132805559616314	0.0005431421278127	0.000228839385113633	5.03221743677398e-05	1.40564732870782e-05	
4.32051759800824e-05	0.000532390096122989	0.00151672907256395	0.00414286473624803	0.0110844015955217	0.0222284945525948	0.0437787815401338	0.0717518590306066	0.10170583699085	0.123027022847863	0.139244597292229	0.133011397923366	0.113992024665608	0.0892320478940745	0.0621668475883411	0.0393235320117666	0.0227256383209445	0.0120010903622043	0.00525255557194699	0.00204513974458351	0.000700378642203441	0.000386004138032578	9.32322218517568e-05	9.94856025857161e-06	3.97942410342864e-06	
5.69034561736693e-07	0.000186927853530504	0.000886840364466637	0.0027495750023117	0.0074739844511306	0.0176770586603504	0.0336216915974934	0.0585234975709337	0.0888868972679228	0.115438049918557	0.131035571773041	0.140087204546586	0.122423518198437	0.100552390300806	0.0733127058304704	0.0479986343170518	0.029514400130878	0.0159784904935664	0.00835371188357553	0.00328702814587201	0.0011793241291993	0.00049733620695787	0.000287646970957899	2.7882693525098e-05	1.90626578181792e-05	
4.71399536949346e-05	0.000536713930623051	0.00192450280837694	0.00507663224219486	0.011895170966105	0.0266442969601261	0.0464885136119456	0.0752859137583066	0.105640636230349	0.125511830566511	0.140088867331984	0.132836697829205	0.110110980513877	0.0833616125726232	0.0578668489411543	0.0360995493590812	0.0210022692492167	0.0113124529842856	0.00510048619466699	0.00197902612831325	0.000663367059225104	0.000403245387028959	9.71196636365521e-05	2.61257574694819e-05	
4.69102093105109e-05	0.000155230147172963	0.000913185407911279	0.00362630133185192	0.00785390625577493	0.0199800532103926	0.0376922110288461	0.062661520379785	0.0913495299597027	0.12091149095429	0.131571764944029	0.139019116052446	0.122267053851214	0.0945951478353924	0.0687450637666112	0.0442042009940415	0.0271775008401192	0.0145089012832927	0.00787551338248765	0.00292605984378047	0.00107381733676242	0.000449769400783201	0.000328940073771279	4.83317308047688e-05	1.84797794253528e-05	
0.000131009751235602	0.000409298438500769	0.00189236307340314	0.00561629384545302	0.013067865905383	0.0299224559276347	0.049176322570554	0.0781917000898516	0.107401736978087	0.132565599065635	0.136590367044226	0.132974612079841	0.106844017906379	0.079841737937113	0.0542223386753344	0.034401619383278	0.0193874452128066	0.00979975773185872	0.00463215087756554	0.0017813330227917	0.00063421278266995	0.000322529452932963	0.0001669732123591	2.22630949812134e-05	3.99594012483317e-06	
3.36966814816863e-05	0.000257189201394409	0.00127183372156518	0.00409803487865739	0.0102138385646711	0.0202813701704303	0.0408758026722332	0.0650106907762103	0.0958500664717443	0.123513313933261	0.137775938380578	0.133700655962066	0.119863992129377	0.0914965704266403	0.064710588706946	0.0418535824468514	0.0249300721857799	0.013490768837309	0.0061356760879132	0.00296185190049284	0.000889649992281444	0.000396008008865971	0.00029808602849184	7.57455318776367e-05	1.49763028807495e-05	
0.000109574093488388	0.00067456551303789	0.00249223992845725	0.00742022064341679	0.0151879966146171	0.0304088083874403	0.0530561184861198	0.0827949269477509	0.111838624753815	0.132858873703873	0.137026969494458	0.127320245697077	0.104966559927042	0.0763397573047969	0.0512347345310771	0.0307067129541119	0.0191900191697594	0.0089670986663349	0.0043881000251678	0.00210302361721204	0.000514199261630405	0.000182338139945521	0.000147240188125022	7.10519512463768e-05	
7.15780058539356e-06	0	0.000276291102596192	0.0014312738050553	0.0048486941165456	0.0119486596732092	0.0232333617641173	0.0421980975711292	0.068212694330707	0.099843587741608	0.124289194612867	0.13715348013696	0.133440872129328	0.11465164559267	0.0895452305713671	0.0631976529285568	0.0391417167211662	0.0233739409676144	0.0132906041269588	0.00542360865956441	0.00269047408403773	0.00114811121389713	0.000346723860356464	0.000167206221674794	0.000125690978279511	1.40292891473714e-05	
1.36344966399487e-05	5.0277206359811e-05	6.87405872264082e-05	0.000701608472930695	0.00294164265006894	0.00832868908291535	0.0181722275529317	0.0326932505264904	0.0557477640845771	0.085912667640397	0.113906561658318	0.13396517863179	0.137616099159149	0.124353426604652	0.102452448272708	0.0740736637767215	0.0484464911338845	0.0283026585564136	0.0170442570079892	0.00898200871357956	0.0034756604351336	0.0017642470548067	0.000563559194451214	0.000239739899252432	0.000151115671092765	3.23819295198782e-05	
3.32754757184303e-05	6.9963820741315e-05	0.000328204264778364	0.00141577194979783	0.0051872769369953	0.0129077561152219	0.0262608916746751	0.0452856472065807	0.0706498074715104	0.103140607655692	0.124120084081723	0.13820357367233	0.133271977527393	0.113780227712328	0.0873634816727496	0.059445641950762	0.0364195815651589	0.020552014545649	0.012475743742433	0.00522225884736596	0.0022820719415785	0.00108159516373667	0.000231790706927527	0.000162680103512326	9.75511809523214e-05	1.05230136887344e-05	
6.44372153843995e-05	0.000199039398631812	0.000766373281638458	0.00313136228005788	0.00860365699812502	0.0189748984111501	0.0353614254772149	0.0603776708151823	0.0873951928691773	0.11608035005732	0.132258386933164	0.138194915989622	0.122879192249434	0.10064062047597	0.07394327978553	0.0459861199374186	0.0267010637295516	0.0147876249616599	0.00820128238650244	0.00309212717557938	0.00151613608108894	0.000462229625024092	0.000158372356033657	0.000160663457025103	6.15733391450928e-05	2.00471336751465e-06	
2.69543247497191e-05	0.000158284970870691	0.000629985653990774	0.00154585919920995	0.00515315074550214	0.0139434148434025	0.0277583665220405	0.0489089090065009	0.0755956977456722	0.104229506325807	0.1244581535542	0.135723054062633	0.133451722080266	0.112601978390087	0.0843997257540831	0.0586015694872456	0.0341829585009496	0.0193890486872527	0.0107762816853106	0.00515315074550214	0.00208293845725489	0.00076045605570484	0.000234559974949683	0.000123875194594454	9.03256627251224e-05	2.00723694944716e-05	
0.000119776956349773	0.000393224588112324	0.00101681157189016	0.00309064760269438	0.00915388926117724	0.0210517335919213	0.0392161818955263	0.0653605903941179	0.0908153478802495	0.116215243499084	0.130051061749473	0.135101800359676	0.124298895495611	0.0976977834943907	0.070595159345001	0.0443726229516202	0.0244784460361726	0.0141135744057612	0.00743105428711025	0.00328855245383345	0.00141377021379756	0.000421948078843684	0.000112021613852306	0.000111447144037678	7.84151296966139e-05	
0.00023390089653411	0.000788555596035953	0.00206010507768462	0.0058492422728861	0.0144069766675256	0.0299255558800994	0.0524967057523855	0.0811054225164583	0.106042812463363	0.12411509643969	0.134648662794881	0.129735024108131	0.109506609563508	0.0827358493540638	0.0577534564160363	0.0327326532817643	0.0177604161142812	0.00990925734458848	0.00476229104781582	0.00204949927722903	0.000959968262858745	0.00019205098122286	7.73936790002571e-05	0.000106058004555908	4.64362074001543e-05	
3.15933987029474e-05	0.00034724017301694	0.00127091626600493	0.00383744909154618	0.00983904599424426	0.0229356586074779	0.0422357786623929	0.0671267814368678	0.0957130630087255	0.118699845479559	0.131239552637474	0.132709220102592	0.119207350347815	0.0953296340335579	0.0672284547381482	0.0436322068850632	0.0239322867301981	0.0130719123197022	0.00673628702889934	0.00294479197183018	0.00124391827074968	0.000500611763083975	9.56418342552862e-05	4.13586310293129e-05	3.93481420209436e-05	1.00524450418469e-05	
2.91589883736473e-05	0.00024770704974841	0.00075813369771483	0.00255068972555618	0.00630122851725967	0.0150486363264987	0.0329972928333269	0.0567875629119609	0.0833020331321171	0.109579767011022	0.128985506827967	0.133756898915603	0.126125327641653	0.105402814102211	0.0786934694548049	0.0525329489351051	0.0329378200451589	0.0171093973068065	0.00952603940967195	0.00471047578519237	0.00170305814273411	0.000678163006828689	0.000182460204476684	1.58786570351545e-05	2.36736341251394e-05	1.09707084970158e-05	2.88702855184627e-06	
4.31966686729119e-06	0.000126710228107208	0.000392801707132346	0.00142980973307339	0.00439713289311128	0.0103507857474032	0.0243156927737733	0.0452945868814597	0.0711224510365761	0.100876028440687	0.121409996861042	0.13362572678395	0.129918012722859	0.11465691765851	0.0900495033822992	0.0640949289990756	0.0411661372674939	0.0233449196397974	0.01208124429444	0.00653508001462927	0.00314558141276145	0.00110295494011502	0.000404896774360761	0.000132181806139111	5.18360024074943e-06	5.47157803190218e-06	1.09431560638044e-05	
3.83980783638377e-05	0.00021970629800662	0.000869297849274551	0.00275397947001991	0.00676441335387005	0.0167805376597093	0.0339011725849269	0.0594237689879219	0.0865553314865686	0.114059037767253	0.130212503049471	0.134456789891778	0.121002449681917	0.101476016358159	0.0769278072820656	0.0508670603672646	0.0308056523126181	0.0170253614976983	0.00852408468941584	0.00453674739405523	0.00190315889153698	0.000669512358840147	0.00017899856079383	4.27286887056239e-05	0	2.8870735611908e-06	2.59836620507172e-06	
0.000109468002790858	0.000334165482203672	0.00168004576914811	0.00499346936941245	0.0111115784306552	0.025136446104005	0.0462487908106797	0.0753505712789377	0.101994218937158	0.125059703272575	0.13480033900512	0.127787184984216	0.108449662291211	0.0889312293199099	0.0633027533507291	0.0397098060860753	0.0224121332029704	0.0120962143083898	0.00597291992069907	0.00280439738728685	0.00119262508303724	0.00037708846224535	0.000109179929099303	3.57211377528063e-05	0	2.88073691554889e-07	
7.46075071221474e-06	0.000182788392449261	0.00101179257735651	0.003073542341482	0.00831271105315957	0.018878568821408	0.0363662815388889	0.0615563585108801	0.0906099565439966	0.114645338867297	0.133772695029763	0.132068774347873	0.11733436559515	0.0979516221967664	0.0740496725304341	0.0494119780630973	0.0300358345595747	0.0161924116130602	0.00789462206132508	0.00389279016007328	0.00191597817328684	0.00056701705412832	0.000181353632696912	6.51380927566441e-05	2.09474923842952e-05	
7.5193710233403e-05	0.000603278272907072	0.00209101896120321	0.00552400076634203	0.0127463422293351	0.0276623543121864	0.0477566489534101	0.0809568327602574	0.104431675278411	0.126024370252677	0.134195131999533	0.128054600428979	0.104934983369514	0.0844027789981951	0.0603203367295346	0.0373856789113334	0.0213918903151366	0.0119099922645551	0.00548510746794544	0.0025280643957782	0.0010858432715314	0.000289827097681239	9.33439161518106e-05	4.60957610626225e-05	4.60957610626225e-06	
7.52395148671834e-06	0.000263338302035142	0.00132190039966652	0.00357387695619121	0.00838023504245679	0.0194236595284624	0.0374614650696211	0.0634008665855816	0.0953767922558861	0.117678941993517	0.133624799638619	0.130775537087148	0.118134719823963	0.0921125548416483	0.0710544615440711	0.0485069152348732	0.0281696743662735	0.0159852136990321	0.00844795060583725	0.00388583156014054	0.00157308462622311	0.000540856358795253	0.000205172369387819	8.76829730952176e-05	6.94518598774001e-06	
3.31930086864661e-05	0.000589681015186523	0.00238614437226969	0.00579116979378483	0.0139064274653386	0.0283696315720353	0.0504247983524722	0.0800485483831397	0.108034584228703	0.128424039242795	0.135787980378602	0.126529728668802	0.104771278522536	0.0783863002350931	0.0578839889914665	0.0362865970960447	0.0211875303968585	0.0117107820994434	0.00546934192695518	0.00260175461130265	0.00085868870297597	0.000341743672041529	0.000137101557618012	3.89657058493297e-05	
0.000235882638523152	0.00141729725958699	0.00362401508276478	0.00925431922555012	0.0201132122297571	0.0375802501328091	0.0650936010901495	0.0972105233964126	0.119716872213368	0.136159750587705	0.130372763189271	0.117916730283499	0.0905769317644422	0.0664946010038021	0.0468694513970256	0.0272285762810143	0.0157097837256419	0.00830678581456136	0.00369978344544192	0.00173895540302765	0.000414867525451022	0.000145246521660316	0.000119799788534789	
