# <P(U)> as a function of N_tot.
# number_of_species: 1
# species_total_upper_bound: 251
# species_total_lower_bound: 216
# volume: 729
# Bin widths for each
10	10	10	10	10	10	10	10	10	10	10	10	10	10	10	10	10	10	10	10	10	10	10	10	10	10	10	10	10	10	10	10	10	10	10	10	
# Bin lower bound for each
-970	-980	-980	-980	-980	-980	-990	-990	-1000	-1000	-1020	-1020	-1020	-1030	-1030	-1040	-1040	-1050	-1060	-1060	-1070	-1070	-1070	-1080	-1090	-1100	-1100	-1110	-1120	-1120	-1130	-1130	-1130	-1140	-1140	-1140	
# Bin upper bound for each
-760	-760	-770	-770	-770	-770	-780	-780	-780	-790	-790	-800	-810	-820	-820	-820	-820	-830	-830	-840	-840	-850	-860	-860	-860	-870	-880	-890	-890	-900	-910	-910	-920	-920	-930	-940	
# Normalized histogram for each
4.74844056894952e-05	0.000136697531530365	0.000800040289798767	0.00287064816213766	0.00370810040793421	0.00925370342391343	0.0226126495578914	0.0393991064298202	0.0694883915017303	0.103233975811732	0.130025253070298	0.134511809947264	0.147286553999122	0.124881109120603	0.0912894893987467	0.0561870022231335	0.0314375544092149	0.0204341225817127	0.00807666573136777	0.00326491262149892	0.000905081550869468	0.000149647823991136	
7.29591501718188e-06	0.000156132581367692	0.000319561077752566	0.00195822359061162	0.00309200878428168	0.00797151674777292	0.015732911143051	0.03653502404004	0.0560559742600118	0.0837410533842102	0.117173854358944	0.132566775862195	0.135387376607837	0.140695884374339	0.105922094219447	0.0733327010206985	0.0443766735005071	0.0233337954079511	0.0133325551023982	0.00597973194808227	0.00147523401647418	0.000822979213938116	3.06428430721639e-05	
9.90956068585818e-05	0.000171960023666363	0.000700955689690851	0.00225005319102427	0.00524186614515175	0.0129596651734319	0.0264687280495944	0.0511581070407429	0.0706857707452281	0.0979195751713042	0.130181024357117	0.133247159016389	0.133478867861837	0.12621865737111	0.0889995132656957	0.0593451529132651	0.0321900420573414	0.0154224824615349	0.00861694593168815	0.00327306960300551	0.00085397096498719	0.000517337359335243	
0.00024918418292208	0.000544624112374606	0.00143392814244383	0.00275296297898945	0.00838870345142475	0.0198884788872359	0.0387429180213881	0.0638359144537271	0.0911835054992114	0.113860758265977	0.137886888286404	0.135026492605795	0.121301964973955	0.107449114948514	0.071906796162862	0.0459289720630212	0.0217163269356165	0.0106612035148399	0.00497920729587414	0.00165923839167277	0.000423762323053118	0.000179054502698501	
0.000165047698784949	0.00144941888205691	0.0019055507041535	0.00421021675264151	0.0156720292164436	0.0297040844804148	0.0568094179217794	0.0851105969625222	0.105142886294139	0.126678610118324	0.136524455567659	0.126144455747711	0.111482218361106	0.0838892439915136	0.0566668767273742	0.0322938329177132	0.0149353163064126	0.0075201733300924	0.0025912488709237	0.000784726786041166	0.000277580220683778	4.20121415088961e-05	
0.000180297293570962	0.00176812555964128	0.00321504921813094	0.00829367550426426	0.0236356115941765	0.0410744506614183	0.0724492099493804	0.100007424006206	0.115382692368879	0.135803254744925	0.132766987717057	0.116993247184559	0.0974999280325929	0.0653312546115957	0.0463197383113568	0.0232735019037273	0.00972696323298804	0.00422259291749808	0.00131813987736754	0.000403017479746857	0.000225750392790532	0.000109087438126969	
5.49185679678299e-05	0.000903105339915425	0.00249421829520561	0.00602426180291557	0.0159553695104315	0.031120521848437	0.0602655007658089	0.0886553493736232	0.110114779807053	0.128007554354127	0.136310936727708	0.125884036392704	0.101257635206463	0.0804206152100025	0.0541619121424954	0.0321700767029333	0.0142788276716358	0.00780911526187004	0.00287559723942665	0.000675803489159685	0.000349343112906474	0.000210521177210015	
0.00033111426024062	0.00118320187489653	0.00421790963618441	0.0102265702486243	0.0255747794217044	0.0471199894286456	0.0764053749868997	0.102689467984441	0.118666490477427	0.136417556346382	0.132384949186112	0.11294945343364	0.0855899985266934	0.0634736923644748	0.0438999791914433	0.0210682839623745	0.0107703266943405	0.00412981501648736	0.00208085567215435	0.000346302987774593	0.000255170622570753	0.000218717676489217	
1.06162586484593e-05	0.0012026704440326	0.00340175259264202	0.00803802440526202	0.0174758783437423	0.0375102750217633	0.0603321978991941	0.0936096189369789	0.115949260350094	0.130294859000919	0.138752983926984	0.120450554017041	0.094102516659943	0.0717674250719631	0.050631970711259	0.0318002444772706	0.0137419885162414	0.00677923945123042	0.0025175699080632	0.00115413897592536	0.000324554192967184	6.0664335134053e-05	9.09965027010795e-05	
0.00018978645228389	0.00214990093147191	0.00531402066394892	0.0137299111040258	0.0271850114251444	0.0488297767352175	0.0809370895867969	0.106231827947194	0.126686252628542	0.134754454288035	0.134124363266453	0.106880138468196	0.0779931221389692	0.0584010870967987	0.0392751675814374	0.0212879667797794	0.00952879819626956	0.00416467390891769	0.0014089746217556	0.000627054438345973	0.000262664449960904	3.7957290456778e-05	
3.02959153532125e-06	5.75622391711038e-05	0.000716498398103476	0.00428081283940893	0.00944020722406102	0.0214949519431043	0.0415508479069309	0.0639228665995107	0.094014284524089	0.118870568275632	0.130670827305709	0.135028894729268	0.122130408767638	0.0914179245783187	0.0674583999212306	0.0439548287902084	0.0283842430944248	0.0168263513871742	0.00607736061985443	0.00231309313721777	0.00063015503934682	0.000563504025569753	0.000186319879422257	6.0591830706425e-06	
0.000144178818158639	0.000373347255442371	0.0012065490572223	0.00579295314643711	0.0153831210616418	0.034396512997341	0.0551628158274954	0.083745128273618	0.101929871422848	0.121946444398577	0.134354928790841	0.130279980088146	0.108225173925185	0.0805140050750944	0.0561993856464675	0.0334555564998847	0.0211730388645387	0.00971917001566237	0.0038017677840778	0.00148428299114894	0.00032326408702937	0.000303534354018188	8.49896191250926e-05	
0.000321475802470641	0.000911102037333853	0.00303192818443874	0.0114573366567735	0.0240070816091464	0.0484331482689061	0.069991833600468	0.0945154095083706	0.110037662947095	0.126630994533388	0.136679017838098	0.119215720928532	0.0958942512203892	0.0646455843546411	0.0439035389762748	0.0261187662642379	0.0140992278486413	0.00670680797381877	0.00246363209760676	0.000440315198644621	0.000455551018666927	3.96131320579936e-05	
6.03484823111055e-05	0.000614045807515498	0.00187683779987538	0.00586738119269723	0.0192406048728382	0.039766632418903	0.0614830337785543	0.0816122700534235	0.104193163422181	0.112632898673389	0.138452996830196	0.128174141580557	0.105958356529781	0.0796524530903703	0.0520098307677685	0.0345178231698946	0.0178616420520294	0.0102200154793857	0.00397998240841741	0.000968593141093243	0.000380195438559964	0.000476753010257733	
0.000356689330992899	0.00116775054835434	0.0037755787691406	0.0110514491059086	0.0300003848100666	0.0543129808275784	0.0762101536576197	0.0974072681741354	0.108519398867474	0.122784012029755	0.130586776150064	0.11666997208647	0.092080608828727	0.0641433979912915	0.0408520286890705	0.025623910321494	0.0138368819728324	0.0069295412767998	0.00263298887898907	0.000334488750225706	0.000513573435081062	0.000210165497929426	
6.39561171795055e-05	0.000575605054615549	0.00275903714809262	0.00578431022583946	0.0196613003022298	0.0414747983151282	0.0666467361557317	0.0916862997072892	0.108523119392685	0.115687691868352	0.130329180647771	0.127727802765284	0.100808226838961	0.0740820066157397	0.0493042169391495	0.0307866899883392	0.0180921444039885	0.009939970490945	0.00393107017919612	0.0013415911092073	0.000398610218700174	0.000294495609338188	0.000101139906237358	
0.000197847064219358	0.00119008006810735	0.00426120608769421	0.0103959639198899	0.0274602732088096	0.0525958434130417	0.0822084528659346	0.10700228723197	0.116455479914026	0.123886735553417	0.130130908807492	0.112820789529694	0.0863002898759259	0.0601485052054762	0.0379281815156884	0.0234104037578951	0.0136049833478721	0.0068706889574359	0.00219730148595136	0.000472135039614378	0.000257800720043406	0.000176863284680942	2.69791451208216e-05	
4.96882439120608e-05	0.000826631694173376	0.00256421452673453	0.00911553420132171	0.0185397377966426	0.0419624748359159	0.0679403921757579	0.09999382661212	0.118133047048744	0.119078629387434	0.120191344910192	0.121987650212831	0.0965141438339148	0.0746287309471934	0.0446396171897233	0.0306365666326879	0.0180835093752682	0.00907939729665839	0.00472640598908967	0.000745323658680913	0.00011744494015578	0.000376426090242885	6.92624006046909e-05	
7.5046904315197e-06	0.000139587242026266	0.00216585365853659	0.0056750469043152	0.0155587242026266	0.0291497185741088	0.0590243902439024	0.0830048780487805	0.111296060037523	0.119630769230769	0.121329831144465	0.120547842401501	0.106973358348968	0.0849095684803002	0.0595887429643527	0.0345050656660413	0.0234386491557223	0.012375234521576	0.00715196998123827	0.00289080675422139	0.0003046904315197	0.000121575984990619	0.000169606003752345	4.05253283302064e-05	
0.000164020117757247	0.000680606843777736	0.00420320712981656	0.0109571570255028	0.0266877593472306	0.0460543964289601	0.0721197990676913	0.096891435543926	0.114553489719618	0.122530692456148	0.121716723460549	0.115074675140528	0.0950565562826603	0.0689466995933221	0.0444908401662275	0.0288675407252755	0.0178613309542752	0.00749587267133587	0.00386443660622449	0.00135201629777469	0.000168618812647637	9.65725926981923e-05	0.000165553016054044	
5.8680766099971e-05	0.000458913683602337	0.00237280943947831	0.00804678813083704	0.0191178926683649	0.034173270760578	0.0611167702106339	0.0908573861781217	0.108890436991151	0.122430647609962	0.124984013252825	0.119370219962595	0.101197238091942	0.0770418273491491	0.0542135047012321	0.0329349561323658	0.0218412820694148	0.0130692598549833	0.00489909165183347	0.00222084130162967	0.000568752040661257	2.55787954794745e-05	0.000108333722030716	1.50463502820438e-06	
0.00018589355100511	0.00101259088758881	0.00435262948694891	0.0127027259853492	0.0284900758536368	0.0496804293385363	0.07812818796105	0.10257243425338	0.112677184513707	0.127911387718028	0.12380359363972	0.11196081424398	0.0886001913343379	0.0607887025083539	0.0434159678026324	0.0254991544110424	0.0160699685190027	0.00789216360446084	0.00276271066046618	0.0013284587913292	7.25438247824819e-05	5.13852092209247e-05	4.08059014401461e-05	
0.000271323414444216	0.00251089125909393	0.00871454017579305	0.0199430374119732	0.0398124955929106	0.0683964939496411	0.0963688649483872	0.108360746706563	0.118339929915782	0.126634455314413	0.11700170765132	0.100999757801698	0.0748852623866037	0.0478740200932617	0.0331259829725396	0.0189343887865252	0.0107257058241027	0.00458184003262013	0.00202189595283571	0.000383225161644373	6.13160258630997e-06	0.000107303045260424	
0.000201538969757032	0.000642500174263019	0.00476571473598395	0.013240958779977	0.0295459160325008	0.0581432351096039	0.0861374526080355	0.106227705698552	0.114324117092626	0.122220504847543	0.122017450547186	0.110917653904552	0.0822445682974655	0.0630877588563497	0.0381772391282606	0.024310448810617	0.0133758232033483	0.0066083567451911	0.00280033094820297	0.000836462491021666	0.000125772439773185	1.66686365964462e-05	3.18219425932156e-05	
9.7220112410755e-05	0.000554458453592587	0.00226492480631931	0.00906121828953365	0.0207716846422604	0.0449840498253076	0.0722861917059092	0.0991493240164059	0.108998936655021	0.11676439313383	0.119726568433845	0.118468783229531	0.0979447060610664	0.0725884854929364	0.051529697706213	0.0310724593650311	0.0182090232416831	0.00871335257481391	0.00438250037976606	0.00192617347713808	0.00045116208415616	1.97478353334346e-05	2.43050281026887e-05	1.06334497949263e-05	
1.22588079535146e-05	0.000254370265035428	0.00115232794763037	0.0042921151347243	0.0139474587491112	0.0318836271360973	0.0603118027802976	0.0890663691862603	0.111018829529017	0.113432282344865	0.118154988108956	0.119138757447226	0.106175068036384	0.0831576237526663	0.0636937014244735	0.0377877755167088	0.0233085909726138	0.012836504278324	0.00647265059945571	0.00299114914065756	0.000776901954053988	8.88763576629809e-05	3.52440728663545e-05	1.07264569593253e-05	
0.00027958621240564	0.000390191746983695	0.00238877230928994	0.00946291795834473	0.0223561436765894	0.0460026852565895	0.0795545669332465	0.101545097870536	0.117977700695279	0.12172139080315	0.119249664342926	0.108044709214977	0.0893400843674439	0.0697936285067331	0.0512610567129879	0.0295224606044592	0.0166830014655233	0.00880696569077765	0.00384200613860717	0.00143787194951472	0.000244253888859872	8.44903389137922e-05	1.07533158617554e-05	
0.000143559888145466	0.000617002072454981	0.00160970342665235	0.00460002535206535	0.0127859934420621	0.0343459396223764	0.0653014223119556	0.0928786659315586	0.116344598711932	0.123656989610235	0.118114661588108	0.11471198679249	0.0955207787665762	0.0777666968549694	0.0593223056939822	0.039298755763395	0.0208009114525664	0.0117932920878648	0.00710010553179012	0.00228474034750656	0.000835396370378403	0.000128287559619352	3.81808213152835e-05	
1.65191704973622e-05	0.000396460091936693	0.00122692384512226	0.00292389317803311	0.00884526492995121	0.0215304861291529	0.0514932579258229	0.0793355689277406	0.104350098289064	0.126065298779233	0.12494650041373	0.119517700291188	0.104826150747943	0.0823375527299431	0.0636108203570243	0.0472568415646358	0.0287418549226377	0.0155895917211924	0.00915612568385612	0.0054062739809549	0.00187868020838183	0.000435505404021367	0.00010662373684661	6.00697108994989e-06	
7.15612579276456e-05	0.00103763823995086	0.00247333597712425	0.00484678436505783	0.0132507595929357	0.0324873202396109	0.0677014225781732	0.0958041249101757	0.118082039018776	0.133673448089762	0.125010063301896	0.113078714402001	0.0883960438551242	0.0705594003166586	0.0527451196712953	0.0367377607886051	0.0223211490352648	0.0107699693181107	0.00654040080267878	0.00286543203618614	0.00121505052522982	0.000302644486652335	2.98171908031857e-05	
4.46501659497834e-06	0.000122043786929408	0.00166693952879192	0.00378335739481165	0.00803554153209603	0.0209126493920136	0.0476060069356591	0.0869279197487684	0.109744154549108	0.126169462263168	0.134383604459063	0.120089597999673	0.0970709491136942	0.0817871973090833	0.0607063656253256	0.0459420440845972	0.0258077959189748	0.015060500974862	0.0071127714358005	0.00442929646221852	0.00203902424504011	0.000477756775662683	0.000120555448064415	
0.000160724291486036	0.000948125866289186	0.00204370521100593	0.00644519154206848	0.0155121059305789	0.0321419092276387	0.064131941372497	0.102043705211006	0.117448170102333	0.134322746173582	0.128406912619069	0.11355687280663	0.0885340175174732	0.0715503258721873	0.0478280102627621	0.0357707393317408	0.0197956294788994	0.0105355510336489	0.00474357840101448	0.00278981981184936	0.00112064643604943	0.000153351617564658	1.62198826270312e-05	
0.000443598458829167	0.00231887756237454	0.00399980416389109	0.0102413383320995	0.0227511115924591	0.0446862393977743	0.087948216185261	0.115313345192298	0.126621396875227	0.133125529462207	0.125032453900625	0.0957831441487286	0.0791133371808205	0.057357725808677	0.0404980171593972	0.0260966451197493	0.0155808395137924	0.0075649115102673	0.00340042698206171	0.00139904129323045	0.000614213250686539	0.000109786909543005	
1.34453379784486e-05	0.0014416390165781	0.00315218479272518	0.00674955966518121	0.0160791302957825	0.0332323937033988	0.0616080325436936	0.099922764002946	0.126653589830544	0.137748981515648	0.12581997887588	0.110311528480961	0.0861308350899418	0.0703430204503591	0.047562136135541	0.0327140012280075	0.0203278570969723	0.0113194806514117	0.00610866522154182	0.00171353362903117	0.000611015914798387	0.000394396580701159	4.18299403773957e-05	
6.95974242901063e-05	0.00308044251857949	0.00425149483163475	0.0122158609503982	0.0246374881986976	0.0471598198939698	0.0855791110895931	0.119376225519863	0.132832736207606	0.133065736280229	0.120252245273427	0.0942122176765354	0.070878924689535	0.0604831876830715	0.0374630831053765	0.0264591251301169	0.0147001864000581	0.00778885957055363	0.00430596238107918	0.000744389842407224	0.0002935195720061	0.000149785760972185	
0.000791152305075535	0.00315710303144943	0.00845497112369148	0.0177116032168523	0.0334610886676064	0.0661010002747265	0.108369850942102	0.128621548466711	0.13767851593639	0.128520965536084	0.105837262823198	0.0817078681372792	0.0607295715317279	0.0502974702642329	0.0313233260823549	0.0190011664617477	0.00915454792476397	0.00536242131637535	0.0032351673955176	0.000303250029649446	0.000180148532465017	
