# <P(U)> as a function of N_tot.
# number_of_species: 1
# species_total_upper_bound: 251
# species_total_lower_bound: 216
# volume: 729
# Bin widths for each
10	10	10	10	10	10	10	10	10	10	10	10	10	10	10	10	10	10	10	10	10	10	10	10	10	10	10	10	10	10	10	10	10	10	10	10	
# Bin lower bound for each
-950	-950	-960	-970	-970	-970	-970	-980	-990	-990	-990	-1000	-1000	-1000	-1010	-1010	-1020	-1040	-1040	-1040	-1060	-1060	-1060	-1070	-1070	-1080	-1080	-1090	-1090	-1100	-1100	-1100	-1110	-1110	-1120	-1110	
# Bin upper bound for each
-760	-760	-770	-770	-770	-770	-780	-780	-780	-790	-790	-800	-810	-820	-820	-820	-820	-830	-830	-840	-840	-860	-860	-860	-860	-870	-900	-900	-910	-910	-910	-920	-930	-930	-930	-940	
# Normalized histogram for each
0.000111040168781057	0.00265802404019654	0.00254698387141548	0.00708575077034117	0.0278155622796547	0.0334439108347445	0.0582336285151153	0.109443966354829	0.119645781861588	0.135330205701913	0.150161008244733	0.12403186852844	0.0787413596868667	0.0657565999500319	0.0387738389362352	0.0202370707603476	0.011353857257863	0.00955639452571968	0.00435138661410765	0.000721761097076868	
0.000580537311762525	0.00193745584768939	0.00872904295276664	0.0153807415489855	0.0357624972896601	0.0469675668492212	0.0754908338054571	0.115415014233656	0.118394639472341	0.140930678249435	0.144945478453672	0.105811668100524	0.0762532261787355	0.0505906792286548	0.0295164753691308	0.0115547908317071	0.0125619880954879	0.00508494729700429	0.003944855949808	0.000146882934301362	
6.93264931193456e-06	0.000131720336926757	0.00291171271101251	0.014302055530521	0.0226351000034663	0.0471974765156505	0.065991888800305	0.0930500190647856	0.120024957537523	0.131657943082949	0.13373773787653	0.125869180907484	0.09385420638497	0.065465007452598	0.03644493743284	0.0197441852403896	0.010801067627994	0.0101286006447364	0.00358417969427017	0.00246109050573677	
0.00105156984355216	2.86141454027799e-05	0.000679585953316022	0.00480002289131632	0.0200728230000501	0.0389152377477806	0.0622715339327997	0.0906996873904615	0.111001423553734	0.131439076907669	0.129893913055919	0.120937685544849	0.107117053315306	0.0755055761815854	0.051662839524719	0.023077308267342	0.0122826219141433	0.00977173065504932	0.00591597456202474	0.00201729725089598	0.000858424362083396	
0.00105671262414588	0.000342717607831097	0.00249898255710175	0.0108098845470059	0.0310873430103458	0.0622032458213442	0.0855508828548377	0.10304376075455	0.117880577193571	0.131575001606489	0.117452180183782	0.114146383258245	0.0879784659103079	0.0640239331129469	0.0348429567961616	0.0143441598777641	0.00998165032808071	0.00629743604389641	0.00336291652684264	0.00132089078018235	0.00019991860456814	
0.000471014492753623	0.003	0.00552173913043478	0.0202826086956522	0.0395144927536232	0.0817463768115942	0.0945	0.115753623188406	0.121768115942029	0.130557971014493	0.110898550724638	0.0994130434782609	0.0749927536231884	0.0515724637681159	0.0230942028985507	0.0125507246376812	0.00701449275362319	0.00381884057971014	0.00192753623188406	0.00107971014492754	0.000521739130434783	
0.000984215822371079	0.00647085178738	0.0132648789194192	0.0281235998795437	0.062005596809378	0.0951604492137291	0.107690838713468	0.131561744853065	0.132920550279473	0.115336873572336	0.103181073676634	0.0799785529089453	0.0594569185230887	0.0333751992302551	0.0117665205032722	0.00860821599864854	0.00466400781496743	0.00275433532379966	0.00168198077106699	0.00101359539915828	
7.26844549756144e-05	0.0024494661326782	0.00739927751651754	0.018396435554328	0.0402308458290025	0.0745597139139852	0.102063511676758	0.131994970235716	0.138413007610062	0.131762379979794	0.11391834628328	0.0866471387764299	0.0689266686533751	0.0404852414214172	0.0194140179239866	0.00808977983878588	0.0062944738008882	0.00502249583881495	0.00159178956396595	0.00122109884359032	0.00104665615164885	
0.000831219456267825	0.00104619000530261	0.00592602146839216	0.0181291829686	0.029085515284406	0.0557490290496869	0.0895925591527294	0.130931395732118	0.14493314415925	0.140375768519713	0.114092036057727	0.0914269745044929	0.0668845034896886	0.0533413589004973	0.0296444387118965	0.0109921607406452	0.0069793771586626	0.00503747653238173	0.00275162302764521	0.00153345658311478	0.000286627398713043	0.000429941098069564	
0.00133620316066218	0.00289631063473262	0.0143876578164274	0.0241455522491549	0.041133389189033	0.0844191488747003	0.106629012220842	0.13616271343137	0.147805737728599	0.12824661254442	0.0995146332302892	0.0653222777569121	0.062454858001329	0.0421517926790512	0.0200069338109959	0.0104729436916765	0.00596596654436194	0.00292520151388207	0.00259295640366336	0.00124953052321382	0.000180567994684078	
0.00266680380258305	0.00919055525353002	0.0167648657782218	0.0396273821243333	0.060969159111947	0.0909504988318958	0.124392071584948	0.156481876019336	0.137108978974125	0.114959079622093	0.0809003952453019	0.0576191245830823	0.0477012592015751	0.0311274041640341	0.0172570857638226	0.00491485328905802	0.00220397008477938	0.00149869965764998	0.00273292290512643	0.000903627734759547	2.93862677970584e-05	
7.59734093067426e-05	0.00414055080721747	0.0140474833808167	0.0321823361823362	0.0521785375118708	0.0751225071225071	0.100216524216524	0.135962013295347	0.155426400759734	0.122605887939221	0.100520417853751	0.0718100664767331	0.0561139601139601	0.0353960113960114	0.0227616334283001	0.0107426400759734	0.00552326685660019	0.00163342830009497	0.0015954415954416	0.00151946818613485	0.000425451092117759	
0.000889515980614686	0.00807465799644194	0.0200447825286792	0.0478114839580394	0.0685234034721796	0.0849334396662781	0.117753512054475	0.139132568554076	0.150082817005092	0.105522667321023	0.0915434635911907	0.0620897490951475	0.0476581191337955	0.0238328936875038	0.0169238083553156	0.00787528372492485	0.00438623397337587	0.000429421507882952	0.00229280412244648	0.000199374271517085	
0.00241369502886441	0.0139056506599227	0.0378965493385399	0.0630789216779024	0.0811739474675419	0.097493293156329	0.113113128502356	0.157435948682076	0.133529606198738	0.0937958813445972	0.0761851319460993	0.0520251208769246	0.0351600033822478	0.0190712654987662	0.0120992228516961	0.00685673874441737	0.001560446149234	0.000960865855439654	0.00224458263830703	
0.000218252112368659	0.00603311196333365	0.0230178031365946	0.0497614816200543	0.0829046238268949	0.0982913977488854	0.101510616406323	0.125533938203473	0.14916752408568	0.117404047017741	0.086100458329436	0.0588345337199514	0.0407741714214448	0.0282714432700402	0.017312069341814	0.00791163907336389	0.00371808062856608	0.000530040844323886	0.00159791725127054	0.00110684999844106	
0.00230036677176501	0.00833279711730262	0.0302586706132167	0.0648928640370632	0.0986664307316132	0.110095875426292	0.108511357055531	0.142799691139566	0.145880252236021	0.0952239238144264	0.0714239752911653	0.0451949681487678	0.0311756000257384	0.0205826523389743	0.0138343735924329	0.00593591146000901	0.00215558844347211	0.000973232095746734	0.00121452930956824	0.000546940351328743	
0.000854951389906688	0.0043643232856189	0.0177992736984383	0.043130262022245	0.0855195661732376	0.116867783803149	0.118398553910792	0.11527187454199	0.137044636604947	0.128812676079274	0.0779227123943524	0.0609132509323041	0.0376260035500839	0.0238165030045435	0.0167244776654127	0.00934746852964646	0.00257299656390965	0.00100151448531926	0.00118878955167978	0.000675818717735763	0.000146563095412575	
0.0002072935436034	0.000853092660213991	0.00486342544607976	0.00809242102913272	0.0247237414890055	0.0649067976336645	0.104109195860507	0.138201010954666	0.117846379538533	0.112464720233444	0.12563583308086	0.101406406965063	0.0798478784303095	0.0447275684467335	0.0317318578285204	0.0194616746129192	0.0124615311020044	0.00468005038827675	0.0016583483488272	0.000271076172404446	0.00148294611962432	0.000366750115606015	
0.000501364826472063	0.00202933382143454	0.00688381864917991	0.012820614848357	0.0497704067421632	0.0839189221452048	0.114605632794035	0.126351894442809	0.131723660440724	0.125301415758772	0.1112870751331	0.0843247889094917	0.0596226234909317	0.0381833085303644	0.0250682413236031	0.0139506752508814	0.00670873886850713	0.00442474354791217	0.00135288921428969	0.000222828811765361	0.000732151810086187	0.000214870639916598	
0.00204681178963591	0.0104106466319913	0.0134527708212933	0.0295383034739613	0.0672237205419637	0.101618185320747	0.118658896808579	0.130666859307776	0.122503692287934	0.110889038720863	0.109749245488987	0.0657949656456688	0.047229178706736	0.0355101778719579	0.0182366917100109	0.00960797534193797	0.00394111603416169	0.00146888846079753	0.000545816477236242	0.000104347267706929	0.000802671290053297	
0.000159978242958958	0.000839885775534527	0.00774294695921355	0.0189734196149324	0.0247646320100466	0.0433940984026172	0.0937232536375053	0.121391490757257	0.126558788004831	0.126438804322612	0.125694905492853	0.091011622419351	0.0901637377316685	0.0484574097922683	0.0318996616460161	0.024404680963389	0.0163657742547014	0.00479134837662078	0.00271163121815433	0.000279961925178176	9.59869457753745e-05	0.000127982594367166	7.99891214794788e-06	
0.000491412565419298	0.00217859570669222	0.0158234846065014	0.023333906647993	0.0404923953905501	0.0648336977976527	0.113893052245346	0.122025930203035	0.136022998108062	0.125793426537917	0.102754367429175	0.0841380214092074	0.0663079354939106	0.0399436513591653	0.025184893977739	0.0218842395800061	0.00941874083720321	0.00352998026159529	0.00175270481666216	0	0.000196565026167719	
0.00181509653780888	0.00688048222471739	0.0168930612658399	0.0274375058040878	0.0602780896742113	0.0874960954318663	0.130138200606158	0.146212357852614	0.123941545449173	0.10604384935543	0.084119171640594	0.0738533233151261	0.050181087538307	0.0357278537116614	0.0222792547129193	0.016665118909929	0.00645836675080835	0.00270153903301787	0.000506538568690851	0	0.000371461617039957	
9.90515811108635e-05	0.00432525237517437	0.00870003054090418	0.025010524230493	0.0443668540392409	0.0825760014527565	0.0996046191053991	0.138696976450487	0.145597569934543	0.11542810918786	0.102939355669465	0.0747426722465724	0.0594061857712404	0.0378377039843499	0.0286341612394655	0.017862301793659	0.0101527870638635	0.00297980173175181	0.000775904052035097	0	9.07972826849582e-05	0.000173340266944011	
0.00126306620209059	0.00735191637630662	0.0162108013937282	0.0313501742160279	0.0631358885017422	0.0822560975609756	0.11831881533101	0.142743902439024	0.131785714285714	0.110862369337979	0.0981010452961672	0.0633710801393728	0.0543815331010453	0.0334756097560976	0.0213240418118467	0.0130836236933798	0.00776132404181185	0.00292682926829268	9.58188153310105e-05	0	0.000139372822299652	6.09756097560976e-05	
0.000365731820452437	0.00414793406122886	0.00754656390494541	0.025842075215871	0.0436380503817883	0.0768304431599229	0.0985870263326911	0.124723471062585	0.138737243987726	0.128229144365946	0.112154784842646	0.0792300007136231	0.0646096481838293	0.0323449653892814	0.027233640191251	0.017680011417969	0.0120869906515379	0.00553057874830514	0.000419253550274745	0	0	6.24420181260258e-05	
0.000915521544985792	0.00849880377609452	0.0130850484967309	0.0370527115848023	0.0655461604235583	0.0881750891769807	0.121626173551792	0.131187327799898	0.138261027284269	0.120321987199972	0.0819564522676432	0.0696400963888721	0.0479871481503874	0.0277679411993332	0.0205733237750581	0.0155379552776362	0.00842107081472781	0.00310931845466873	0.000336842832589112	
0.000109558563265856	0.00261255035480119	0.00945574676802238	0.0260412277301151	0.0562203981189637	0.0777697247551788	0.100043823425306	0.123421935309882	0.131394427682921	0.123464073218831	0.109524852938698	0.0731766926798025	0.0633417047312444	0.03807581452578	0.0256535589677898	0.0187850798091995	0.0140824891705574	0.00473630096580087	0.00151696472214263	0.000573075561698326	
0.00168621580272098	0.00407159425535065	0.0178409857370819	0.0436030730254824	0.0656554855478968	0.0952670801322651	0.114267853323901	0.132536562093869	0.127338082155724	0.113535788902232	0.0928323490219948	0.0630151183641239	0.0466793886850807	0.0300064158454933	0.021221642785464	0.0149867570368664	0.0105121160774508	0.00347936236366328	0.00146412884333821	
0.000303622449376795	0.00259246860621725	0.00654734563912526	0.0233400026469649	0.05932315549362	0.0977897842723571	0.108416570000545	0.127575925075322	0.131888920894674	0.118046851279496	0.0991288371260189	0.0765050720519428	0.053001580393775	0.0353447671838629	0.0225536983549891	0.0175789612998155	0.0119814089638689	0.00482681842599008	0.00234334249390809	0.000910867348130386	
0.000389355497461243	0.00271754245166827	0.00962264300868501	0.0327138078173049	0.0862382696723852	0.0998100898696056	0.120064521768151	0.129989113938132	0.131030043941549	0.106007993706744	0.0920547640426225	0.0648237173120168	0.0513472494815215	0.0258007612297277	0.0198332922788421	0.01356387416666	0.00971004934484978	0.00320225031585471	0.000882009392208122	0.000198650764010838	
0.00183517628578983	0.00899702950279165	0.0139737787523912	0.0508328278822377	0.0979330938272757	0.117552372509681	0.12977651285401	0.139317874305977	0.128983343442355	0.0971321482449183	0.0707164963685283	0.0446741006858583	0.0391607956577863	0.0245804755906002	0.0167965287173984	0.0103189785222165	0.00538111012612949	0.00167187670103734	0.000365480023017465	
0.000229420941543544	0.00256951454528769	0.00793796457740663	0.0205484689975834	0.0809779450001529	0.113884555382215	0.129431647854149	0.144833440396439	0.140803279189991	0.10252821877581	0.0787219724083081	0.0556804625126181	0.0397051176164694	0.0309718271083785	0.0220473524823346	0.0145452876938607	0.0106451316876204	0.00311247744027408	0.000825915389556759	
0.00198808642944162	0.00334835609169114	0.0126534974625739	0.0383939849174496	0.0867508240095069	0.12118358408634	0.158396675560738	0.142080913622876	0.130772737804286	0.101138291590992	0.0655545341076407	0.0382968227987175	0.0339245274557725	0.0261964020120033	0.0179675179563069	0.0144248376271516	0.00506737819233615	0.00150227583578107	0.00035875243839548	
0.000402211373906734	0.000843855235451384	0.00276816063218164	0.018383425736796	0.063644035047595	0.1196854864786	0.131554665257612	0.147887601637237	0.149338717182312	0.115694918729643	0.0830132729753389	0.0570272636219529	0.0250948351327692	0.0315302171152769	0.0189275940661993	0.0182651282738823	0.0122319576652813	0.00298898256295397	0.000457416856599815	0.00026025441841024	
0.00299206452452192	0.00410930600938177	0.0372898476419318	0.0996640623206483	0.139065955509301	0.147223348816566	0.137619663450134	0.136349375186526	0.101646018105434	0.0620757734601581	0.0382234329922941	0.0276096388861255	0.0256735971349643	0.0175008991498251	0.0137665577483758	0.00760642490377184	0.00107897979017287	0.00050505436986815	
