# <P(U)> as a function of N_tot.
# number_of_species: 1
# species_total_upper_bound: 251
# species_total_lower_bound: 216
# volume: 729
# Bin widths for each
10	10	10	10	10	10	10	10	10	10	10	10	10	10	10	10	10	10	10	10	10	10	10	10	10	10	10	10	10	10	10	10	10	10	10	10	
# Bin lower bound for each
-970	-980	-980	-990	-990	-1000	-1010	-1010	-1010	-1020	-1020	-1030	-1030	-1040	-1040	-1050	-1050	-1060	-1060	-1080	-1090	-1090	-1090	-1100	-1100	-1100	-1110	-1120	-1130	-1130	-1130	-1140	-1140	-1150	-1150	-1150	
# Bin upper bound for each
-750	-750	-760	-760	-760	-770	-770	-770	-780	-780	-790	-790	-790	-800	-810	-810	-810	-820	-830	-830	-840	-840	-840	-850	-860	-860	-860	-860	-870	-870	-880	-890	-890	-890	-900	-900	
# Normalized histogram for each
7.76965286603659e-06	5.83901185083962e-05	0.00042850812776323	0.00140489450459516	0.00420291131247331	0.0112280901675278	0.024128068365411	0.0461500899160736	0.0754002430724127	0.110172735864294	0.137973260151051	0.143923637026304	0.137845884932854	0.113751485063196	0.0832668988772616	0.0508441374672909	0.0293843562512979	0.0169496154492719	0.00846209374721882	0.00319732987638718	0.000898454404145322	0.000256398544579207	6.47471072169716e-05	
1.17270826419241e-06	2.50959568537175e-05	0.00023477619449132	0.000986247650185816	0.00245940377166432	0.00795659103089265	0.0184781295772269	0.0362479433628817	0.0631601907761804	0.0921242085685102	0.124255476840771	0.143611495824572	0.142093307705749	0.125806969874297	0.0979319289760967	0.0645346048618139	0.038328327823559	0.0217506892592823	0.0121161872439831	0.0053970379734663	0.00181980868437378	0.000533582260207546	0.000141663158314443	5.1599163624466e-06	
2.84833152507438e-05	8.26251541571163e-05	0.000589675245480275	0.00207881121470511	0.00446175832448428	0.0127960705265718	0.0274277847913691	0.0502528070777978	0.0787252939607603	0.11055904744261	0.137711415053456	0.14461897210071	0.132994248488913	0.110622369854201	0.0802921116988509	0.0498046068113729	0.0287142419636445	0.0151053376555783	0.0085697115016804	0.00330571236418343	0.000920411261408333	0.00027777117351965	6.07330192949744e-05	
2.40531627289337e-05	5.02496765921289e-05	0.000316263367366574	0.00116955526892865	0.00344627047376633	0.00834454226593177	0.0195321207363983	0.0397491612352561	0.0662828956769084	0.0964241282276487	0.125111930559234	0.144192756806807	0.137660775150082	0.121846177880997	0.0953314954494274	0.0646210840974777	0.0367337043394763	0.0203677895286342	0.0107701012995376	0.00541481941552243	0.00194878248129569	0.000482730305460878	0.000160989485195636	1.76231093261495e-05	
1.02248953850529e-05	6.11115840455488e-05	0.000688159238240538	0.00225875072703762	0.00577159676246522	0.0146586953699296	0.0304185881940029	0.0563608123037355	0.0843211454165599	0.112518791217623	0.136481428023157	0.14383764578204	0.127393398331963	0.107249641058614	0.0766748259746584	0.0485428097346711	0.0268836278499518	0.0143041530671595	0.00708965711407797	0.00309576541902335	0.00102653193900636	0.000280590152427034	7.15742676953704e-05	4.75576529537345e-07	
8.10187970757933e-06	4.4083757232417e-05	0.000256638954266557	0.0015024221045967	0.0039742102871473	0.00992933016279774	0.0233214990288467	0.0440115551867876	0.0713332381759619	0.102195442597348	0.126108378844848	0.139726208889811	0.137138849776138	0.117266368596924	0.0903066489982145	0.0605062673996803	0.0361570211008691	0.0194740593300651	0.00965053018462516	0.00446866323988927	0.0019132350638869	0.000564033801995302	0.000103418111561454	3.97945267989926e-05	
3.54569275154031e-06	1.30008734223145e-05	8.15509332854271e-05	0.000901078717924777	0.00298783709196463	0.00701479853964735	0.0160849169776042	0.0339644272465214	0.0604134041368779	0.0875599369812208	0.119007867892216	0.135908057823157	0.140875336988549	0.125359149128291	0.101263330327374	0.0715920278644174	0.047456024545649	0.0257644218097925	0.0133095850712152	0.00648932687386907	0.00259970192542935	0.000926134946702328	0.000299492847746771	0.000109443716264211	1.56010481067774e-05	
1.44086637169061e-05	6.85002045557833e-05	0.00031391990294702	0.00155448222821245	0.00508153414002954	0.010989322471563	0.0253767275042966	0.0477654288443496	0.0771966598355428	0.105506140925235	0.131027191274302	0.140081737278567	0.133442414003898	0.112815821374142	0.0835024579763055	0.0559233307917395	0.0353205951297772	0.0184485223324839	0.00916154804793314	0.00398387741392359	0.00159581855854783	0.00056524479138617	0.000176683286233538	8.69243975052698e-05	7.08622805749482e-07	
5.38134153762707e-05	0.000153854214005285	0.0011002117214153	0.00329352325913009	0.00854732463168036	0.0167423728966244	0.0371931301841343	0.0629989149603428	0.0928900150985746	0.119718965957444	0.138557217291696	0.138789539525479	0.121207013571174	0.0978695339971586	0.0681337104539553	0.0440923893369784	0.0254087034072426	0.0132362036745317	0.00599178006006715	0.00246166742408456	0.00100135624030558	0.000389732400346208	0.000134889133696467	3.41371445558722e-05	
9.2719432423938e-06	0.000106508476220318	0.000470016199749039	0.00209117981436143	0.00500661160875823	0.0128608985036035	0.0263924675684067	0.0511423747301032	0.0809561893549533	0.108406371679396	0.133402579692352	0.138209963392466	0.131374401543612	0.108118465954613	0.0810881362395566	0.0537763198373463	0.0331545670977249	0.0183403792177238	0.00872751375457119	0.00388518196069742	0.00145807251040003	0.000710611239782437	0.000246538593393907	5.99110178739292e-05	5.46806909166814e-06	
0.000100211873131293	0.00027016740143472	0.00104306039919554	0.00386922564786024	0.00884435239445678	0.0193113754281915	0.0397945870830466	0.0677886905307397	0.0964852292221631	0.122766447541465	0.138543033620488	0.13650975613762	0.118009597012591	0.0933943713299782	0.0649591928207357	0.0413975009872417	0.0243241113813314	0.0128404496061626	0.00610816360195273	0.00208802506201354	0.000948799349884399	0.000472495411319752	9.90217083672629e-05	3.21344486287993e-05	
1.42672008940779e-05	0.00025942526959065	0.000721444791877207	0.00215553626841361	0.00653437800948769	0.0146519397448549	0.0290513500338846	0.0542859860419218	0.0868670415770013	0.111839636661951	0.134347810579129	0.137509422297257	0.127051326255216	0.103704478712147	0.0780052075283263	0.0509598259401491	0.0303641703028213	0.0170362268009369	0.0090209133386439	0.00348072144479188	0.00131472256238928	0.000530026513214995	0.000232317587891902	4.99352031292727e-05	1.18893340783983e-05	
6.16408210941126e-05	0.000511354982772949	0.00148033909647028	0.00436546531024881	0.0113680544645823	0.0217028456712913	0.0429173617248877	0.0712742980561555	0.101696801512958	0.123881261070464	0.140051063544011	0.133544718976618	0.113523924193782	0.0888529650554108	0.0622593879330298	0.0394474871771502	0.0226231407317509	0.011930496976122	0.00526729210913543	0.00205645291852499	0.000712107384546382	0.0003633690426365	9.64187162639426e-05	8.39466435133829e-06	3.35786574053532e-06	
1.6352403923615e-05	0.000171940717726246	0.000899141739270538	0.00291481599938438	0.0077202584641726	0.0177115772615014	0.032701441175834	0.0574594616692438	0.088761329450439	0.115454945520043	0.132552105251767	0.140212004107339	0.122676696141073	0.100056511984148	0.073319369662924	0.0484423132880115	0.0295355676809165	0.0158570222753408	0.0083349164704779	0.00323561168812118	0.00116126115510496	0.000490091164651874	0.000262840845419283	3.63119557715569e-05	1.61119273953266e-05	
4.87109826228968e-05	0.000507985961638781	0.00179942689009411	0.0051004957962182	0.0123094812688275	0.0258816087965796	0.0457804051314021	0.0742415364067804	0.105686275356706	0.126097376853597	0.141589149016734	0.132971384337331	0.10982358945712	0.0832614666372961	0.0579048806484943	0.0365749892379923	0.0210647404952395	0.0111776108006886	0.00506978148205204	0.00196619601779319	0.000640681397059776	0.000384168882656443	9.59822317692549e-05	2.20759133069286e-05	
3.96978058661809e-05	0.000163362485958405	0.000925560358589077	0.00336180267495846	0.00825136939385781	0.0198289337337759	0.0363129062859912	0.0615891007628956	0.0909431019769267	0.120396708594767	0.132979228905007	0.14066303997136	0.122324097217761	0.094334016376187	0.0684902635717776	0.0449441716523502	0.0275817949230596	0.0143318702887426	0.00765421815652532	0.00300163530900892	0.00110744848728503	0.000423443262572596	0.000281734125268471	5.48551499241772e-05	1.5638529583647e-05	
0.000118939868643969	0.000484945887194721	0.00187862138055343	0.00552852816264012	0.0136848538296704	0.0294342330215755	0.0483405954342562	0.0765895394803005	0.107738005446092	0.132553406901994	0.138135844801844	0.133550616166539	0.106978675918835	0.0795035662620777	0.0540245673683152	0.0349141698964159	0.0194191092854325	0.00955531960979987	0.0046686315919763	0.00176379122281789	0.000633862470700179	0.000327809881872404	0.000148433088104466	2.05485545421492e-05	3.38446780694222e-06	
2.85720146640371e-05	0.00025177561639848	0.00147084824206406	0.0039693121910193	0.0102624815747136	0.0208536634206904	0.0400081466872581	0.0634989826409138	0.0938619986344042	0.124632837401304	0.137787685998931	0.13526260367734	0.119952155306727	0.0921403515969558	0.0645668922146388	0.042186945959331	0.0249362868493517	0.0134659660906353	0.00625043346432503	0.00290042579628007	0.000916258111277496	0.000432731709270715	0.000285720146640371	6.42259816806987e-05	1.26986731840165e-05	
9.3156242669101e-05	0.00076732603011033	0.00255306327565005	0.00729651122593373	0.0155085736493497	0.03069886346958	0.0522582261935462	0.0808195905637578	0.110821237779611	0.1326544895608	0.137995447473828	0.128023120214977	0.105273104264397	0.0773400593434377	0.0513710585387522	0.0313696369356739	0.0188486131000481	0.00898084401981802	0.0043943546346565	0.00204943733872022	0.000509205607714695	0.000188495834775759	0.000125178701086605	6.04060011057452e-05	
6.07096128086598e-06	0	0.000289220595420455	0.00156169407988997	0.00480698714218968	0.0119471661238418	0.0233290043332093	0.0421424276657105	0.0670872790534351	0.0976764245632065	0.123475581622375	0.13701261108645	0.135373451540616	0.115825199054678	0.0895442505082609	0.0636358161460372	0.0395615406059888	0.0237483863384915	0.01296368788071	0.00556901420216398	0.00267195147893474	0.0011335698903633	0.00035697252331492	0.000163187439229678	0.000106606080092007	1.18990841104973e-05	
1.16000421468198e-05	4.2775155416398e-05	5.84835458235498e-05	0.000717027605200299	0.00300851926428666	0.00823941326986821	0.0185334840049919	0.0331381787353827	0.0553931012616012	0.0851469677006493	0.111839389683116	0.133078341851309	0.1379261927985	0.125758473589121	0.102399130383507	0.0744483454956553	0.0488714608996413	0.0291366475298194	0.0173307046348935	0.00875247346732026	0.00348871267565605	0.00167934776829689	0.000586043795959125	0.000239250869278158	0.000148383872461403	2.7550100098697e-05	
2.8285103203155e-05	7.15588935737938e-05	0.00030799334598991	0.00149403365637178	0.00524604050861934	0.012650935475394	0.0266070954994533	0.0452024959548676	0.0697945800423696	0.101578574687057	0.123123361972202	0.137663113783718	0.133924886853543	0.115216345985316	0.0870596136351604	0.0597591704777015	0.0371586477593242	0.0214981289525108	0.0123925014982643	0.00534999430671641	0.00228287375681532	0.00107894372304001	0.000252148398640091	0.000160282251484545	8.94486169672422e-05	8.94486169672422e-06	
7.38359244318459e-05	0.00018750438704403	0.00079762228892823	0.00319121779970402	0.00858658367249687	0.0188832947921142	0.0352330944271607	0.0603074343303531	0.0864999998785593	0.114774058428019	0.130881948258019	0.137913848534831	0.123842275778635	0.101115626814779	0.0742854977743569	0.0464090359627099	0.0277380194533373	0.0154372944768543	0.00834103064749491	0.00314895644822001	0.00146991781138662	0.000488434355369876	0.000177060489838209	0.000162487610016135	5.22194860291016e-05	1.7001693125754e-06	
2.28808721993752e-05	0.000151403218170333	0.000597336812524113	0.00165034376076344	0.00540426728266518	0.0139215502521156	0.0276459355416621	0.0487537835591197	0.0744677458811387	0.10273122155865	0.124387967095358	0.135399508548075	0.133591432817256	0.112422974829824	0.0848434911829533	0.0590214532518223	0.0348845672168218	0.0204681572500113	0.0110237121294181	0.00518446486143076	0.00212767770100785	0.000788659850276335	0.000261182722020527	0.000140206195604682	9.10366617294288e-05	1.70389473825134e-05	
0.000111937486693706	0.000359468094524013	0.000960613856397618	0.00325325941719833	0.00936714349434691	0.0212159337525177	0.0391847049008378	0.0643974653841248	0.0895526719526848	0.115927728866434	0.129478261569373	0.134655187424567	0.123996982809182	0.0976107077595115	0.0712363824633222	0.0451130019902436	0.0257112359142281	0.0148352531384564	0.00745152484951237	0.00325886848515902	0.00150225472338394	0.000477746266738495	0.000154127432658871	0.000119985279854691	6.75526880482712e-05	
0.000213564694273739	0.000735178805031263	0.00203848352994922	0.00611764224577522	0.0147951386149319	0.0299360718317665	0.0523515981067989	0.0793781249360767	0.104203985696766	0.124439057841209	0.135443118736126	0.129245846324983	0.109123035667496	0.0829047428408342	0.0578640997992443	0.0338289397937506	0.0188857426450462	0.0103146633470385	0.00475102301628352	0.00203239559681713	0.000942412048847627	0.000229880355067742	8.47440291987014e-05	9.95985860410025e-05	4.09109106476489e-05	
2.68466727942163e-05	0.000334607167280642	0.00129815865993124	0.00402407219119127	0.0101233921893755	0.0231515943750851	0.0423235355994203	0.0660428150737722	0.0937910479525507	0.116707855971017	0.131045931728423	0.133614426132844	0.11947696823941	0.0950245305371141	0.0676167622814986	0.0440788198788385	0.0254167213769317	0.0137059586434327	0.00705921058090831	0.00311787495405558	0.00126545453125465	0.000518140784928375	0.000142287365809347	3.68531599266061e-05	4.75918290442926e-05	8.54212316179611e-06	
2.47886521968023e-05	0.000210580827572835	0.000782928717899002	0.00268551913205357	0.00675012179572923	0.0155311950461965	0.0335086128294774	0.0562663135715416	0.0826816903897341	0.107693440456308	0.127220271717989	0.133399518216591	0.126695783106656	0.105927064913135	0.0782668559767036	0.0531434342591445	0.0338625260618317	0.0181025882052648	0.00963763162835675	0.00481807951757847	0.00176441208557239	0.00069751831231002	0.00020984453097293	7.60839819901852e-05	2.45432199968339e-05	1.61985251979104e-05	2.45432199968339e-06	
3.67531304478859e-06	0.000107809182647132	0.000425846271456171	0.00151300387010464	0.00457331453206527	0.0108985282821464	0.0250090351445684	0.0454427955901144	0.0706184449260466	0.0994480904911076	0.119368777235601	0.131969710520094	0.13042779418737	0.115610157095131	0.0906486559992747	0.0634545247391447	0.0416809901783384	0.024280833119961	0.0127967049593449	0.00669887057630134	0.0032190841854955	0.00116556427693729	0.00043711723146019	0.000167104233103055	1.44562313095018e-05	9.80083478610291e-06	9.31079304679776e-06	
3.25920640039522e-05	0.000192856799782785	0.000888317533942307	0.00289922337767488	0.00741628740613241	0.017873193836032	0.0348267033396818	0.0592879050605428	0.0855990127300191	0.112440905441845	0.128116953068408	0.132167190916959	0.122063406022621	0.10216043725317	0.0770486195177943	0.0509369850821467	0.0314805030842385	0.0180729121229735	0.0088334295575223	0.00470085386306628	0.00191582523596164	0.000717760567425384	0.000245788272150106	6.0283065751671e-05	1.73987710096286e-05	2.45053112811671e-06	2.20547801530504e-06	
9.60448815531997e-05	0.000319172049130989	0.00164742632709954	0.00524434379961861	0.0119706625654932	0.0260354945712647	0.0466037625643446	0.0749499552401525	0.101530681696265	0.122653468356633	0.133195432760396	0.126548540423287	0.109788097619724	0.0894989218778754	0.0632312577456042	0.0398928403061999	0.0229053601108744	0.0128296899412171	0.00638050831448076	0.00283002475416298	0.00120850366229153	0.000424748102136033	0.000142478793754492	3.54364066799337e-05	3.69027407494482e-05	2.4438901158575e-07	
6.34738970922119e-06	0.000175285608123878	0.00112861471637421	0.00328160047966736	0.008738890847357	0.019893695870193	0.0364938288724204	0.0614773988982885	0.0897799213509589	0.113706162729495	0.131945631189315	0.131227155500306	0.11679197064967	0.0987067925858582	0.0744758765012797	0.0495164753823814	0.0302335937065143	0.0168774651064457	0.0085611639354988	0.00413630091705133	0.00194303364214198	0.000584448113995213	0.00020799907816371	6.86006349342752e-05	2.07510817416847e-05	2.09952121151163e-05	
6.40467850722404e-05	0.000725618174170938	0.00214863467468405	0.00573181917899383	0.0135749737555415	0.0284811881586574	0.0485540886142484	0.0801004430270719	0.10401884987679	0.124422045246968	0.132162872201389	0.126332651639966	0.105220524614333	0.0851964567649846	0.0608383110691003	0.0376818401107592	0.0219422813317609	0.0127580705083941	0.00581132553287661	0.00270714227171247	0.00105125067911677	0.000332012644454947	8.46595434862947e-05	4.07347368658693e-05	1.05517691881469e-05	7.60708941471054e-06	
6.42722930302384e-06	0.000251403546199048	0.00140138318918624	0.00359232677813625	0.00910070949195472	0.02029545973106	0.0379760259402975	0.0634785302113149	0.0947932273812823	0.116650751034104	0.131179997275844	0.130096267534903	0.117399770449033	0.0937067784279442	0.0710151981724915	0.0485767518711271	0.0284723786112686	0.0166408382689098	0.00872026695744111	0.00403036717525003	0.00173065509040269	0.000529999216372427	0.000234841070687409	9.31948248938457e-05	1.08768495897326e-05	9.88804508157514e-06	5.6856259219057e-06	
2.83612243367913e-05	0.0006468825342209	0.00245904145967083	0.00640815698406247	0.0151668429172898	0.0291901119454517	0.0506237989638042	0.0805626472317472	0.107884617661102	0.127153233475518	0.133286163273842	0.125161289049707	0.104326147174532	0.0795561936968042	0.0573570002407005	0.0365512060672304	0.0216021280289788	0.0122804101378306	0.00574795700537038	0.00258062479530595	0.000861441361812277	0.000352912278486507	0.000159809333654267	3.79793786770944e-05	6.65872223559447e-06	8.38505763000785e-06	
0.000201976876218288	0.00151127667502484	0.00390806893948185	0.01011696052466	0.0218436155476658	0.0386982798425119	0.0646847471469848	0.0976468837048973	0.118955811376611	0.13392388923735	0.128895277070655	0.115972429299525	0.0907745286838991	0.0672810680830999	0.0464598227597827	0.0275244294092042	0.0163591476918572	0.00898637965874966	0.00380573398886459	0.00174875251736634	0.000422315286638238	0.000138323557652524	0.000107721000649753	0	3.18266592828817e-05	7.34461368066501e-07	
