# <N_i^j*N_k^m*U^p> as a function of N_tot.
# number_of_species: 1
# max_order: 2
# species_total_upper_bound: 251
# species_total_lower_bound: 216
# volume: 729
#	N_tot	N_1^0*N_1^0*U^0	N_1^0*N_1^0*U^1	N_1^0*N_1^0*U^2	N_1^0*N_1^1*U^0	N_1^0*N_1^1*U^1	N_1^0*N_1^1*U^2	N_1^0*N_1^2*U^0	N_1^0*N_1^2*U^1	N_1^0*N_1^2*U^2	N_1^1*N_1^0*U^0	N_1^1*N_1^0*U^1	N_1^1*N_1^0*U^2	N_1^1*N_1^1*U^0	N_1^1*N_1^1*U^1	N_1^1*N_1^1*U^2	N_1^1*N_1^2*U^0	N_1^1*N_1^2*U^1	N_1^1*N_1^2*U^2	N_1^2*N_1^0*U^0	N_1^2*N_1^0*U^1	N_1^2*N_1^0*U^2	N_1^2*N_1^1*U^0	N_1^2*N_1^1*U^1	N_1^2*N_1^1*U^2	N_1^2*N_1^2*U^0	N_1^2*N_1^2*U^1	N_1^2*N_1^2*U^2	
216	1	-858.885698426912	738429.630217852	216	-185519.310860213	159500800.127056	46656	-40072171.145806	34452172827.4441	216	-185519.310860213	159500800.127056	46656	-40072171.145806	34452172827.4441	10077696	-8655588967.49409	7441669330742.43	46656	-40072171.145806	34452172827.4441	10077696	-8655588967.49409	7441669330742.43	2176782336	-1869607216978.72	1.60740057544407e+15	
217	1	-864.429657445623	747999.53572413	217	-187581.2356657	162315899.252136	47089	-40705128.139457	35222550137.5034	217	-187581.2356657	162315899.252136	47089	-40705128.139457	35222550137.5034	10218313	-8833012806.25875	7643293379891.86	47089	-40705128.139457	35222550137.5034	10218313	-8833012806.25875	7643293379891.86	2217373921	-1916763778960.24	1.65859466343474e+15	
218	1	-869.886153139744	757466.018287887	218	-189635.181384464	165127591.986759	47524	-41340469.5418132	35997815051.6081	218	-189635.181384464	165127591.986759	47524	-41340469.5418132	35997815051.6081	10360232	-9012222360.11527	7847523681509.94	47524	-41340469.5418132	35997815051.6081	10360232	-9012222360.11527	7847523681509.94	2258530576	-1964664474506.98	1.71076016259909e+15	
219	1	-875.440939705089	767169.288039358	219	-191721.565795414	168010074.08062	47961	-41987022.9091958	36794206223.4364	219	-191721.565795414	168010074.08062	47961	-41987022.9091958	36794206223.4364	10503459	-9195158017.1135	8057931163011.01	47961	-41987022.9091958	36794206223.4364	10503459	-9195158017.1135	8057931163011.01	2300257520.98712	-2013739605753.6	1.76468692470643e+15	
220	1	-881.235652039888	777357.278614896	220	-193871.843448775	171018601.295277	48400	-42651805.5587306	37624092284.6636	220	-193871.843448775	171018601.295277	48400	-42651805.5587306	37624092284.6636	10648000	-9383397222.92073	8277300302650.81	48400	-42651805.5587306	37624092284.6636	10648000	-9383397222.92073	8277300302650.81	2342560000	-2064347389042.89	1.82100606659902e+15	
221	1	-886.80942755938	787221.483732982	221	-195984.883490623	173975947.904989	48841	-43312659.2514277	38448684486.741	221	-195984.883490623	173975947.904989	48841	-43312659.2514277	38448684486.741	10793861	-9572097694.56613	8497159271649.12	48841	-43312659.2514277	38448684486.741	10793861	-9572097694.56613	8497159271649.12	2385443280.95127	-2115433590507.82	1.87787219903338e+15	
222	1	-892.57639698635	797488.078674464	222	-198151.96013097	177042353.465731	49284	-43989735.1490753	39303402467.5318	222	-198151.96013097	177042353.465731	49284	-43989735.1490753	39303402467.5318	10941048	-9765721203.09471	8725355348239.59	49284	-43989735.1490753	39303402467.5318	10941048	-9765721203.09471	8725355348239.59	2428912656	-2167990107087.07	1.93702888729008e+15	
223	1	-898.184387042491	807534.938651101	223	-200295.118310476	180080291.319196	49729	-44665811.3832361	40157904963.8497	223	-200295.118310476	180080291.319196	49729	-44665811.3832361	40157904963.8497	11089567	-9960475938.4639	8955212807038.39	49729	-44665811.3832361	40157904963.8497	11089567	-9960475938.4639	8955212807038.39	2472973440.90882	-2221186134278.01	1.99701245597148e+15	
224	1	-903.609325412787	817319.526488492	224	-202408.488892464	183079573.933422	50176	-45339501.511912	41009824561.0866	224	-202408.488892464	183079573.933422	50176	-45339501.511912	41009824561.0866	11239424	-10156048338.6683	9186200701683.39	50176	-45339501.511912	41009824561.0866	11239424	-10156048338.6683	9186200701683.39	2517630976	-2274954827861.7	2.05770895717708e+15	
225	1	-909.172107888362	827407.653758357	225	-204563.724274881	186166722.09563	50625	-46026837.9618483	41887512471.157	225	-204563.724274881	186166722.09563	50625	-46026837.9618483	41887512471.157	11390625	-10356038541.4166	9424690306048.1	50625	-46026837.9618483	41887512471.157	11390625	-10356038541.4166	9424690306048.1	2562890624.88325	-2330108671828.8	2.12055531886224e+15	
226	1	-914.774757037607	837637.277114719	226	-206739.095090499	189306024.627926	51076	-46723035.4904528	42783161563.7655	226	-206739.095090499	189306024.627926	51076	-46723035.4904528	42783161563.7655	11543176	-10559406020.8423	9668994513889.86	51076	-46723035.4904528	42783161563.7655	11543176	-10559406020.8423	9668994513889.86	2608757776	-2386425760704.98	2.18519276015418e+15	
227	1	-920.537952469708	848219.037918661	227	-208962.115210624	192545721.607536	51529	-47434400.1528116	43707878804.5093	227	-208962.115210624	192545721.607536	51529	-47434400.1528116	43707878804.5093	11697083	-10767608834.6857	9921688488735.74	51529	-47434400.1528116	43707878804.5093	11697083	-10767608834.6857	9921688488735.74	2655237840.85268	-2444247205474.73	2.25222328693711e+15	
228	1	-926.20952436297	858700.236999365	228	-211175.771554757	195783654.035855	51984	-48148075.9144847	44638673118.7339	228	-211175.771554757	195783654.035855	51984	-48148075.9144847	44638673118.7339	11852352	-10977761308.5025	10177617471443.1	51984	-48148075.9144847	44638673118.7339	11852352	-10977761308.5025	10177617471443.1	2702336256	-2502929578339.73	2.32049678348873e+15	
229	1	-931.871534944029	869227.612428875	229	-213398.581502183	199053123.246212	52441	-48868275.1639998	45583165222.9428	229	-213398.581502183	199053123.246212	52441	-48868275.1639998	45583165222.9428	12008989	-11190835012.5594	10438544836113.4	52441	-48868275.1639998	45583165222.9428	12008989	-11190835012.5594	10438544836113.4	2750058480.83238	-2562701217849.18	2.39042676746288e+15	
230	1	-937.641249880812	880012.747177021	230	-215657.487472587	202402931.850715	52900	-49601222.118695	46552674323.2393	230	-215657.487472587	202402931.850715	52900	-49601222.118695	46552674323.2393	12167000	-11408281087.2998	10707115094931.9	52900	-49601222.118695	46552674323.2393	12167000	-11408281087.2998	10707115094931.9	2798410000	-2623904650079.57	2.4626364718194e+15	
231	1	-943.28616460753	890632.422732569	231	-217899.10402434	205736089.651223	53361	-50334693.0296224	47525036708.9504	231	-217899.10402434	205736089.651223	53361	-50334693.0296224	47525036708.9504	12326391	-11627314089.8362	10978283479844.1	53361	-50334693.0296224	47525036708.9504	12326391	-11627314089.8362	10978283479844.1	2847396320.80409	-2685909554749.86	2.53598348386589e+15	
232	1	-948.928384624346	901302.576122294	232	-220151.385232848	209102197.660372	53824	-51075121.3740208	48511709857.2063	232	-220151.385232848	209102197.660372	53824	-51075121.3740208	48511709857.2063	12487168	-11849428158.7728	11254716686784.9	53824	-51075121.3740208	48511709857.2063	12487168	-11849428158.7728	11254716686784.9	2897022976	-2749067332835.3	2.6110942713624e+15	
233	1	-954.739985228042	912374.406663136	233	-222454.416558134	212583236.752511	54289	-51831879.0580452	49531894162.8353	233	-222454.416558134	212583236.752511	54289	-51831879.0580452	49531894162.8353	12649337	-12076827820.5288	11540931340143.1	54289	-51831879.0580452	49531894162.8353	12649337	-12076827820.5288	11540931340143.1	2947295520.78676	-2813900882184.74	2.68903700222142e+15	
234	1	-960.267774592994	922967.566074798	234	-224702.659254761	215974410.461503	54756	-52580422.265614	50538012045.3303	234	-224702.659254761	215974410.461503	54756	-52580422.265614	50538012045.3303	12812904	-12303818810.1537	11825894819201.7	54756	-52580422.265614	50538012045.3303	12812904	-12303818810.1537	11825894819201.7	2998219536	-2879093601579.41	2.76725938769528e+15	
235	1	-965.852622531864	933728.156718252	235	-226975.366294988	219426116.828789	55225	-53339211.0793222	51565137454.2228	235	-226975.366294988	219426116.828789	55225	-53339211.0793222	51565137454.2228	12977875	-12534714603.6429	12117807301906.9	55225	-53339211.0793222	51565137454.2228	12977875	-12534714603.6429	12117807301906.9	3049800624.75614	-2945657931859.88	2.84768471595046e+15	
236	1	-971.530585716762	944729.480136882	236	-229281.218229156	222956157.312304	55696	-54110367.5020808	52617653123.2826	236	-229281.218229156	222956157.312304	55696	-54110367.5020808	52617653123.2826	13144256	-12770046730.4911	12417766137741.6	55696	-54110367.5020808	52617653123.2826	13144256	-12770046730.4911	12417766137741.6	3102044416	-3013731028396.56	2.93059280848379e+15	
237	1	-977.016153766362	955413.051797974	237	-231552.828442628	226432893.27612	56169	-54878020.3409028	53664595705.8661	237	-231552.828442628	226432893.27612	56169	-54878020.3409028	53664595705.8661	13312053	-13006090820.7911	12718509182518	56169	-54878020.3409028	53664595705.8661	13312053	-13006090820.7911	12718509182518	3154956560.72762	-3082443524539.72	3.01428667624038e+15	
238	1	-982.469793512575	966096.051889216	238	-233827.810855993	229930860.349633	56644	-55651018.9837263	54723544760.3224	238	-233827.810855993	229930860.349633	56644	-55651018.9837263	54723544760.3224	13481272	-13244942518.1269	13024203653680.2	56644	-55651018.9837263	54723544760.3224	13481272	-13244942518.1269	13024203653680.2	3208542736	-3152296319316.64	3.09976046955894e+15	
239	1	-988.055493071438	977107.203476389	239	-236145.262844074	233528621.630857	57121	-56438717.8197336	55813340569.1823	239	-236145.262844074	233528621.630857	57121	-56438717.8197336	55813340569.1823	13651919	-13488853558.9195	13339388396113.9	57121	-56438717.8197336	55813340569.1823	13651919	-13488853558.9195	13339388396113.9	3262808640.70742	-3223836000579.37	3.18811382670504e+15	
240	1	-993.583907965199	988070.685391394	240	-238460.137911648	237136964.493935	57600	-57230433.0987955	56912871478.5443	240	-238460.137911648	237136964.493935	57600	-57230433.0987955	56912871478.5443	13824000	-13735303943.7109	13659089155483.2	57600	-57230433.0987955	56912871478.5443	13824000	-13735303943.7109	13659089155483.2	3317760000	-3296472946490.62	3.27818139713142e+15	
241	1	-999.08650870478	999037.555407172	241	-240779.848597852	240768050.853128	58081	-58027943.5120824	58025100254.9662	241	-240779.848597852	240768050.853128	58081	-58027943.5120824	58025100254.9662	13997521	-13984734386.4129	13984049161599.9	58081	-58027943.5120824	58025100254.9662	13997521	-13984734386.4129	13984049161599.9	3373402560.68414	-3370320987120.4	3.3701558479657e+15	
242	1	-1004.68558276186	1010259.25093089	242	-243133.911028371	244482738.725276	58564	-58838406.4688657	59164822768.4082	242	-243133.911028371	244482738.725276	58564	-58838406.4688657	59164822768.4082	14172488	-14238894365.4655	14317887110642	58564	-58838406.4688657	59164822768.4082	14172488	-14238894365.4655	14317887110642	3429742096	-3445812436448.86	3.46492868079772e+15	
243	1	-1010.33587829768	1021645.39246301	243	-245511.618426336	248259830.36851	59049	-59659323.2775997	60327138778.8855	243	-245511.618426336	248259830.36851	59049	-59659323.2775997	60327138778.8855	14348907	-14497215556.4596	14659494723463.8	59049	-59659323.2775997	60327138778.8855	14348907	-14497215556.4596	14659494723463.8	3486784400.66622	-3522823380213.88	3.56225721775865e+15	
244	1	-1015.90895036241	1032946.0797557	244	-247881.783888428	252038843.460391	59536	-60483155.2687765	61497477801.1653	244	-247881.783888428	252038843.460391	59536	-60483155.2687765	61497477801.1653	14526784	-14757889885.5815	15005384584201.5	59536	-60483155.2687765	61497477801.1653	14526784	-14757889885.5815	15005384584201.5	3544535296	-3600925132084.05	3.66131383855481e+15	
245	1	-1021.28911390897	1043906.23780671	245	-250215.832907697	255757028.262644	60025	-61302879.0623858	62660471923.684	245	-250215.832907697	255757028.262644	60025	-61302879.0623858	62660471923.684	14706125	-15019205370.283	15351815621346.7	60025	-61302879.0623858	62660471923.684	14706125	-15019205370.283	15351815621346.7	3603000624.64196	-3679705315714.8	3.76119482726549e+15	
246	1	-1026.69003568375	1054969.20939604	246	-252565.748778203	259522425.511425	60516	-62131174.1994379	63842516672.4979	246	-252565.748778203	259522425.511425	60516	-62131174.1994379	63842516672.4979	14886936	-15284268853.0617	15705259102135.3	60516	-62131174.1994379	63842516672.4979	14886936	-15284268853.0617	15705259102135.3	3662186256	-3759930137853.08	3.86349373912898e+15	
247	1	-1032.33647859508	1066599.94367833	247	-254987.110212984	263450186.088548	61009	-62981816.2226069	65072195963.1457	247	-254987.110212984	263450186.088548	61009	-62981816.2226069	65072195963.1457	15069223	-15556508606.9853	16072832403155.2	61009	-62981816.2226069	65072195963.1457	15069223	-15556508606.9853	16072832403155.2	3722098080.61772	-3842457625918.89	3.96998960352901e+15	
248	1	-1037.90582927434	1078133.57488187	248	-257400.645660037	267377126.570704	61504	-63835360.1236892	66309527389.5347	248	-257400.645660037	267377126.570704	61504	-63835360.1236892	66309527389.5347	15252992	-15831169310.6749	16444762792763	61504	-63835360.1236892	66309527389.5347	15252992	-15831169310.6749	16444762792763	3782742016	-3926129989047.38	4.0783011725757e+15	
249	1	-1043.16387811554	1089076.15049591	249	-259747.80565077	271179961.473481	62001	-64677203.6070418	67523810406.1678	249	-259747.80565077	271179961.473481	62001	-64677203.6070418	67523810406.1678	15438249	-16104623698.1481	16813428791300.7	62001	-64677203.6070418	67523810406.1678	15438249	-16104623698.1481	16813428791300.7	3844124000.6041	-4010051300836.67	4.18654376899043e+15	
250	1	-1048.69199772974	1100640.3758259	250	-262172.999432434	275160093.956475	62500	-65543249.8581085	68790023485.6329	250	-262172.999432434	275160093.956475	62500	-65543249.8581085	68790023485.6329	15625000	-16385812464.5271	17197505872225.3	62500	-65543249.8581085	68790023485.6329	15625000	-16385812464.5271	17197505872225.3	3906250000	-4096453116126.88	4.2993764680256e+15	
251	1	-1053.87073887094	1111526.99478334	251	-264521.555456606	278993275.690617	63001	-66394910.4196082	70027312197.5725	251	-264521.555456606	278993275.690617	63001	-66394910.4196082	70027312197.5725	15813251	-16665122515.3222	17576855361742.5	63001	-66394910.4196082	70027312197.5725	15813251	-16665122515.3222	17576855361742.5	3969126000.57923	-4182945751340.17	4.41179069581211e+15	
