# lnPI (bias) matrix in single row (vectorized) notation.
# species_total_upper_bound: 251
# species_total_lower_bound: 216
# volume: 729
0
4.43572988966702
8.88528793760357
13.3334175183915
17.7724837526646
22.2161254863227
26.65400918671
31.0997009159346
35.5514638207568
39.9932668457662
44.4408416557876
48.8904377612255
53.3500152485047
57.8053096774357
62.2609354575913
66.7226741801396
71.1823630997463
75.6459071730034
80.1025397386135
84.5672686744798
89.0249905083548
93.4886451252996
97.9592267609686
102.41542185103
106.881692489495
111.350231831211
115.818129522688
120.28666096187
124.754084979112
129.220697655761
133.685720480907
138.152935956571
142.626674506338
147.104348510191
151.568755411171
156.039902519749
