# lnPI (bias) matrix in single row (vectorized) notation.
# species_total_upper_bound: 251
# species_total_lower_bound: 216
# volume: 729
0
4.43482128556884
8.88255026098873
13.3278498831214
17.7660676203865
22.2102424561114
26.6457245877137
31.0883546654894
35.5396197737143
39.9832006253232
44.433465732173
48.8846781292545
53.3462456478448
57.8004236098755
62.2565802047936
66.7164953399029
71.1776856463869
75.6393700213438
80.0919976320011
84.5557047682112
89.0106580356286
93.4735854445068
97.9429988621571
102.400368207702
106.867639049043
111.334495872019
115.802717267393
120.271383614848
124.737833903603
129.205166619459
133.669758366943
138.137419468366
142.61476242295
147.093228002026
151.558550292569
156.02877513823
