# lnPI (bias) matrix in single row (vectorized) notation.
# species_total_upper_bound: 251
# species_total_lower_bound: 216
# volume: 729
0
4.43560085971897
8.88133738057827
13.3264780444585
17.7704111673755
22.2128647022281
26.6513409762259
31.0938435058994
35.5446228818927
39.9875641765705
44.4351952004507
48.8835365884939
53.3373072422229
57.7949566726643
62.2540922362355
66.7149945162712
71.1752206782591
75.6410279264168
80.1006433433762
84.5662912060428
89.0265313427472
93.4897067281397
97.9538220716801
102.407749567203
106.874720103855
111.337809495991
115.804041120912
120.270614732177
124.7348508989
129.201103413179
133.664303410113
138.133629049064
142.60395789219
147.079571873823
151.544728980378
156.01622351533
