# lnPI (bias) matrix in single row (vectorized) notation.
# species_total_upper_bound: 251
# species_total_lower_bound: 216
# volume: 729
0
4.43384374668425
8.88137682398074
13.3279445095139
17.7654316305446
22.2098691224331
26.6454518537891
31.0879504283348
35.5375623974068
39.9821029712127
44.4336548810006
48.884870552974
53.3493522297657
57.8047733243695
62.2615919385765
66.7215011622012
71.1824039379407
75.6434941419628
80.0966949712144
84.5598376304213
89.011492398122
93.4726145163894
97.9411390105027
102.399251493274
106.867979391071
111.334541807451
115.803091936427
120.271839092097
124.738692843276
129.206594501337
133.673415785132
138.138887295835
142.614380625006
147.092669805044
151.559183268635
156.025751696657
