# lnPI (bias) matrix in single row (vectorized) notation.
# species_total_upper_bound: 251
# species_total_lower_bound: 216
# volume: 729
0
4.43471882667632
8.88242123008051
13.3280562594936
17.7666547854285
22.2094058048472
26.6451705934527
31.0882194840333
35.538796614419
39.982829191696
44.434572757981
48.8857397352759
53.3495504669857
57.8047265376528
62.2610564008829
66.7213181628806
71.1824858675018
75.6439711995985
80.0970591633758
84.5609520386171
89.0146920751722
93.4765887098473
97.9454051602476
102.403584222811
106.87309846548
111.340426125658
115.808440058073
120.277969541313
124.744909492612
129.213044826656
133.678862651277
138.145914235597
142.623496039305
147.100685923325
151.565344514193
156.03382445816
