# <P(U)> as a function of N_tot.
# number_of_species: 1
# species_total_upper_bound: 348
# species_total_lower_bound: 320
# volume: 729
# Bin widths for each
10	10	10	10	10	10	10	10	10	10	10	10	10	10	10	10	10	10	10	10	10	10	10	10	10	10	10	10	10	
# Bin lower bound for each
-1550	-1560	-1560	-1590	-1600	-1600	-1610	-1610	-1610	-1620	-1620	-1610	-1620	-1620	-1630	-1640	-1640	-1650	-1650	-1660	-1660	-1670	-1680	-1680	-1680	-1690	-1690	-1700	-1700	
# Bin upper bound for each
-1310	-1310	-1310	-1320	-1320	-1330	-1330	-1340	-1340	-1340	-1340	-1340	-1350	-1350	-1360	-1370	-1370	-1380	-1380	-1380	-1390	-1390	-1390	-1390	-1400	-1410	-1440	-1440	-1450	
# Normalized histogram for each
9.22241138855014e-05	0.000771851696547722	0.000577672387215659	0.00102441749524615	0.00218971451218309	0.00437367883980738	0.0108019428546659	0.020894180238208	0.0371424325138436	0.0619436419988172	0.0889261618800803	0.101507786855697	0.119257943105905	0.124703589044041	0.120300274637661	0.105320601540076	0.073633988367819	0.0537053968136016	0.0337595547057078	0.0198777245369664	0.0110180170975103	0.00600850054206547	0.00158019494894942	0.000565066213375195	2.34430601243721e-05	
7.89273813969515e-06	0.000399372549868575	0.000876544947114144	0.000761987490686569	0.00181127064965804	0.00290091952654395	0.00740970256554581	0.0149222362337116	0.028271788016388	0.0493503599990619	0.0765304695773281	0.0988615063493696	0.113034157966614	0.123683491278299	0.122394945400293	0.11227397453036	0.0894847079326077	0.062292872000534	0.0421118170977455	0.0260406236976982	0.0137755341354159	0.00825242149206126	0.00338260205986935	0.000900674175141212	0.000264744987885775	3.38260205986935e-06	
0.000112770780342034	0.000537306253219186	0.000801421320257671	0.00109344545365847	0.00270468350438036	0.0048829520985122	0.0114545161634337	0.020771833171854	0.037969717528482	0.0632385408323255	0.0918655282187889	0.106463104441172	0.121236984277893	0.12389651408954	0.117879954710165	0.10100676851585	0.0738517007512758	0.0511691175970067	0.0319093658742458	0.0192590710138252	0.010317278434914	0.00501932078862399	0.00191301901220057	0.000560904162988948	8.10043633442776e-05	3.17664169977559e-06	
2.97818752547209e-06	0	4.83382744518932e-05	0.000174567607262287	0.000782346953806708	0.000838932516790678	0.00178782888067571	0.00374701808974012	0.00819872116627656	0.0156455645280455	0.0287166004859944	0.0483625581347932	0.0796255089550662	0.104516513018918	0.116089062468858	0.126553497067974	0.121158624911256	0.10780672296052	0.0870684577639172	0.0602354463421099	0.0400648695061317	0.0238628420935192	0.013643764328232	0.00680011848604524	0.0029039619286834	0.00100685647495768	0.000347760666435895	1.05382020132089e-05	
1.26513125736795e-05	3.22033410966388e-05	1.19612409787515e-05	0.000190229736335145	0.000538715891773772	0.000738606630437908	0.0013518502544639	0.00248034733603611	0.00566985824779321	0.0115336266137612	0.0220622789614422	0.0386405589579919	0.0646603985163461	0.093384398631358	0.112549527013428	0.121725409011185	0.12733155064838	0.113743810920383	0.0994742804565974	0.0717918284021967	0.047626671267144	0.0294784783921332	0.0182841369792116	0.00937738290347623	0.00456827395842319	0.00174841139768251	0.000705023146151413	0.000273038327726502	1.44915034934874e-05	
3.65312066691371e-06	1.21009622091517e-05	6.73544122962215e-05	0.000267134448768065	0.00087241087926733	0.000831769911847915	0.00170555071136534	0.00388075574847077	0.0078959920014923	0.0175041559955587	0.0306617833576152	0.0495881448928117	0.0809768992631427	0.106015616634211	0.119394714436699	0.127780452927599	0.122730926885758	0.106891223994062	0.0829523242637763	0.0571749915578665	0.0362955803861212	0.0223427143188859	0.0134658594183273	0.00626510194375701	0.00274075378035201	0.00104867395144592	0.000542716739078368	9.06430565477964e-05	
7.1541702927925e-06	0	6.83107873118251e-05	6.50798716957253e-05	0.000468482764334476	0.00097296715981978	0.00108858778293878	0.00283859014843057	0.00642490648230139	0.0121415501056163	0.024496802201269	0.0406400720771118	0.0655970489739881	0.0953113183358846	0.115246990805968	0.124204704351605	0.127445774273927	0.114977440131711	0.0948894530682967	0.0678240729522284	0.0452861287330634	0.02793149628087	0.0162198887318818	0.00892978920352622	0.00425396196796916	0.00161661170648424	0.000722801979258906	0.000323322341296848	6.69261091906395e-06	
3.23681086273726e-06	6.93602327729412e-06	3.56049194901098e-05	0.000186347825383302	0.000604821229780047	0.000895671805874581	0.00168244804629564	0.00473083027666641	0.00903856313341788	0.018230412381264	0.0341469673972226	0.0547097332058646	0.0821828590056748	0.107046884049343	0.123035804908161	0.125081469373411	0.122861017121573	0.103635285400018	0.0782013504437321	0.0559337101135311	0.035063678473705	0.0206707365709919	0.0114178503183057	0.00608867243358469	0.00274527801315301	0.00109496687470883	0.000492920054239702	0.000175943790467361	
4.13610924475564e-06	8.73178618337302e-06	6.75564509976755e-05	0.000226566873073837	0.000622484441335724	0.00102506574115861	0.00303958072720154	0.00716397099576371	0.0135924038975017	0.026664347381705	0.0444408853479709	0.0708968187805095	0.0967128041993458	0.119170039127593	0.125267353505904	0.125715202223572	0.11466168005081	0.0887992782948936	0.063865203280578	0.0434914184924525	0.0257033913338401	0.0147229404244016	0.00763387896273733	0.00375627654577892	0.0017277447450732	0.000746567718678394	0.000238745416961173	3.49271447334921e-05	
1.03072239897203e-05	2.29049421993784e-05	8.93292745775756e-06	0.000182552389329046	0.000318378696571359	0.000934292592312643	0.00202685833522299	0.00512383557000094	0.0106272060322456	0.020340275821314	0.0368226722279866	0.0585322054939794	0.0841960479812729	0.111596085087279	0.124548829901028	0.124333523444354	0.122492195140946	0.100415266602075	0.0750677413665547	0.0513482994225664	0.0332774452743669	0.0191121128205833	0.00960976849974919	0.00508672956363795	0.00256375018037642	0.00086145487611862	0.000415724700918717	0.000115440908684867	9.16197687975134e-06	
3.19627989549078e-06	3.51590788503986e-05	8.26466658691187e-05	0.000327846994994626	0.000643822093234571	0.0012981462489829	0.00333463315382417	0.00824069448769569	0.0162256865837521	0.0298183234507403	0.0488681516278653	0.0710779590930967	0.100965230867297	0.121451330246031	0.126806925516633	0.125104221555164	0.110690140755034	0.0867091376162875	0.0604021559364507	0.0375473848494507	0.0249771009376059	0.0132410460784842	0.00679118155509062	0.00309080265893958	0.00132988074223099	0.000706377856903462	0.000127851195819631	6.57520435643817e-05	3.72138302117855e-05	
8.59664690263037e-05	0.000117472504795106	0.000368845661607622	0.000791701670247478	0.0021196810779025	0.00638357293298464	0.012553804995192	0.0229174904182269	0.0403335769049956	0.0630971378341806	0.0876963754331236	0.11312287151411	0.125939976951084	0.126346179769389	0.118410484488566	0.0967154282581686	0.0720540787601385	0.0482377661500502	0.028300746715552	0.0173890813132526	0.00887480018984637	0.00456589971223737	0.00209515137862536	0.000870466759669484	0.000398101266250082	0.000162931213547235	4.50086225268606e-05	5.40103470322327e-06	
3.72810307750363e-05	0.000100931571122659	0.000179130806406882	0.000486699310300931	0.0013043814304095	0.00341712472323381	0.00917840791812722	0.0177007606239572	0.0318207237066438	0.0524114461857414	0.078382912557797	0.105403248905438	0.124049674700274	0.129348582184214	0.120998995230756	0.10639778859837	0.0813340243963428	0.0587637701124341	0.0349609685793654	0.0205873126287219	0.0122622765979695	0.00617501170715296	0.00277948270296566	0.00102250046601288	0.000589676791649049	0.000247100490563807	5.47849293706326e-05	5.00111388445608e-06	
6.94292212340509e-05	0.000180743611999464	0.000448444478134689	0.00112702975190094	0.0027660146466064	0.0056715706460537	0.0142976392016049	0.0254447852167205	0.0438419353862074	0.067980768333355	0.0940324332346983	0.1185439076086	0.127434945388796	0.125933908389395	0.110986821423263	0.0918270880041557	0.0683267762555706	0.0448150826674388	0.0262392376170708	0.0156844025319585	0.00785802202294898	0.00382520863480981	0.00160688810718415	0.000560441779272896	0.000400185478457251	8.12663343624793e-05	1.36582074558789e-05	1.36582074558789e-06	
3.76929378874879e-05	7.94730618109686e-05	0.00021230660798073	0.000670298509902798	0.00182243084027095	0.00440803013981809	0.00975724839736894	0.0208634952525064	0.0366329943088205	0.0592342248242964	0.0829810027593047	0.108896259952298	0.124275886873957	0.12882061068009	0.117615817228307	0.0998697095918082	0.0771735655339409	0.0547374119211409	0.0334611108789993	0.0187206744401918	0.0109002980921016	0.00502655762659832	0.00222320213768912	0.000959126323112946	0.000296775119391245	0.000256584456703984	5.08627595590199e-05	1.63487441439707e-05	
2.29837243373064e-05	7.39575288081642e-05	0.000113098128669716	0.000268977843234616	0.00137538247420475	0.00317129883529408	0.00645501311437657	0.0153005611214601	0.0292482683697986	0.0494505069390367	0.073867869527086	0.099424178058781	0.11895966106061	0.127035595644835	0.123872716589743	0.109575474682176	0.0870709951315465	0.0634398579651348	0.0420925292883192	0.0239797615791321	0.0130188006865079	0.00666459737293755	0.003463260402866	0.00114213180642516	0.000580509710737313	0.000171581466834941	0.000150190673887349	1.0240273219592e-05	
0.000117471478582659	4.15005416614413e-05	0.000168269955807593	0.000523632517465945	0.00204123702456084	0.0049204221444169	0.0107939960735498	0.0231364385867954	0.0401654941818735	0.0638888366037499	0.0893608712483114	0.111201268329122	0.123472502262687	0.128016924964073	0.11740367168672	0.0969364209433958	0.0754457169513385	0.0487068952809802	0.0295454375370358	0.0169045539700938	0.00877067458336745	0.00501657640487838	0.00200427206122305	0.00070120040883703	0.000373958432785337	0.000254445943957034	8.526887248471e-05	2.04101024564465e-06	
1.05187488865792e-05	0.000161362083983482	9.91448033352043e-05	0.000292958346649622	0.00107000294524969	0.00303186151418062	0.00752202446974315	0.0166428987702464	0.0320085528618606	0.0545410557959202	0.0779403483988674	0.101661246153943	0.120550681122561	0.12665021265777	0.122762304026756	0.109076516512645	0.0842558499910031	0.0593566285574633	0.0372081718593478	0.0216807080774144	0.0122420332786358	0.00602500508033191	0.00292242176512663	0.00119645173505644	0.000635377193382946	0.00027348747105106	0.000148605303418907	3.35704751699337e-05	
0.000102606151137282	0.00026429540468768	0.000143648611592195	0.000718017549936497	0.00202416002771043	0.00471672583997229	0.0130751807672324	0.0255085656968018	0.0455909573086249	0.0685192601893546	0.0922571368779587	0.113653789256437	0.12515560053689	0.123779776079552	0.118740799272601	0.0924930182715622	0.0686532119558942	0.0461035370482623	0.027886322306893	0.0156831810703152	0.00798771973501905	0.00390286737963284	0.00183789039949198	0.000621951131509064	0.000279178934303198	0.000233400805334257	6.04361505599815e-05	6.76524073432629e-06	
3.50073628388939e-05	0.000182038286762248	0.000308742354843664	0.000339006784652772	0.00141565258241411	0.0033647722037022	0.00812983892096015	0.0195061025738317	0.0352488007155053	0.0584961740340226	0.0862328463922089	0.104962688926832	0.122041313205229	0.125987433486011	0.122055993712226	0.103479280158278	0.0780763567047005	0.0555758824113975	0.0340675845371349	0.0200054656656819	0.0109796641099999	0.00523100342394594	0.00258376923146417	0.000834756213242269	0.000450352783875835	0.000211851008663758	9.55362224571103e-05	9.48586605957124e-05	7.22732652157809e-06	
4.02138830205561e-05	0.000369008074307944	0.000406708589639716	0.000780743399325229	0.00228373727721852	0.00554243272971381	0.0142926080942321	0.0289210935068745	0.0490239222336619	0.0734979543471893	0.100257551641709	0.117800858109427	0.126121247599163	0.121960024658422	0.112483257543873	0.0886167749471165	0.0640367244147166	0.0425229824626342	0.0245784511165979	0.0141376932494143	0.00696202849793378	0.00323607514329623	0.00114609566608585	0.000551341475730693	0.000232600755198444	7.01458073142656e-05	7.83713742957429e-05	4.93534018888644e-05	
5.46833311080256e-05	0.000282302696845182	0.000418555330189346	0.000561871227134963	0.00123288126927303	0.00366674519800606	0.00986624001516551	0.0216810293954803	0.0412022950594066	0.0623328455883995	0.0920176918803911	0.112742674370333	0.122854533681059	0.123669543161781	0.116569596159043	0.100760189441287	0.0735249285357217	0.0506369924532446	0.0308416265921394	0.0180060816978081	0.00948277315577048	0.00443436245843497	0.00189546096453194	0.000736174345041794	0.000310555751250995	0.000102986940253448	7.2683260931084e-05	2.48353462115616e-05	1.68606937583079e-05	
3.2127444984619e-06	9.95950794523189e-05	0.000275837063367943	0.000494762652763132	0.000600553739462485	0.0021006759384943	0.00725850774902499	0.0169476861928863	0.03197919977419	0.0522550597857329	0.077102884700337	0.107059432330995	0.120077243557013	0.124264367565508	0.123419645244163	0.106155733199928	0.0847675751466675	0.0594979627757653	0.0380320104092922	0.0230613094917094	0.0131302572834639	0.00658176606859898	0.00284259043588911	0.00127752490163838	0.000412149222802684	0.000142737648431664	5.80588827222043e-05	6.08126637208859e-05	3.37338172338499e-05	7.1139342465942e-06	
4.11907475622772e-05	0.000288108910147137	0.000470072432345329	0.000713822075886936	0.00151387313430809	0.00481003823044548	0.0121517231764494	0.0254318917778741	0.0430341466770836	0.0687174830733186	0.0938961196505214	0.117204651023839	0.125747657332813	0.123740400518913	0.112743149888151	0.091121175936999	0.070115705262548	0.048391886056434	0.0279194055496158	0.0159752203704995	0.00893590267033732	0.00432570746240552	0.00159602830664384	0.000693453024894601	0.000213648712630713	8.50973685901991e-05	3.82485513078289e-05	3.14588676437172e-05	5.1148950269641e-05	1.58425952162605e-06	
0.000167389565482476	0.000377605072065007	0.000633639730684695	0.00135914801243886	0.00341387219726089	0.00768817741544064	0.0192283870599347	0.0373304058195389	0.0592273555533964	0.0842248113240998	0.108878968825017	0.125543095099837	0.12251120266755	0.116541358577	0.100884562906012	0.0793905454136871	0.0556207666211852	0.0356896657320174	0.0202080880243472	0.0111131014684693	0.00614828551179993	0.00230131871664009	0.000992364549146451	0.000322115546231064	0.000126866094334036	4.25956941048941e-05	1.4045066704857e-05	9.67037379678677e-06	1.05913617774331e-05	
6.51745938494781e-05	0.000328835450786003	0.000535753392098332	0.00106945583543916	0.00216056057442973	0.0052784584522219	0.0140934362119615	0.028682290490457	0.0499068755322497	0.0739567564290977	0.100368418761806	0.119841265681497	0.127163380628971	0.118591098472203	0.108936143254669	0.0887997004703281	0.0642516669086027	0.0441468998884056	0.0249734914873093	0.013703528064841	0.00714892371906286	0.00346815434893429	0.0016608127271853	0.000599332803580865	0.000177748892316759	7.56572208322613e-05	1.43566413025074e-05	0	1.82306556222316e-06	
0.000204469330284301	0.000499889901129847	0.000716440473894715	0.00178414877161118	0.00387625525249113	0.00945117878734415	0.0227280083775438	0.0407621121294307	0.0618609763558687	0.0892915513819802	0.113560715993696	0.124676370867702	0.125902958901437	0.113950734972644	0.0960508925758713	0.0753345250453274	0.052002226595784	0.0324657177648516	0.0173258694049601	0.00896952472392082	0.00494943430151955	0.0022026612469757	0.000937550006086211	0.000368591869642938	0.000103716326955805	2.34786410471383e-05	
0.000115513119840817	0.000667234343983238	0.000889495969513526	0.00110254351350009	0.002926706925461	0.00670987396709584	0.0166608573006202	0.0340682799399781	0.0524872289458799	0.0790170417809157	0.103131866316711	0.121662283235923	0.126576085503081	0.119295163213971	0.106015199638808	0.082284220256102	0.0600032226812033	0.0403282370473049	0.0224281981459021	0.0116281709081781	0.00635232265646016	0.00338314106241956	0.00143874512299788	0.000406543256404742	0.000360023381293751	5.34866196928295e-05	8.31514675896929e-06	
0.000511756996583368	0.000868131244094897	0.000896748498600214	0.00201774001492569	0.00590789804924225	0.0114187316922232	0.0245126906345116	0.046400195312762	0.069953537204443	0.0950942424319658	0.116993820014461	0.123764036427976	0.124434529758144	0.111085251248316	0.0907725898570613	0.0666254399343949	0.0480796704365428	0.0299674076299861	0.0150457451284714	0.00813266601472984	0.0044987218371562	0.00177471692393131	0.00083392468206901	0.000146663429339751	0.000233856626660639	2.92879714077856e-05	
