# <P(U)> as a function of N_tot.
# number_of_species: 1
# species_total_upper_bound: 348
# species_total_lower_bound: 320
# volume: 729
# Bin widths for each
10	10	10	10	10	10	10	10	10	10	10	10	10	10	10	10	10	10	10	10	10	10	10	10	10	10	10	10	10	
# Bin lower bound for each
-1550	-1560	-1560	-1590	-1600	-1600	-1610	-1610	-1610	-1620	-1620	-1610	-1620	-1620	-1630	-1640	-1640	-1650	-1650	-1660	-1660	-1670	-1680	-1680	-1680	-1690	-1690	-1700	-1700	
# Bin upper bound for each
-1310	-1310	-1310	-1320	-1320	-1330	-1330	-1340	-1340	-1340	-1340	-1340	-1350	-1350	-1360	-1370	-1370	-1380	-1380	-1380	-1390	-1390	-1390	-1390	-1400	-1410	-1440	-1440	-1450	
# Normalized histogram for each
0.000100093348448949	0.00083771171723461	0.000626963611867279	0.00111182827341854	0.00234583284026758	0.00453636496963235	0.0112575013003734	0.0209478336030893	0.0369982940925002	0.0612580893787996	0.0898228587764464	0.103033500547633	0.118956744071389	0.125300310049348	0.121265371950003	0.105034167356559	0.0727846665631329	0.0523130564692107	0.0329458336563764	0.0193134556424445	0.0113160691109766	0.00590502749446666	0.00139266572590121	0.000570316057349408	2.54433931309079e-05	
8.57254405185458e-06	0.000433770729023842	0.000952042249415965	0.000824923667618464	0.0019016352005314	0.0030530503316105	0.00757592457336898	0.0153788990991971	0.0280287900319437	0.0494143482833603	0.0760583050561845	0.100557166377405	0.114090764136982	0.123486272417815	0.123070381566385	0.112588609489267	0.0887498340600401	0.0612880565846691	0.0408535608633483	0.0252755338123181	0.0138385353979938	0.00826760641343861	0.00320294738760293	0.00082051493067751	0.000276280848299771	3.67394745079482e-06	
0.000122708868641514	0.000584657144754739	0.000872047734490599	0.0011670921973208	0.00280674933343407	0.00516784573347189	0.0117682002312457	0.0210140789292083	0.037538050242492	0.062607200516908	0.0921760874733997	0.108094909013966	0.121933358467665	0.124088540991552	0.118144691285967	0.100536338984608	0.0732971922383801	0.0501239803991717	0.0310270732305295	0.0189628409399252	0.0105786402129061	0.00505748182143415	0.00173594779762271	0.000516266085169831	7.45635378867953e-05	3.45658784905673e-06	
3.25228228909637e-06	0	5.27870433076411e-05	0.000190633777253187	0.000854349539789547	0.000916142903282378	0.00192159848173456	0.00397729106400416	0.00853573995551378	0.0161833566705436	0.0285572900783125	0.0479646591995933	0.0792088347998208	0.105319157718929	0.117272546009162	0.126453738911281	0.12198410234382	0.108295746540135	0.0861732220585796	0.0596273434882929	0.0388179905248508	0.0231232267243538	0.013572774694642	0.00687207247686064	0.00286100771216201	0.000934405719213458	0.000315221206481648	1.15080757921872e-05	
1.38127478603426e-05	3.51597218263265e-05	1.30593252497784e-05	0.000207693499645515	0.000588171917980406	0.000806413334173818	0.00144732483489371	0.00264375994046957	0.0059249154094764	0.011862136721592	0.0222902590744103	0.0385732285339225	0.063413320863352	0.093116756143973	0.114212589239769	0.1231486836828	0.127043125156806	0.113656061071432	0.0996838387585203	0.0712737789593677	0.0470836392019848	0.0287375474938778	0.0177463673100979	0.00927739488561664	0.00459562678357107	0.00171880811556699	0.000577624001432508	0.000293081395509451	1.58218748218469e-05	
3.99760543434483e-06	1.32420680012672e-05	7.37058501957328e-05	0.000292324897386465	0.000954678147789474	0.000886469005065966	0.00178568037745391	0.00410054377427921	0.00802269440605077	0.0176286904144418	0.0304230266070624	0.0488007683397645	0.0800165700745254	0.107139823245876	0.121384040959465	0.128123504021091	0.123026057391622	0.106538933179026	0.0829265769803887	0.0568212140927584	0.0356124181615212	0.0216103054270492	0.0130816640832142	0.00643264684454012	0.00270512962735322	0.000973167072923319	0.000522936760880233	9.9190584839681e-05	
7.83253138318462e-06	0	7.47880415942789e-05	7.12507693567117e-05	0.000512904474447251	0.00106522426811311	0.0011412756212208	0.00295640160369817	0.00667154810235451	0.0122460364864578	0.0244349712925092	0.0401480398963882	0.0642692046089647	0.095264299928345	0.116791128116968	0.126368798024787	0.126608574550034	0.115276164950079	0.09464426663756	0.0677536704252711	0.0449685839692843	0.0269919137956649	0.0157395981456608	0.00897203836828664	0.004471112108285	0.00149424485806948	0.000720592887252985	0.000328208331185704	7.32720677781787e-06	
3.54985415170657e-06	7.6068303250855e-06	3.90483956687722e-05	0.000204370174733964	0.000663315604347456	0.000961503353090807	0.00178025185708084	0.00485112925931786	0.00928743270490772	0.0183791163094499	0.0336516031141349	0.0536568061860773	0.0816458848062185	0.107577822945446	0.124556014670026	0.126035543168255	0.122885047608615	0.103300755814661	0.0780871560191327	0.0559208524518335	0.0340304232643242	0.0202361971528141	0.0112289493648804	0.0063195010730702	0.00292457269898454	0.00111237215453834	0.000460213234667673	0.000192959929246336	
4.53906775617742e-06	9.58247637415233e-06	7.41381066842312e-05	0.000248640044866163	0.000683129697304702	0.00107701991036854	0.00316297371476296	0.00737043735430853	0.0136139250529306	0.0266244062647205	0.0436784403359717	0.0700882495639973	0.0961374550758377	0.119277370326399	0.127066410596	0.125837331915799	0.115377302442119	0.089158638400715	0.063212822765543	0.0430891180389613	0.0251845131042886	0.0145265298423531	0.00771439782205442	0.00398908404638726	0.00179974036532435	0.000734824635638944	0.000220649127036402	3.83299054966093e-05	
1.13072713292828e-05	2.51272696206285e-05	9.79963515204511e-06	0.000200264338876409	0.000349269047726736	0.00102117223738234	0.00212802846417103	0.00531994552407946	0.0105172699724103	0.0203638931186459	0.0367104383703458	0.0575640619738978	0.0831564373552041	0.111760567273239	0.125585591018509	0.125266977239719	0.123216592038676	0.100903827888254	0.0750687230824124	0.0505397337514511	0.0326795217778046	0.0186482031489494	0.00967500389472679	0.00509430264288622	0.00275621020468674	0.000880962072899235	0.000410077040208657	0.000126641438887968	1.00509078482514e-05	
3.50850285667315e-06	3.85935314234046e-05	9.07198595796914e-05	0.000359872150155903	0.000706712718272734	0.00136856672144943	0.00346640082239307	0.00821240275808422	0.0158822406101186	0.0297049900433701	0.0489072767852891	0.0700124251122596	0.10044943921594	0.121623504563309	0.128356572152612	0.125919165096612	0.111472403369566	0.0867111444585954	0.0601420041470504	0.0367763775509948	0.0244261968881585	0.0130368447933567	0.00679847610684494	0.00319599549508233	0.00142670762593144	0.000662355217870509	0.000136079789369537	7.21749159087047e-05	4.08489975455516e-05	
9.45816125422151e-05	0.000129245030751404	0.00040580958889186	0.000836131166374504	0.00218651890146676	0.00631740796862466	0.0120707926038169	0.0227332600449634	0.0400865099880164	0.0631985916748373	0.086815768884135	0.113627427677254	0.126758178090739	0.127805756108189	0.11848426776005	0.0971444771270959	0.0720649988610591	0.0481049014073348	0.0270785671133296	0.0169603153380674	0.00870423190817165	0.00464885957354092	0.00218726168899981	0.000919570965920908	0.000408780739024076	0.000172326707668539	4.95191688702697e-05	5.94230026443236e-06	
4.11089283829828e-05	0.000111294903671002	0.000197523387596283	0.000536672046755891	0.00134005079960626	0.00343710747553329	0.00924048497506267	0.0173041015430637	0.0316596401314383	0.0524910882611199	0.0771421574316545	0.105339623667814	0.124346236440007	0.130265420798762	0.121892735275296	0.106832078299474	0.0817180323562359	0.0588140926419781	0.0342412307010501	0.019973675245983	0.0119027894162557	0.00624680246483119	0.00287461701643931	0.00109790918486259	0.000632425770184547	0.000258184123380929	5.74021012177016e-05	5.51461234405867e-06	
7.66652573665258e-05	0.000199581030652529	0.000495182154137888	0.00122413050286879	0.00275391658920543	0.00564482519567236	0.0142459129876979	0.025130368641748	0.043003428068131	0.0679591004676832	0.092949460754175	0.118986238963345	0.128528424209732	0.126432069303382	0.111515021111852	0.0920412916562561	0.0691457781071172	0.0444691169720793	0.0257029701377511	0.0149851671579108	0.00776782442097622	0.00394084559013899	0.00165747772811433	0.000616589758426517	0.000438123093737228	7.39002808713396e-05	1.50816899737428e-05	1.50816899737428e-06	
4.16286951109355e-05	8.77713451134181e-05	0.000234474879088703	0.000740288602213744	0.00193322656994097	0.00432336568501522	0.00969522278122817	0.0208865708337325	0.0359315824872594	0.0578709079118094	0.0824862562612316	0.108005900240594	0.125349518035005	0.129730562032524	0.118866224934385	0.100180959436097	0.0774489333775367	0.0553721831040662	0.0332141816425479	0.018088169576245	0.0104909327184992	0.00509449964565454	0.00228105187186186	0.000986048368531315	0.000327763280180679	0.000265571012786028	4.81488521765037e-05	1.80558195661889e-05	
2.53587955727058e-05	8.16000847636573e-05	0.000124785360392424	0.000296773231355824	0.00147608276407859	0.00322056703773364	0.00627617636565274	0.0156338230091651	0.0289805839502927	0.0479082885348868	0.0729780942689373	0.0987109948456365	0.117459179243751	0.128197499321464	0.125667896693791	0.110770734142153	0.0873055626903322	0.0641306364630858	0.0424521302518128	0.0237657108409353	0.0125026394488956	0.00642707375316954	0.00355701046414379	0.00110549284065964	0.000607355707825498	0.000189312196651685	0.000141356454529043	7.28123833275711e-06	
0.000130038554674183	4.5940261593389e-05	0.000186271443181938	0.000551534178801506	0.00205275147021389	0.00492414333964112	0.0107219047685992	0.0233933836985877	0.0389698938152358	0.0628957326768813	0.0890440258329873	0.110161734824777	0.122668531724136	0.128671141532657	0.119335477881647	0.0976072403860589	0.0758536478827062	0.0494392526649117	0.029806694424961	0.0163986650713932	0.00835309434020998	0.00519250475845715	0.00214036431882642	0.000695881995283467	0.000413964433702178	0.000281666521900451	6.22578408478715e-05	2.25935712754372e-06	
1.16394658129077e-05	0.00017855435853418	0.000109708156491875	0.000304854945014668	0.00102377769511831	0.00296162492886305	0.00725188249785908	0.0165362138452189	0.0318899074934881	0.0535722511172649	0.07719987142105	0.102427794450006	0.119245831956822	0.127457103615515	0.123440992613645	0.110114051906074	0.083719458165531	0.0593714292223896	0.037832969207917	0.0219914085883408	0.0120260446668215	0.00583657298465126	0.00304780650552033	0.00126077703092581	0.000693414984598758	0.000302626111135601	0.00016443841063342	2.69936547575945e-05	
0.000113641529160416	0.000283479418894665	0.000159098140824583	0.000766518358227072	0.00190318341143379	0.00444650581020416	0.0127498302869911	0.0249142193776041	0.0451561484562985	0.068225378875863	0.0921395527968554	0.113441969639979	0.124449712749181	0.124622797539748	0.119940766538339	0.0930476859837285	0.0678966926069067	0.0466107600295518	0.0283144738347248	0.0157826854267602	0.00790595376712928	0.00388679005888879	0.00193615194297043	0.000663866339578872	0.000309204863957353	0.000258503258639628	6.6936109483498e-05	7.49284807651097e-06	
3.87777357755134e-05	0.00020164422603267	0.000327484233097723	0.000375518589671262	0.00131118782709333	0.00319828757518815	0.00803975043149613	0.0188717480177697	0.0350240509524437	0.0588711075596821	0.0857823558300074	0.104950065534373	0.121184927519408	0.125717919742096	0.122889396640947	0.10479920763326	0.0782889962045353	0.0552442634594394	0.0341826991755853	0.0201716777925411	0.0108312470494521	0.00513942597442821	0.0027289518828342	0.000877877902169527	0.000497856091569495	0.000234667846176978	0.000105825691826079	0.000105075155004617	8.00572609558987e-06	
4.4484829030395e-05	0.000386209197491157	0.000407946102585554	0.000771407376140714	0.00204124704119017	0.005358147105769	0.0141797920081488	0.0287091437807808	0.0491721651347625	0.073426001635323	0.0992951934900497	0.118380701672352	0.125186880514002	0.122357038776364	0.113929438467498	0.0885690418448061	0.0638840058083033	0.0425388705150256	0.0246812447158468	0.0143476211358544	0.00682614646377204	0.00323526029311964	0.00121676117586546	0.000579061041526335	0.000257304295187171	7.75956960927913e-05	8.66948656671903e-05	5.45950174463939e-05	
6.03423068210189e-05	0.00031151715896351	0.000456590121612377	0.000580040424317044	0.0011806978034646	0.00346389983780491	0.00980084775912558	0.0215085124137954	0.0414534048020911	0.062535749673963	0.091261704836109	0.112745828900898	0.122798354364722	0.123455331230236	0.116835025893135	0.100730921333997	0.0737224590797446	0.0503830605064882	0.0312822061348515	0.0182522906819661	0.00937367451208845	0.00451184456626327	0.00193397093361366	0.00078545569378693	0.000336408360527181	0.000113644677846252	8.0204982816271e-05	2.74054643478794e-05	1.86055446031475e-05	
3.55091208981576e-06	0.000110078274784288	0.000304871166568467	0.000536441362140023	0.000569921390415429	0.00185357611088382	0.00705819868824235	0.0169908607131905	0.0323764555252065	0.0523706269566477	0.0767362248072299	0.107523900808822	0.120274972486772	0.123009682069086	0.122473494343524	0.106973763071478	0.084755452488923	0.0592832382492076	0.0382552441264744	0.023655415432619	0.0133679158352671	0.00643831089199165	0.00296704068761891	0.0013338747628815	0.00044259582833775	0.000157761951418957	6.41700541945276e-05	6.72136931286554e-05	3.72845769430654e-05	7.86273391316346e-06	
4.55039247135065e-05	0.000318277451430186	0.000483541705472097	0.000689059431375956	0.00130461252283009	0.00447288578639908	0.0117412626839065	0.025654712718972	0.0433684905323084	0.0683681467526574	0.0939301014712519	0.117569640381483	0.12550032440298	0.122875598020329	0.112391943805153	0.091292623988819	0.0706253414356988	0.0484876820625779	0.0282524367726716	0.0164094153120707	0.0090677820962058	0.00433162360253572	0.00161113896073536	0.00074256404614898	0.00023602035675577	9.40081081993322e-05	4.22536443768275e-05	3.47529974460297e-05	5.65048735453433e-05	1.75015095051948e-06	
0.000185059464671588	0.000407283553610098	0.000630525851432633	0.00111137499691355	0.00325368648890267	0.00734306791936906	0.0193408777520595	0.0377704585529164	0.059248556752545	0.0845948305025854	0.109123227966532	0.125855454557719	0.121748509024004	0.116295745897827	0.100701367734539	0.079133412600895	0.0549580790674836	0.0362293994069442	0.0208020075006357	0.011173824293293	0.00614081777955625	0.00230827954008523	0.00106275552270135	0.000356118557187829	0.000140258273774477	4.70921608861676e-05	1.5527685481385e-05	1.06911932822651e-05	1.17094021662903e-05	
7.20355482837153e-05	0.000363452084522382	0.000571246935340791	0.000970464921458584	0.00210867695885057	0.00493846501817764	0.0135769377436552	0.0286268261389299	0.0503188454565467	0.0738495343632234	0.100542483090537	0.119721570012256	0.127397889610308	0.118215624057052	0.108662602115427	0.0888155492005313	0.0644398279005265	0.0441555242449994	0.0254794267985337	0.0140177146999367	0.00714512039759593	0.00335997976959707	0.00168981291410995	0.000662424797154445	0.000196460586228314	8.36216854202569e-05	1.58679704261331e-05	0	2.01498037157246e-06	
0.000225594827163428	0.000551537855038347	0.000746701272963453	0.00151704347541783	0.00366560156734333	0.00904164953328027	0.0221807248459881	0.0411555887534565	0.0617712337672953	0.0891786160247777	0.113401766279232	0.124784622329864	0.125716930049256	0.114129856607703	0.0961464027433538	0.07543971500105	0.0518578878338495	0.032831215080901	0.0180060887968402	0.00910427284650623	0.00494397225460275	0.00204393440396564	0.00101203298161163	0.000406674287093939	0.000114432158706087	2.59044227400592e-05	
0.000127444093821664	0.000736150806530196	0.000981369111568378	0.000899051136570727	0.00261235597763629	0.00635559232865898	0.0156877728797481	0.0337300382009952	0.0526173024945074	0.0788239240829914	0.102832754917321	0.122076069247269	0.126493965869282	0.11968165754681	0.106673929822935	0.0824451711457646	0.0602426247929343	0.0400764565384647	0.0227753009379042	0.0120662778712671	0.0065142775816665	0.00316577079750001	0.00147081393881345	0.000448533785454067	0.000397209023934447	5.90110784621713e-05	9.17399118949722e-06	
0.000566083790787895	0.000960289803245695	0.000916763919812463	0.00172693888644468	0.0054439504091804	0.0109848448314621	0.023950611971448	0.0467230574163283	0.0696006079774536	0.0949987028792125	0.117667032432471	0.123181217789919	0.12441725395696	0.111374079990187	0.0912342085745496	0.0670978696800427	0.0482293992117364	0.029687867481491	0.0153527661564493	0.00829093887556321	0.0045704650666453	0.00167401536908836	0.000897721345810423	0.00016223283825114	0.00025868223904069	3.23971064190538e-05	
