# <P(U)> as a function of N_tot.
# number_of_species: 1
# species_total_upper_bound: 348
# species_total_lower_bound: 320
# volume: 729
# Bin widths for each
10	10	10	10	10	10	10	10	10	10	10	10	10	10	10	10	10	10	10	10	10	10	10	10	10	10	10	10	10	
# Bin lower bound for each
-1550	-1560	-1560	-1590	-1600	-1600	-1610	-1610	-1610	-1620	-1620	-1610	-1620	-1620	-1630	-1640	-1640	-1650	-1650	-1660	-1660	-1670	-1680	-1680	-1680	-1690	-1690	-1700	-1700	
# Bin upper bound for each
-1310	-1310	-1310	-1320	-1320	-1330	-1330	-1340	-1340	-1340	-1340	-1340	-1350	-1350	-1360	-1370	-1380	-1380	-1380	-1380	-1390	-1390	-1390	-1390	-1400	-1410	-1440	-1440	-1460	
# Normalized histogram for each
0.000113418156696567	0.000949231095613954	0.000710427398780415	0.00125031958353506	0.00228577023711738	0.00444860280798333	0.0115558686416476	0.0217719343099444	0.0397706070183264	0.0651920493056198	0.0919522066223148	0.102905626302133	0.116000119673834	0.124585629348376	0.122844647043784	0.104130923174838	0.0724780099329283	0.0500609248611512	0.0313855510164116	0.0182083739045764	0.0105612158861575	0.00537145126283094	0.00119184259626944	0.000246419304477433	2.88305146518851e-05	
9.70983947970796e-06	0.000491317877673223	0.00107834703021785	0.00093436398193304	0.00203934371472381	0.00307524487521608	0.00779089777453253	0.0158717036135306	0.0298069878108224	0.05220009704291	0.0791274238880361	0.101697807046625	0.112977866282194	0.121726431653411	0.122695751057471	0.112891309998832	0.0882180530329238	0.0608321443403704	0.03895920508041	0.0236631562360334	0.012859156558955	0.00745160824071302	0.00283582797604499	0.000570383713436559	0.000191699973727949	4.1613597770177e-06	
0.000139083459590518	0.000662675316519813	0.00098841605487668	0.00129960480148565	0.00291039834958026	0.00526026517087117	0.0119880427403191	0.0219676307734328	0.0394241441050161	0.0655556034403147	0.0945361748522553	0.109235645439602	0.12043872016352	0.122078897541105	0.117623749298286	0.0999176133390273	0.0728615428357466	0.0489943174472224	0.030040348195581	0.0179249755274677	0.00954414766465719	0.00466503273918297	0.00150529160792233	0.000378351785445434	5.54095070400857e-05	3.91784393212727e-06	
3.69412843859421e-06	0	5.99585461956444e-05	0.00021653275924683	0.000970419124446094	0.00104060756477938	0.00203546476966541	0.00413031975807437	0.00855020235298932	0.0166968922149937	0.0292538031052275	0.0501895656216451	0.0817988018520655	0.107520165678819	0.118119188496598	0.124693032134939	0.120884385714748	0.107580976716193	0.0858955902904665	0.0592131847422266	0.0374556207300848	0.0216816922972875	0.012284397876956	0.00615697545223236	0.00262936695710094	0.000710693478840316	0.000217669414151013	1.07982215897369e-05	
1.57256261372487e-05	4.00288665311785e-05	1.48678647115806e-05	0.000236456233009176	0.000669625752971571	0.000918090645940101	0.00159028968318868	0.00268221997806418	0.00584164122927505	0.0122170959857909	0.0230577708038597	0.0401014903318851	0.0659807243852424	0.0957727801420224	0.115471843123441	0.123241446117143	0.126384569901266	0.112221213240634	0.0986048224491033	0.0702017683609552	0.0462021755117119	0.0275064074778497	0.0163835291507361	0.00845524029328579	0.00404177183774814	0.00151223339345288	0.000427451110457942	0.000188707513646984	1.80129899390303e-05	
4.54837998076035e-06	1.50665086862687e-05	8.3860755895269e-05	0.000332600286093101	0.00108620999415533	0.00100860326073361	0.00188047084829561	0.00416660033612528	0.00827975720747663	0.0181878344480655	0.0316604202248264	0.0501720424727723	0.0828999106243334	0.109091188196044	0.121525890515945	0.126939884061794	0.122298546565177	0.105260315157249	0.0819109222522668	0.0560093196305806	0.0350378766342898	0.0206442439114248	0.0120097130654489	0.0057244204795357	0.00235321809254589	0.000957718259698852	0.000392013499591783	6.68043309674177e-05	
8.93973322105797e-06	0	8.53600333365536e-05	8.13227344625274e-05	0.000585408336733796	0.00121580371806388	0.00128991699025137	0.00303518361779468	0.00677631778156194	0.0126554900776171	0.0250078943611912	0.0414281656388377	0.0661176901459628	0.0985458514591231	0.118255656183628	0.125298724069367	0.126500973998353	0.113466842962051	0.0933149540108402	0.0668348874530844	0.0437351935668526	0.026209855911687	0.0148950374387376	0.00815563210402389	0.00409987700657359	0.00144823678181139	0.000636739708132129	0.000305681200461982	8.36297623905423e-06	
4.05899811749466e-06	8.69785310891713e-06	4.46489792924412e-05	0.000233682320192907	0.000758452791097573	0.00109940863296712	0.00181698151445279	0.00490211001218569	0.009550242713591	0.0189946615476902	0.034433640744455	0.0550000043489266	0.0835744813107781	0.109746031387073	0.125131083894562	0.12623426159721	0.121429277611407	0.101815038993925	0.0770470324809727	0.0550837936672091	0.0332376859419789	0.0193451850279795	0.0104751144275059	0.00554981014036305	0.00284042889693537	0.00097502933350961	0.0004827308475449	0.00018642398496779	
5.19872712054635e-06	1.09750905878201e-05	8.49125429689237e-05	0.000284774718936595	0.000782408431642226	0.00122372260054194	0.00302970263858507	0.0076455946852835	0.0143161392172912	0.0274351271059899	0.045340698581845	0.0720797738900284	0.0980794746744008	0.120368439567397	0.127586872174275	0.125093216065453	0.112785807243906	0.0877100357961244	0.0625392431693058	0.0418165392304613	0.0242436862903212	0.013980821318016	0.00712110088245505	0.00375723561728819	0.00166099331501456	0.000733598160343763	0.00024520662918577	3.87016352307339e-05	
1.29596537180527e-05	2.87992304845615e-05	1.1231699888979e-05	0.000229529866961955	0.000400309303735404	0.00116464088079567	0.0023145941540442	0.00555652352969129	0.0111245667515764	0.0211510188447765	0.0381670441765796	0.05864848091259	0.08507206287448	0.113566597500515	0.125689921565296	0.125453191890713	0.12173665119668	0.0990267300057742	0.0739587278227926	0.0492855630897542	0.0314599913890301	0.0180597094445636	0.0091970342552447	0.00464819580020822	0.00265269711993296	0.000813578261188861	0.000418164826635832	0.000141116229374351	1.03677229744421e-05	
4.01115559673675e-06	4.41227115641043e-05	0.00010371702328705	0.00041142995977957	0.000807961341628403	0.00150762148214491	0.00362178699273924	0.00871796017839328	0.0168104665948097	0.0312119477426649	0.0502059155376696	0.0713670533993684	0.102413970740339	0.122350846611691	0.128263289961281	0.126223903851454	0.109212879476808	0.0844729312894777	0.0587705922700447	0.0353927179189208	0.0234073849958714	0.0127818338201157	0.0065261501558907	0.00305478149802909	0.00141851652567455	0.000638346762109249	0.000142682534798207	6.84761562585774e-05	4.67013115905779e-05	
0.000107654730424946	0.00014710934366969	0.000461900793629545	0.000951701635196446	0.00239207683729566	0.00662752956911899	0.0127446855340506	0.0238407318718029	0.0415798078053061	0.0649217206382291	0.0884648519987003	0.113780340949859	0.126661990355602	0.127938910731401	0.117899966209942	0.0951929908315933	0.0707139396812236	0.046643243777937	0.0260155265175865	0.0166326558506541	0.00837029619987256	0.00424249819847418	0.00215901280048563	0.00089984700064621	0.000367209721842158	0.000196145791559587	3.88909759126768e-05	6.76364798481336e-06	
4.68540103318807e-05	0.000126848662118018	0.000225127805740988	0.000611673390979003	0.001511898918758	0.00356547590818214	0.00989933815853454	0.018212496650224	0.0331086435935426	0.0539755342071416	0.0779507884330019	0.106834857326682	0.124168269892813	0.130109872654228	0.121896421782087	0.104936127127501	0.0811374325259397	0.0570307585150021	0.0332817748756226	0.0189167352811269	0.0116729338667072	0.00591446171884508	0.00282523968397541	0.00109078421614098	0.000671669379818606	0.000215699864637621	5.59962562502964e-05	6.28529406891082e-06	
8.74494047849447e-05	0.000227655171800807	0.000564837139102758	0.0013928826506402	0.00297844071116723	0.0060199596815236	0.0150395773068508	0.0263529498117831	0.0443921850624374	0.0695584034433848	0.0933701595679254	0.11971708827315	0.12883648423574	0.126574268485729	0.111157655220543	0.0904135095281144	0.068221717787295	0.0427168838422459	0.0242859899458989	0.0140721861863773	0.00759318880957276	0.00355675366018767	0.00171228801762521	0.000606698165655551	0.000479681489197418	6.62321721485975e-05	3.15391295945702e-06	1.72031615970383e-06	
4.75718305984307e-05	0.000100302052466571	0.000267949768732125	0.000845116436354049	0.00216853037432726	0.00462908300997862	0.0101657563061333	0.0220939629627507	0.0375565273709972	0.0595659500323832	0.082925724897262	0.108246834753801	0.125181833292257	0.130261988961043	0.118423767574352	0.0989302069661208	0.0767213265089727	0.0543680110962728	0.0321556917116115	0.0167702165951179	0.00981011388581614	0.00489158781014828	0.00224447335690909	0.00101677623471827	0.000308357167011515	0.000259925604534799	4.06939755721516e-05	1.71946375656978e-06	
2.89444144014797e-05	9.31379671334742e-05	0.000142429445124113	0.000338735622005435	0.00159136963536056	0.00348278681407111	0.00656436392356726	0.0161845129041937	0.0306825121573705	0.0488982924801552	0.0738205795932708	0.0990240000779493	0.118296394815568	0.129433403057848	0.125909635538239	0.109879588370306	0.086271549618034	0.0629609792038681	0.0410712643006184	0.0226213494573782	0.0113980811286144	0.00600954821781216	0.00339251463054174	0.000992707440462629	0.000578028552948361	0.000181690680500377	0.000144722072007398	6.87788064985655e-06	
0.000148402595039973	5.24279438075579e-05	0.000212576690192393	0.000607361971978267	0.0022085629443304	0.00517890677709959	0.0107457230400759	0.0244620764044171	0.039947228266397	0.0638480678297266	0.0899798166740916	0.110157985735588	0.123115423126453	0.129728792825107	0.119613351076707	0.0967172371906071	0.0751074701225181	0.0480672567436517	0.0285955757118239	0.0153092460833031	0.00807418983786014	0.00481191117044668	0.00198595905177045	0.000605356531504754	0.000360406302239934	0.000295659224095081	6.3028129167556e-05	
1.32604853055484e-05	0.000203421487346817	0.000124987127454424	0.000347311859811278	0.00114830159986345	0.003076150452902	0.00754436972490136	0.0169827317446143	0.0331066354622055	0.0548194105291075	0.0782221921275038	0.102145236170654	0.119472740533213	0.128441624945512	0.123455118194655	0.109866506412291	0.0831107969974876	0.0580315514908877	0.0364784665236227	0.0210122264495897	0.0114957122079696	0.00560326038655725	0.00299207333330512	0.00118497953794262	0.000671488404834152	0.000281573709253985	0.000143890372464461	2.39817287440769e-05	
0.00012970689946632	0.000323554573394008	0.000181589659252848	0.000863477359304361	0.00200774877569515	0.00461385970958768	0.0129359113933685	0.0258173743959721	0.046484102067642	0.0695833329769957	0.0926395182999331	0.112220128857391	0.124805404017037	0.125256955069245	0.119881102959056	0.0927221886314611	0.0673520892360663	0.0452640020023324	0.0270728231547626	0.01525780742887	0.00761251218318377	0.0037882966747427	0.0019273590050369	0.000604633700589154	0.000319848661980684	0.000263119710345964	6.64213353311047e-05	5.13126195690937e-06	
4.41458350540715e-05	0.000229558342281172	0.00037281869732761	0.000427502570426847	0.00137649561816986	0.00318789891458208	0.00852242466014827	0.0191826469842698	0.0360255647106739	0.060450458404655	0.0867793192427423	0.10512461942018	0.121524654736848	0.125279614022996	0.12264937668929	0.104852054490201	0.0774728075896659	0.0538855455143559	0.0334631125946643	0.0192914451067902	0.0104964555166629	0.00488252935698031	0.00273134553657126	0.000841903796257003	0.000473926900193387	0.000225855788373411	7.97473149363873e-05	0.000117057665853054	9.11397884987283e-06	
5.06192080912503e-05	0.000439466761155855	0.000464201146927716	0.000797827745710957	0.00199744545564621	0.00559802424027327	0.0146165839454854	0.0294086094644689	0.0501642104367028	0.0751220685079212	0.0998023837620483	0.119481176125796	0.125439862223719	0.122233883174894	0.113552976596382	0.0876583755663383	0.0621675777644775	0.0411847655741067	0.0239210271327584	0.0139317865905691	0.00664779758989295	0.00314097938388946	0.00118293637999609	0.000571479354984741	0.000223184690220513	7.39155481787008e-05	7.59288121368755e-05	5.09068172281324e-05	
6.84407458558415e-05	0.000353325350480782	0.000517868310309201	0.000657886669539277	0.00109419642437027	0.00345255045865281	0.010100998578999	0.0218713810173318	0.0421937198201263	0.0636524601739022	0.0925244739829634	0.113464490517107	0.124438678945317	0.123139160283379	0.115585298129315	0.100400292812324	0.0726487110468782	0.0489311409100851	0.030670009236649	0.0178134151276292	0.0088978673008082	0.00436851577402349	0.0018570255708885	0.000817866912977306	0.000289162151240931	9.92390814909702e-05	4.67678430014917e-05	2.39542610495445e-05	2.11025633055511e-05	
4.03064441367079e-06	0.000124949976823795	0.000346059613230878	0.000608915209636695	0.000646918428394162	0.00182616982256527	0.00719182124667832	0.0171123887614118	0.0331664454610625	0.0539018077440195	0.0787127273355425	0.107780871137419	0.121066738834395	0.123139353772539	0.121032478356879	0.106088864193195	0.084046709410691	0.0582284166189227	0.0371302963387354	0.0233118077728098	0.0130273306481564	0.00642110445414998	0.00300167847549512	0.00134047717071794	0.000464387817089356	0.000130708040271896	5.5853215446581e-05	3.94427346194928e-05	4.23217663435433e-05	8.92499834455676e-06	
5.16116152223638e-05	0.000360997726253127	0.00054844430681347	0.000777010031369653	0.0013960658337346	0.00440343495149926	0.0114889724127409	0.026068119391845	0.0440360509968131	0.0698597241671105	0.0949642376879358	0.117748213585879	0.126068176107906	0.122439482545349	0.11140849232263	0.0906189366986375	0.0704654516952147	0.0471991057011551	0.0279043018564868	0.016535000331789	0.00877397458780185	0.00414736193751138	0.00152679635361103	0.000750069902544793	0.000236505973051931	8.8760634970329e-05	3.82833409616435e-05	3.03430924658952e-05	6.40891485728254e-05	1.98506212393707e-06	
0.000210701002525224	0.000463716099092653	0.000717890485907813	0.00119493842284938	0.00328397944926178	0.00732990241384517	0.0189543955504122	0.0375676699454293	0.0598306798628676	0.0867398352706523	0.110021571493285	0.126289311894579	0.121907774403277	0.114947105933334	0.0997682288972223	0.0790189622207596	0.0545489534942022	0.0357223696936025	0.020817085155955	0.0111031023476497	0.005766889337341	0.00224873325803743	0.00102944973998569	0.000353293702996215	9.24533972565976e-05	3.47787074319489e-05	1.07234347915176e-05	1.21725476011821e-05	1.33318378489138e-05	
8.19620217795445e-05	0.000413535655342247	0.000649964564321703	0.00109416433270735	0.00223962657415084	0.00502547557316816	0.0133549376816383	0.0289873305628642	0.0501644828755258	0.074453039630357	0.101908884024026	0.120472422215605	0.127979971462314	0.116915671683067	0.106886500654407	0.08814814836043	0.0643952105521231	0.0441952977299099	0.02553776113573	0.0141241197321848	0.00717769509612053	0.00322575005996697	0.00167191061210442	0.000610416455910594	0.000198600283542742	6.90658994715742e-05	1.5761927265297e-05	0	2.29264396586139e-06	
0.00025730316451339	0.0006290589072217	0.000851653395139638	0.00168724327053262	0.00385180255639443	0.00893705395047846	0.0218704821350713	0.0407365123803842	0.0615648736718911	0.0901920738003993	0.114277887417674	0.127112926543819	0.126498783762076	0.112645432223421	0.0946235973105078	0.0748230144342199	0.0514744016338894	0.0321709273240471	0.0182507400693026	0.00898926038965509	0.0050643114487	0.00203232209651881	0.000991922344355968	0.000347660463088326	9.98233012827868e-05	1.89320054157009e-05	
0.000145861575095016	0.000842535051472961	0.00112319088370831	0.0010289767924018	0.0027543432837981	0.00670140291025058	0.0155722839170019	0.0329581890916541	0.0518376146354213	0.0792970493679001	0.104865107839662	0.123042468136766	0.128365848072967	0.118760551197839	0.105047576697223	0.0813916102351692	0.0599848633143666	0.0395145817589601	0.0225387349033979	0.0120557145812482	0.00676525282152758	0.00309147081534067	0.00153693830878328	0.00041062587385698	0.000332303316023859	2.75264061949738e-05	7.37821196978679e-06	
0.000646691279923245	0.00109703024899168	0.00104730649832917	0.00195815520364701	0.00558572883152576	0.0114960746489108	0.0235877042205294	0.0451861758932476	0.0699223292412947	0.0956100143633834	0.119317225098289	0.123781909369424	0.125534671580277	0.110724621958234	0.090032196128554	0.0667402917202045	0.0477147416229606	0.0292646874353732	0.0149563956609247	0.00827759187875541	0.00477545771277527	0.00151883456569129	0.000886269351297168	0.000141260655291229	0.00019663483216539	
