# <N_i^j*N_k^m*U^p> as a function of N_tot.
# number_of_species: 1
# max_order: 2
# species_total_upper_bound: 348
# species_total_lower_bound: 320
# volume: 729
#	N_tot	N_1^0*N_1^0*U^0	N_1^0*N_1^0*U^1	N_1^0*N_1^0*U^2	N_1^0*N_1^1*U^0	N_1^0*N_1^1*U^1	N_1^0*N_1^1*U^2	N_1^0*N_1^2*U^0	N_1^0*N_1^2*U^1	N_1^0*N_1^2*U^2	N_1^1*N_1^0*U^0	N_1^1*N_1^0*U^1	N_1^1*N_1^0*U^2	N_1^1*N_1^1*U^0	N_1^1*N_1^1*U^1	N_1^1*N_1^1*U^2	N_1^1*N_1^2*U^0	N_1^1*N_1^2*U^1	N_1^1*N_1^2*U^2	N_1^2*N_1^0*U^0	N_1^2*N_1^0*U^1	N_1^2*N_1^0*U^2	N_1^2*N_1^1*U^0	N_1^2*N_1^1*U^1	N_1^2*N_1^1*U^2	N_1^2*N_1^2*U^0	N_1^2*N_1^2*U^1	N_1^2*N_1^2*U^2	
320	1	-1424.4120584311	2029912.55755247	320	-455811.858697951	649572018.416789	102400	-145859794.783344	207863045893.372	320	-455811.858697951	649572018.416789	102400	-145859794.783344	207863045893.372	32768000	-46675134330.6702	66516174685879.2	102400	-145859794.783344	207863045893.372	32768000	-46675134330.6702	66516174685879.2	10485760000	-14936042985814.5	2.12851758994813e+16	
321	1	-1429.73248348774	2045087.13749002	321	-458944.127199566	656472971.134297	103041	-147321064.831061	210727823734.025	321	-458944.127199566	656472971.134297	103041	-147321064.831061	210727823734.025	33076161	-47290061810.7714	67643631418723.7	103041	-147321064.831061	210727823734.025	33076161	-47290061810.7714	67643631418723.7	10617447680.484	-15180109841241.5	2.17136056853596e+16	
322	1	-1434.91975575724	2059952.31183293	322	-462044.161353831	663304644.410203	103684	-148778219.955933	213584095497.648	322	-462044.161353831	663304644.410203	103684	-148778219.955933	213584095497.648	33386248	-47906586825.8102	68774078751057.9	103684	-148778219.955933	213584095497.648	33386248	-47906586825.8102	68774078751057.9	10750371856	-15425920957918.3	2.21452533578379e+16	
323	1	-1440.20579417399	2075138.7139969	323	-465186.471518198	670269804.620998	104329	-150255230.300378	216497146892.498	323	-465186.471518198	670269804.620998	104329	-150255230.300378	216497146892.498	33698267	-48532439387.0251	69928578446389.7	104329	-150255230.300378	216497146892.498	33698267	-48532439387.0251	69928578446389.7	10884540240.4879	-15675977922019.3	2.25869308381706e+16	
324	1	-1445.57547121006	2090633.82734419	324	-468366.452672058	677365360.059517	104976	-151750730.665747	219466376654.388	324	-468366.452672058	677365360.059517	104976	-151750730.665747	219466376654.388	34012224	-49167236735.702	71107106037732.5	104976	-151750730.665747	219466376654.388	34012224	-49167236735.702	71107106037732.5	11019960576	-15930184702363.2	2.30387023562357e+16	
325	1	-1450.89839019608	2106041.51680915	325	-471541.976813724	684463492.962975	105625	-153251142.46446	222450635212.953	325	-471541.976813724	684463492.962975	105625	-153251142.46446	222450635212.953	34328125	-49806621300.943	72296456444253.6	105625	-153251142.46446	222450635212.953	34328125	-49806621300.943	72296456444253.6	11156640624.4743	-16187151922812.1	2.34963483443002e+16	
326	1	-1456.0430134297	2120993.46749943	326	-474670.022378083	691443870.404815	106276	-154742427.295255	225410701749.687	326	-474670.022378083	691443870.404815	106276	-154742427.295255	225410701749.687	34645976	-50446031298.2404	73483888770934.5	106276	-154742427.295255	225410701749.687	34645976	-50446031298.2404	73483888770934.5	11294588176	-16445406203234.6	2.39557477393884e+16	
327	1	-1461.6615377199	2137398.72685651	327	-477963.322834407	698929383.682077	106929	-156294006.566851	228549908464.092	327	-477963.322834407	698929383.682077	106929	-156294006.566851	228549908464.092	34965783	-51108140147.373	74735820067765.4	106929	-156294006.566851	228549908464.092	34965783	-51108140147.373	74735820067765.4	11433811040.4688	-16712361828193	2.44386131620516e+16	
328	1	-1467.3838642633	2154152.13924953	328	-481301.907478362	706561901.673845	107584	-157867025.652903	231752303749.021	328	-481301.907478362	706561901.673845	107584	-157867025.652903	231752303749.021	35287552	-51780384414.1521	76014755629310.7	107584	-157867025.652903	231752303749.021	35287552	-51780384414.1521	76014755629310.7	11574317056	-16983966087841.9	2.49328398465653e+16	
329	1	-1472.87784242698	2170321.60144237	329	-484576.810158477	714035806.874539	108241	-159425770.542139	234917780461.848	329	-484576.810158477	714035806.874539	108241	-159425770.542139	234917780461.848	35611289	-52451078508.3588	77287949771801.8	108241	-159425770.542139	234917780461.848	35611289	-52451078508.3588	77287949771801.8	11716114080.4524	-17256404829258.9	2.54277354749804e+16	
330	1	-1478.78975211129	2187774.12895761	330	-488000.618196727	721965462.556013	108900	-161040204.00492	238248602641.396	330	-488000.618196727	721965462.556013	108900	-161040204.00492	238248602641.396	35937000	-53143267321.6271	78622038872331.5	108900	-161040204.00492	238248602641.396	35937000	-53143267321.6271	78622038872331.5	11859210000	-17537278216161.9	2.59452728279247e+16	
331	1	-1484.43473990666	2204495.97474858	331	-491347.898909103	729688167.641779	109561	-162636154.538913	241526783489.636	331	-491347.898909103	729688167.641779	109561	-162636154.538913	241526783489.636	36264691	-53832567152.3859	79945365335014.6	109561	-162636154.538913	241526783489.636	36264691	-53832567152.3859	79945365335014.6	12003612720.432	-17818579727445	2.64619159258747e+16	
332	1	-1490.09316328755	2221316.04484941	332	-494710.930211466	737476926.890004	110224	-164244028.830207	244842339722.243	332	-494710.930211466	737476926.890004	110224	-164244028.830207	244842339722.243	36594368	-54529017571.6286	81287656789671.8	110224	-164244028.830207	244842339722.243	36594368	-54529017571.6286	81287656789671.8	12149330176	-18103633833782.7	2.69875020540896e+16	
333	1	-1495.93575334463	2238775.97409418	333	-498146.605863761	745512399.37336	110889	-165882819.752632	248255628991.479	333	-498146.605863761	745512399.37336	110889	-165882819.752632	248255628991.479	36926037	-55238978977.6186	82669124454002.9	110889	-165882819.752632	248255628991.479	36926037	-55238978977.6186	82669124454002.9	12296370320.4279	-18394579999546.1	2.75288184432288e+16	
334	1	-1501.5354941718	2255571.4300219	334	-501512.855053383	753360857.627315	111556	-167505293.58783	251622526445.68	334	-501512.855053383	753360857.627315	111556	-167505293.58783	251622526445.68	37259704	-55946768058.34	84041923833384.6	111556	-167505293.58783	251622526445.68	37259704	-55946768058.34	84041923833384.6	12444741136	-18686220531495.2	2.80700025604781e+16	
335	1	-1507.35175593007	2273052.37095447	335	-504962.838236573	761472544.269749	112225	-169162550.809252	255093302330.656	335	-504962.838236573	761472544.269749	112225	-169162550.809252	255093302330.656	37595375	-56669454521.1144	85456256280465.6	112225	-169162550.809252	255093302330.656	37595375	-56669454521.1144	85456256280465.6	12594450624.4202	-18984267264573.4	2.86278458540596e+16	
336	1	-1512.96632929157	2290016.48619567	336	-508356.686641968	769445539.361746	112896	-170807846.711701	258533701225.547	336	-508356.686641968	769445539.361746	112896	-170807846.711701	258533701225.547	37933056	-57391436495.1316	86867323610244.1	112896	-170807846.711701	258533701225.547	37933056	-57391436495.1316	86867323610244.1	12745506816	-19283522662364.2	2.91874207335863e+16	
337	1	-1518.52858423286	2306882.728929	337	-511744.132886474	777419479.649073	113569	-172457772.782742	261990364642.117	337	-511744.132886474	777419479.649073	113569	-172457772.782742	261990364642.117	38272753	-58118269427.7463	88290752884453.6	113569	-172457772.782742	261990364642.117	38272753	-58118269427.7463	88290752884453.6	12897917760.4036	-19585856797163.5	2.97539837220128e+16	
338	1	-1524.36116165664	2324644.56493234	338	-515234.072639944	785729862.94713	114244	-174149116.552301	265576693674.517	338	-515234.072639944	785729862.94713	114244	-174149116.552301	265576693674.517	38614472	-58862401394.6798	89764922462594.9	114244	-174149116.552301	265576693674.517	38614472	-58862401394.6798	89764922462594.9	13051691536	-19895491671399.5	3.03405437923521e+16	
339	1	-1530.33059659298	2342875.47339626	339	-518782.072245019	794234785.481331	114921	-175867122.491061	269245592278.577	339	-518782.072245019	794234785.481331	114921	-175867122.491061	269245592278.577	38958219	-59618954524.4763	91274255782512	114921	-175867122.491061	269245592278.577	38958219	-59618954524.4763	91274255782512	13206836240.4	-20210825583792.1	3.09419727102156e+16	
340	1	-1536.93904403295	2363133.19040935	340	-522559.274971204	803465284.739177	115600	-177670153.490209	273178196805.829	340	-522559.274971204	803465284.739177	115600	-177670153.490209	273178196805.829	39304000	-60407852186.6711	92880586915489.1	115600	-177670153.490209	273178196805.829	39304000	-60407852186.6711	92880586915489.1	13363360000	-20538669743477.3	3.15793995515134e+16	
341	1	-1542.76562925579	2381096.55269732	341	-526083.079576226	811953924.469786	116281	-179394330.135493	276876288244.719	341	-526083.079576226	811953924.469786	116281	-179394330.135493	276876288244.719	39651821	-61173466576.2173	94414814291304.5	116281	-179394330.135493	276876288244.719	39651821	-61173466576.2173	94414814291304.5	13521270960.3902	-20860152102479.4	3.21954516733394e+16	
342	1	-1548.12948912583	2397688.09389483	342	-529460.285281034	820009328.112032	116964	-181075417.566114	280443190212.891	342	-529460.285281034	820009328.112032	116964	-181075417.566114	280443190212.891	40001688	-61927792807.6058	95911571053204.8	116964	-181075417.566114	280443190212.891	40001688	-61927792807.6058	95911571053204.8	13680577296	-21179305140203	3.28017573001571e+16	
343	1	-1553.90881318381	2415628.18945027	343	-532990.722922048	828560468.981441	117649	-182815817.962263	284196240861.195	343	-532990.722922048	828560468.981441	117649	-182815817.962263	284196240861.195	40353607	-62705825561.0623	97479310615071.6	117649	-182815817.962263	284196240861.195	40353607	-62705825561.0623	97479310615071.6	13841287200.3762	-21508098167437.5	3.3435403541008e+16	
344	1	-1560.06832506062	2434804.75615739	344	-536663.503820852	837572836.118142	118336	-184612245.314373	288125055624.641	344	-536663.503820852	837572836.118142	118336	-184612245.314373	288125055624.641	40707584	-63506612388.1443	99115019135134.4	118336	-184612245.314373	288125055624.641	40707584	-63506612388.1443	99115019135134.4	14003408896	-21846274661522.2	3.40955665825167e+16	
345	1	-1565.8978956448	2453038.5142457	345	-540234.773997456	846298287.414766	119025	-186380997.029122	291972909158.579	345	-540234.773997456	846298287.414766	119025	-186380997.029122	291972909158.579	41063625	-64301443975.0335	100730653659667	119025	-186380997.029122	291972909158.579	41063625	-64301443975.0335	100730653659667	14166950624.3718	-22183998171401.4	3.47520755123197e+16	
346	1	-1571.80389335087	2471578.49950137	346	-543844.147099402	855166160.827475	119716	-188170074.896393	295887491645.07	346	-543844.147099402	855166160.827475	119716	-188170074.896393	295887491645.07	41421736	-65106845914.139	102377072109478	119716	-188170074.896393	295887491645.07	41421736	-65106845914.139	102377072109478	14331920656	-22526968686315.9	3.54224669499219e+16	
347	1	-1577.90449880597	2490804.58315661	347	-547532.86108567	864309190.355343	120409	-189993902.796727	299915289053.961	347	-547532.86108567	864309190.355343	120409	-189993902.796727	299915289053.961	41781923	-65927884270.4784	104070605301761	120409	-189993902.796727	299915289053.961	41781923	-65927884270.4784	104070605301761	14498327280.3627	-22876975841875	3.61125000396574e+16	
348	1	-1584.46275248568	2511553.50398011	348	-551393.037865018	874020619.385078	121104	-191884777.177026	304159175540.211	348	-551393.037865018	874020619.385078	121104	-191884777.177026	304159175540.211	42144192	-66775902457.6051	105847393089778	121104	-191884777.177026	304159175540.211	42144192	-66775902457.6051	105847393089778	14666178816	-23238014055246.9	3.68348927953117e+16	
