# <P(U)> as a function of N_tot.
# number_of_species: 1
# species_total_upper_bound: 326
# species_total_lower_bound: 297
# volume: 729
# Bin widths for each
10	10	10	10	10	10	10	10	10	10	10	10	10	10	10	10	10	10	10	10	10	10	10	10	10	10	10	10	10	10	
# Bin lower bound for each
-1220	-1220	-1220	-1230	-1230	-1240	-1240	-1240	-1240	-1250	-1270	-1280	-1290	-1300	-1300	-1300	-1310	-1310	-1310	-1320	-1320	-1320	-1330	-1330	-1340	-1340	-1350	-1350	-1350	-1350	
# Bin upper bound for each
-960	-970	-970	-980	-980	-990	-990	-990	-1000	-1000	-1010	-1020	-1030	-1030	-1030	-1040	-1040	-1070	-1070	-1080	-1090	-1090	-1100	-1110	-1110	-1120	-1120	-1130	-1130	-1140	
# Normalized histogram for each
1.10981829610929e-05	0	6.74769524034447e-05	0.000388880330956694	0.00111958469711505	0.00222052444685546	0.00362555440972982	0.00958883007838425	0.0173983994644461	0.0289387340347089	0.0465173679904431	0.0685321676393854	0.0890584789895859	0.110419817625779	0.122143494178559	0.129801240421713	0.11988967518282	0.0990064462685911	0.0731126097110877	0.0422481189689699	0.0201609591671213	0.00888476135133251	0.0051668700593664	0.00116308957432253	0.000438156263303947	7.90190626829813e-05	1.8644947374636e-05	
5.52095804650695e-05	0.00011976917052503	0.000198131155701257	0.000706148343690324	0.00154497777591767	0.00352094647030459	0.00607572528247047	0.0134675757250599	0.0228046734019387	0.0372722549150997	0.0582376478581577	0.0826380562309577	0.102081178564257	0.117650280255407	0.126666806174746	0.124942842500869	0.109443643262405	0.0842182078524942	0.0575582138275956	0.0281884979743872	0.0129119180119921	0.00629389217301792	0.00248042397395889	0.00069546261843902	0.000203919256879047	2.35976432632958e-05	
8.04107021283819e-05	0.000136251467495314	0.000398032975535491	0.00119052511762299	0.00236094755971388	0.00464059096505351	0.00874109004747805	0.0174942417002754	0.0307048266077226	0.0493766383680559	0.0695677656724926	0.0944749806567589	0.114061687516864	0.124554390692372	0.129470164949154	0.116318547889934	0.0934086454013119	0.0683549042487228	0.0418622582541586	0.0186789593783002	0.00849494395374062	0.00393163660795494	0.00131650188429079	0.000296626145629142	7.14761796696728e-05	1.29550575651282e-05	
1.87765302313313e-05	0.000101929735541513	0.000259742001533417	0.000687131594418006	0.00169659362447387	0.00346918749036026	0.00691870433000199	0.0126750520266358	0.0252240330645756	0.0400163624049159	0.0605744277070057	0.0828237219106461	0.104500331942231	0.12215742332358	0.127961159406036	0.123976511454801	0.106101701734817	0.0790836159126623	0.0532122396153494	0.0272514512693158	0.0125507692789142	0.00562625316574535	0.00222859531436159	0.0006862374739308	0.000193577085480154	4.47060243603127e-06	
1.10994147944544e-05	0.000198013559933066	0.000438204896085059	0.000955437625506633	0.0026283414233268	0.00501382765095093	0.00960143777379481	0.0190763422189329	0.0325168455818335	0.0521881164337491	0.0712737821611093	0.0946735684307781	0.116375144236895	0.12650580210809	0.126510685850599	0.116925231234108	0.0887362694689285	0.0663238871393745	0.0383400425595961	0.0179473097460409	0.0087920684469832	0.00305278304506673	0.00134125328376187	0.00043065729402483	0.000108774264985653	3.50741507504758e-05	
6.19706763612412e-06	0.000151828157085041	0.000299229837287136	0.00086493358292761	0.00162363172066452	0.00379703187019091	0.00745418707088073	0.013573348713865	0.0276668084614762	0.0424963913147212	0.0639214247235555	0.0859289824901854	0.107764792953757	0.122396954938023	0.126409556232413	0.123848839355629	0.102353867612044	0.0734923530398609	0.0501980184433586	0.026396852243759	0.0118970419182934	0.00486868192355209	0.00166966708024716	0.000628559717378304	0.00025806360227574	3.27559289337989e-05	
4.2996091788234e-05	0.00022074282175815	0.000542548622152562	0.000757972339771961	0.00277568584307136	0.00562406610937231	0.0111546046376382	0.0192126041491672	0.0366889640557105	0.0551116812402732	0.0760733841337329	0.0978626509794465	0.119052632092194	0.126455938535979	0.124654978526333	0.112404195177434	0.0874589265427286	0.0585451629618368	0.0364828487703339	0.0175570329859811	0.00748708233396971	0.00244944745589465	0.00094547076066292	0.000242462496991382	0.000175087177900541	2.08331578767732e-05	
6.56810928261502e-05	0.000313660729006513	0.000775662429565964	0.00154283546618161	0.00471474075851386	0.00807073183482144	0.0157438026314437	0.0284904027412697	0.0464959583787404	0.0675089931714004	0.0886069218935636	0.109992596355727	0.125813250333879	0.125361078456736	0.119838951747631	0.0986065331687285	0.0693342126557189	0.0442963119842973	0.0265731403649635	0.011161764489048	0.00466648526174362	0.00129262177922485	0.000439661192795454	0.000226979558882206	5.49576490994318e-05	1.20638741925582e-05	
0.000164498019542186	0.000548922739124468	0.00142997055574851	0.00288318539686712	0.00651197594752871	0.0115054742527074	0.0222514861814959	0.0393771604333986	0.0594722921413306	0.081493570496565	0.099196775838817	0.121304326253213	0.125916528877225	0.119531502488256	0.108733637922873	0.0821962631235224	0.0564585811420007	0.0333850518682818	0.0170984069171417	0.00671402242805335	0.00235705993762485	0.000978942018471161	0.000346876258599827	8.40370317226385e-05	5.94517298888878e-05	
3.71433954344054e-05	0.000434532975503707	0.000820287275075484	0.00163341437753711	0.0045722177247388	0.00916860103204938	0.0163788948542077	0.0319397399872817	0.0506958121492914	0.0728377509360807	0.0914689675881361	0.112029850759627	0.127814898797673	0.122125694145172	0.114278592471168	0.0937539576735346	0.0669802822271538	0.0434264469030687	0.0231434679311531	0.0110539639834367	0.00335364584801728	0.0013304495738131	0.000503002126123756	0.000188849552690591	7.60768340222762e-06	2.19280286299502e-05	
8.57900518758898e-06	2.07702230857417e-05	0.00013410339687968	0.000446108269754627	0.00138844426062295	0.00299903960294558	0.00669433320585233	0.0113775669850983	0.0222733550999251	0.0412862367019775	0.0638923668978633	0.0847994025400177	0.1039080077789	0.121810133972454	0.129467573392261	0.12037608552636	0.103474542253632	0.0763495339568313	0.0533081321293226	0.0305186821383757	0.0164721414867597	0.00595247502042029	0.00211224138250217	0.000632137224348662	0.000234793826186646	4.69587652373292e-05	1.6254957197537e-05	
1.94102270229181e-05	0	3.43064477614366e-05	0.00030018141791257	0.000946587117838585	0.00226061434722729	0.00520013523962828	0.00950559443368857	0.0171979125429338	0.0315763767606317	0.0523444168738972	0.0755057831191513	0.0972348551703654	0.114785311604111	0.126329882676463	0.126369605931765	0.112629422202682	0.0908737175143895	0.0619782090860627	0.0393675516075053	0.0213571179333796	0.00952455326008305	0.00287813040693315	0.00130048521053551	0.00039723255302716	7.40297030641526e-05	8.57661194035914e-06	
3.32187883671394e-05	5.8357330915245e-06	1.61604916380678e-05	0.000146791132379116	0.000702083581164947	0.00165779710053846	0.00372948234802965	0.00727401684731253	0.0132071617912109	0.0245572137516806	0.04276739441251	0.0651038872715928	0.0900408725767679	0.109079727336594	0.121075750060041	0.128261782008435	0.117960366394258	0.101583503729258	0.0758537565287264	0.0487602433949602	0.0271182027737688	0.0132058150835744	0.00520278050236684	0.00180279262273557	0.000704328093892456	0.000129283933104543	1.97517120020829e-05	
2.68923231381548e-06	5.7370289361397e-05	3.54082254652372e-05	0.000141632901860949	0.000421761267883395	0.00137509412313098	0.00270402309154147	0.00568145146832084	0.0108891498440245	0.0185718383592097	0.0329260640395855	0.0546608878052279	0.077657857936821	0.102028129370003	0.120147728495106	0.126738588690882	0.12378401878877	0.107792947040052	0.0877734052852379	0.0587870665853921	0.0364830219799921	0.0192930008246979	0.00788124350102191	0.00252653375882965	0.00125587149055183	0.000351393022338556	3.0926171608878e-05	8.96410771271828e-07	
1.79510412277076e-05	4.39800510078836e-05	3.54533064247225e-05	0.000233363535960199	0.00080241154287853	0.00158687204452935	0.00400083831362533	0.00829742003147715	0.0143518574615522	0.0260317024363602	0.047021406167888	0.0683001216631819	0.0909947255353113	0.11451821873613	0.126325067327624	0.129376295560304	0.116993667321431	0.0945517243545815	0.0704120616636217	0.0441187228013677	0.0247082619218474	0.0111700354039411	0.00405514021333915	0.0014181322569889	0.000529555716217374	8.66137739236892e-05	1.48096090128588e-05	3.59020824554152e-06	
2.50450027392972e-05	3.2647949999441e-05	0.000161898053421885	0.000339002001364058	0.000976307874640817	0.00281040709310256	0.00554165408826127	0.0115484296559666	0.0205494247475933	0.03598966893637	0.0580261407216091	0.0821498451458536	0.10350205167768	0.123866322297879	0.129968805554624	0.122907009246526	0.105781594159148	0.0838122072026744	0.0534947841545634	0.0326993817014949	0.0162264783819139	0.00660159438276367	0.00212077505338834	0.000679792931495209	0.000173078858216214	0	1.56531267120607e-05	
4.00834983808494e-06	2.89491932750579e-05	6.72512028389806e-05	0.000238719501468169	0.00069789824403101	0.00183315199261751	0.00418694409198183	0.0086754051662285	0.0167553476953993	0.0283813437146625	0.0500870034600967	0.0719387452885188	0.0921964999979958	0.116065332539383	0.130098119950314	0.127165789357653	0.113903941232247	0.0923554978749065	0.0682809033751642	0.0404682999653055	0.0221635023713843	0.00983381826943504	0.00331000622184969	0.000960222472323458	0.000288601188342115	1.33611661269498e-05	0	1.33611661269498e-06	
2.89632665574083e-05	8.33250899420824e-05	0.000139914856908096	0.000569016790674006	0.00117635421094705	0.00256347188468877	0.00648420699912932	0.0129902478453558	0.0226314508992426	0.0397634458623077	0.0627834501221359	0.0859210898030587	0.102384256103006	0.128102745628552	0.12948674418128	0.121412231053791	0.101423566830732	0.0778354369576628	0.0519654472685857	0.0312656234543641	0.0137820589941637	0.00512382464836366	0.00160991203187563	0.000395682780045824	7.75324366306007e-05	
1.86025993146271e-05	0.000150592470642219	0.000426531027142521	0.00106389151318415	0.00221769558972233	0.00465197858575067	0.00931414430922126	0.018793940336149	0.0308205207930554	0.0530984622294152	0.0758645004382684	0.0953919146902512	0.11716537134996	0.132746377033054	0.126841380507754	0.109513945084241	0.0882755346143438	0.0631753131105362	0.0389046789523548	0.0202263404833753	0.00798184386306892	0.00254456983482221	0.000662163951794464	0.000131104033264991	1.86025993146271e-05	
5.34454976176669e-06	2.13781990470668e-05	0.00022090805681969	0.000687220023533834	0.00185099573415853	0.00308469597083301	0.00707796540116636	0.0144681415842493	0.0249737448992953	0.0423306156297795	0.0658127857663951	0.0902062016373919	0.107235273315821	0.124270134923159	0.130365148547307	0.119845293099563	0.098835422606911	0.0746571248638253	0.0482358977373849	0.0276175155147826	0.0122893467980357	0.00421016907483171	0.00130718779589877	0.000335815876697674	5.56723933517364e-05	
2.2643841674259e-05	5.90515871113029e-05	0.000348093566129786	0.00131112283262915	0.00247350670524112	0.00534305864133398	0.0102199205423156	0.0192219576000725	0.0349199118399764	0.0539367428742938	0.0810534092745624	0.102390568085148	0.115404117094413	0.132399874260079	0.126439659933898	0.109347555441892	0.0846702079859058	0.0593099933045268	0.0344865708698965	0.0173678265641567	0.00650366652636365	0.00221909648407738	0.000438668932826822	0.000112775211475721	
3.63970312450759e-05	0.000217938321235759	0.000782092305534435	0.0017963266518149	0.0040764674994485	0.00742099957788321	0.0145947656630407	0.0263061762654959	0.0455859500357534	0.0674525762218195	0.0938284394861627	0.112141472597252	0.124919493761682	0.131039521405671	0.120282423207812	0.0974752444704254	0.0688254544857344	0.0442073015107875	0.0241343387791282	0.00996479696892626	0.00357445478800727	0.00107149309055626	0.000236136836858297	2.97390377246352e-05	
1.55660159182526e-05	0.00011874646429067	0.000480767520218031	0.00142317859824024	0.00281033298821252	0.005042054927578	0.0114107791547031	0.0197532742002626	0.0366330618620157	0.0560203123165434	0.0820075535204102	0.104904273449536	0.121520773070615	0.130444992368205	0.129062730154664	0.106273193363718	0.0834018238033736	0.054384991158503	0.0316039044904843	0.0144212466332931	0.00575453371332202	0.00215344711646226	0.000309986088429202	4.84770210025582e-05	
4.68461603325453e-05	0.000184261563974678	0.00081869242104972	0.00216340029954773	0.00480061604931607	0.00856303195488135	0.0152499867269212	0.027794496156161	0.047413668103431	0.0693938865314612	0.0967984441720923	0.118067939424792	0.128062679270217	0.131880864414274	0.116729923854913	0.0928812128604756	0.0661668553154107	0.0395756362489343	0.0209924336758754	0.00840553962538241	0.00294996963922657	0.000868215504829839	0.000191400026501542	
7.06636687605195e-06	5.16728077811299e-05	0.000287512802269364	0.00121938993404871	0.00331545100865762	0.00706371698847343	0.0128060233711251	0.0212286910394493	0.0362937435712623	0.0602248782928718	0.0846820156988173	0.109317578868383	0.12568240125746	0.133005365580699	0.129753511873925	0.10189612705681	0.0767478106408002	0.0495387649845622	0.0281232568708273	0.0127808494391292	0.00445092783605322	0.0012383807950281	0.000243348009294039	4.15149053968052e-05	
4.17831279729245e-05	0.000202758126268613	0.000743739677918057	0.002126541302622	0.00539618102210327	0.00925914115880008	0.017776301929281	0.0282757422552773	0.0477427214890627	0.0741822052255299	0.099628130161041	0.120530249885096	0.129349568644181	0.132209293887128	0.11652830587009	0.087041732548397	0.0642316632543779	0.0363530806260432	0.0183744603928933	0.00690125327392799	0.00240450905924188	0.000548458532444599	0.000152178550301388	
1.6260834330225e-05	0.0001212970344633	0.000421902728568001	0.00130745897655188	0.00361386055939028	0.00841871736296731	0.0152693629180902	0.0236726984107452	0.0377616126528628	0.0617902914908372	0.0874437353158074	0.11110940201441	0.127142584664012	0.133308517249229	0.126179679582457	0.0999153557650811	0.0735512695316792	0.0475589850778279	0.0254952303017571	0.0109070644975007	0.00384327016804913	0.000944886319188751	0.000190295709864525	1.6260834330225e-05	
6.44452762495321e-05	0.0002370350229178	0.000964030707732727	0.00240477989731131	0.00587864513076211	0.0121338095809821	0.0210290233274244	0.0317587204169698	0.0501476944481719	0.0751162663408502	0.102189020643676	0.120975260076416	0.131006211465256	0.133448952278714	0.111424999823438	0.08526860438016	0.0581362602671036	0.0329412470955485	0.0158116043872225	0.00661623455961806	0.00203399885587564	0.00037784353746301	3.53124801367299e-05	
0.000151250879746808	0.000588392150691339	0.00143251194488523	0.00371001796650624	0.00939372877132703	0.0160653788484825	0.0277619678351453	0.0412084333293991	0.066246573905289	0.091693878710783	0.115174484938298	0.127221661224258	0.131956338329858	0.120133852657163	0.0985840994234107	0.0708317486962262	0.042682473695024	0.0219121433473656	0.00877036531896013	0.00345123033410707	0.000872533976805284	0.000156496574998142	4.37141270944531e-07	
0.000674514794782055	0.00103788385794376	0.00226930123865843	0.00713572580556683	0.0133235323159292	0.0219794398060276	0.0354223397369085	0.0535135550264957	0.0801882673044642	0.108029008085839	0.124835704960119	0.129611287261237	0.129049996160049	0.105112839698509	0.0845109548312067	0.0545852304519074	0.0284709315720759	0.0134780080529255	0.00465489813158963	0.00169089492797349	0.000381361975709568	4.43240040813192e-05	
