# <P(U)> as a function of N_tot.
# number_of_species: 1
# species_total_upper_bound: 326
# species_total_lower_bound: 297
# volume: 729
# Bin widths for each
10	10	10	10	10	10	10	10	10	10	10	10	10	10	10	10	10	10	10	10	10	10	10	10	10	10	10	10	10	10	
# Bin lower bound for each
-1220	-1230	-1230	-1230	-1240	-1240	-1250	-1250	-1250	-1260	-1270	-1280	-1290	-1300	-1300	-1300	-1310	-1310	-1320	-1320	-1320	-1330	-1340	-1340	-1340	-1340	-1350	-1350	-1350	-1360	
# Bin upper bound for each
-960	-970	-970	-970	-980	-980	-990	-990	-1000	-1000	-1010	-1020	-1030	-1030	-1030	-1040	-1040	-1060	-1070	-1080	-1080	-1090	-1100	-1110	-1110	-1120	-1120	-1130	-1130	-1140	
# Normalized histogram for each
1.8975981151857e-05	0	3.92003821163363e-05	0.000273154255001732	0.0009053540481136	0.0022082049645661	0.0039095514852076	0.0090525417452859	0.0171645240037423	0.0283888168550657	0.0452077782546741	0.0681325112738551	0.0898627562163192	0.111124594045087	0.122553877429643	0.130144769258311	0.1187891426427	0.0990918245231099	0.0730650179535253	0.0419933469211346	0.0206828207196741	0.0100043370104291	0.00507108127887127	0.0014673926477561	0.000637443156324882	0.000150060061477185	6.09228868559621e-05	
2.25709914107346e-06	5.61766897333839e-05	9.30426423709171e-05	0.000144955922615607	0.000559760586986218	0.00131313012251785	0.00346088534964597	0.00648213794436953	0.0128408878023604	0.0223309865354005	0.0371147351206382	0.0568237248204917	0.0819026041657523	0.103354074402515	0.119509888476731	0.126775239823053	0.124461963992247	0.108635435603833	0.0840573814790971	0.0561112338582928	0.0295456785454451	0.0135817178982194	0.00696415400538544	0.00265610411145656	0.000879516298638292	0.000281134237460372	6.11924656024361e-05	
1.35688244699175e-05	6.30699063323945e-05	0.000138452264498603	0.000304042177937041	0.000959617419455835	0.00213759240306645	0.00475562170217888	0.00937329368891359	0.0173701055177122	0.0303939155380881	0.0485319160109867	0.0689165620317656	0.0952765163098526	0.115318423875503	0.125121145731436	0.128258056929259	0.114889749532064	0.0944422848794799	0.0677948725422524	0.0406383780128758	0.0194212594834147	0.00936575545309697	0.00434654677186358	0.00157875785452763	0.000443499540544527	0.000128903832464217	1.80917659598901e-05	
1.52963939628894e-05	0.00010632247606992	0.000259286415698815	0.000585275139498098	0.00152387190348326	0.00328245568810201	0.00739292273465421	0.0130455672053338	0.0242487966000881	0.0397327594594405	0.0601193419641773	0.082789099338293	0.106666018032693	0.124184652049667	0.127128079465017	0.122153993060954	0.104803368617015	0.0799622755818397	0.051520010190909	0.0273807959541289	0.0132712517064256	0.00600922598240463	0.00259888241035059	0.000917031356103061	0.000264050866277419	3.78648440720706e-05	1.50456334061208e-06	
9.95605149966759e-06	1.71741888369266e-05	0.00014286933902023	0.000350950815363283	0.000945824892468421	0.00223588026553785	0.00524061660813753	0.0103144693536556	0.0184883876348827	0.0319250747388341	0.0517513067939847	0.070954787827831	0.0972103890401794	0.117707907867695	0.128313093925141	0.12541762524775	0.113210510504008	0.0904586927156798	0.0651364713314252	0.0375176377674849	0.0180893988710335	0.00889822102782791	0.00339974268584899	0.00156285118416032	0.000479134978421503	0.000176222111544116	4.48022317485042e-05	
8.20564438925389e-06	0.00011313843021547	0.000254126320176287	0.000738259339142266	0.00153992593038331	0.00362465691703497	0.0076404495499577	0.0138006505832721	0.0260907166312498	0.0415792433998024	0.0632404039961986	0.0856699112944976	0.110750339042307	0.123823671145622	0.128112736602296	0.120586171450226	0.101266852031345	0.075203487548059	0.04931766337065	0.0262550781749254	0.0119499047896595	0.00526976428913508	0.00213868931490826	0.000740994553938684	0.000220557774947521	6.16666608646959e-05	2.73521479641796e-06	
1.49008904523786e-05	2.43381210722184e-05	0.00017160858837656	0.000492226081276907	0.000738587470089567	0.00252495588715556	0.00567475578061419	0.0108538086055126	0.019636890134493	0.0347498699276438	0.0538379105971408	0.0758979338673647	0.0992799144688888	0.12069150065626	0.127130672117081	0.124151984115651	0.111420663313138	0.0883185711039449	0.0587380684224055	0.0359826702644039	0.0171717861573211	0.007973714829242	0.00278398303285274	0.00127154265193631	0.000276163169717417	0.000178810685428543	1.21690605361092e-05	
5.48353568410846e-06	4.36190338508628e-05	0.000305083985334035	0.000702640322431898	0.00146211001468092	0.00442720731005157	0.00793342987679492	0.0155303700638832	0.0275565115739991	0.0452115024638523	0.0665945498640332	0.0890107452374246	0.112042342865546	0.126796044875262	0.127242703781895	0.118336195572793	0.0978165557912368	0.0707902024172422	0.0451638954040493	0.0251714228030339	0.0107781386387372	0.00465527254418608	0.00162935785304623	0.000544116290836763	0.000206380343020082	3.73877433007395e-05	6.72979379413312e-06	
5.78461292960724e-05	0.000166806295254623	0.000586190732651148	0.00113149023597231	0.00251755330820019	0.006225939002254	0.0116126104561865	0.0219957413280673	0.0377777611553268	0.0572379969281711	0.0797506133684399	0.101596503301219	0.123536642530868	0.128176550376	0.120223704944847	0.107640177128837	0.0820350368021064	0.0572325115193585	0.0335978796401572	0.0160824706281292	0.0066754931881196	0.00262127740211039	0.00107489079049728	0.000328875191989308	8.42758263020366e-05	3.31617896395588e-05	
1.77016964956874e-05	7.03081466448429e-05	0.000438802617357885	0.000767405941038392	0.00146674761245252	0.00422746430677289	0.00930037161096657	0.0164378950937629	0.0302250234672138	0.0490419268421295	0.0710964954380734	0.0924691747394298	0.114104387652194	0.1282500377096	0.124299318235365	0.113939338031347	0.0937706234113662	0.0680223839198786	0.0430540163528771	0.0228219745369822	0.0103088696718828	0.00380436882855907	0.0013049391473018	0.000518834231091908	0.000219650628347896	9.7234670891804e-06	1.22166637787138e-05	
4.76247888529921e-06	4.43662506683136e-05	0.000141621082641792	0.000495548460854554	0.00126807266740677	0.00264693563309261	0.00668200853285822	0.0118440343309557	0.0226731593457758	0.0401970763894094	0.0622568785861153	0.0844537900433611	0.104745960603271	0.123208587300875	0.129773789772652	0.120288435773836	0.102952761974564	0.0785067071995396	0.0528873280212477	0.0304322400770619	0.0153093643619694	0.00587664828767578	0.00212983068886249	0.000842206792347649	0.000276474432130791	5.23872677382913e-05	9.02364420372481e-06	
1.07581896718877e-05	1.25095228742881e-06	6.15468525414972e-05	0.000265452075392392	0.000901436218321197	0.00196899890041294	0.00472784907510843	0.00954876900040156	0.0175486088785088	0.03114345795737	0.0517666573679213	0.0744008876757432	0.0964719392637645	0.115865202385316	0.127338936765613	0.126672929767786	0.112317501698168	0.0916597760044834	0.0631190493763377	0.0384152436041937	0.021638722477486	0.00895982066348007	0.00325697937554964	0.00136904218336208	0.000444838633409683	0.000113836658156021	1.0507999214402e-05	
1.8495320683867e-05	3.24917795797663e-06	1.37465221299011e-05	0.000174205925900747	0.000651085275425317	0.00141414222201783	0.0030177365126623	0.0068820088517605	0.0134575952284072	0.0254138203034632	0.0419368899668384	0.0645266747512879	0.087182692778727	0.108110648006054	0.123554740650615	0.12853098166164	0.119174598826497	0.101603544303291	0.0772906954540501	0.049223046569218	0.0268172152445431	0.0130849395103039	0.00499973506702804	0.00189277112890439	0.000723317000798798	0.000268432086682069	3.29916531117627e-05	
1.49628211301967e-06	3.19206850777531e-05	1.97010478214257e-05	0.00013591229193262	0.00036609035698548	0.00120525524203735	0.0022843240258767	0.00508611228250604	0.0101542691796558	0.0191873242959556	0.0334289374476769	0.0544828736796246	0.0761171179910717	0.0984920219484636	0.119750699449543	0.127997957076155	0.126105160203185	0.108766741838217	0.0884813958516576	0.0603019148171581	0.0361970593567633	0.0189928076212631	0.00794725306295183	0.00274692457915195	0.00120974408837641	0.000454371001653641	4.73822669122897e-05	7.23203021292843e-06	
1.00250576315501e-05	2.45613911972976e-05	4.46115064603978e-05	0.000243358274005878	0.000766666282372791	0.00148997419048913	0.0033310760245233	0.00769523423797783	0.0147222983848128	0.0271759262276059	0.0460257914657687	0.067342823387056	0.0893716344001833	0.111183904168469	0.125200689122462	0.130524997230578	0.118936531861388	0.0958553404233883	0.0723240238977324	0.0450390751683834	0.0252974810538942	0.0112659091398952	0.00408345659977113	0.00139899679248281	0.000513533577176152	0.000121804450223333	8.2706725460288e-06	2.00501152631001e-06	
1.40104237552739e-05	1.82635881095535e-05	0.000157367081108345	0.00041756066513486	0.000975725940099434	0.00275329845404981	0.00497470117767619	0.0110642317884506	0.0217166571929516	0.0363095142786233	0.0579583710280449	0.0819664830633992	0.101536042815855	0.122102093957905	0.128576911221949	0.125772824981786	0.10654401874995	0.0828156148174242	0.0554009683204304	0.0330763588109554	0.0162641004907651	0.00666645984612552	0.00202450623263708	0.000649233029373854	0.000214659706821875	2.12658217713979e-05	8.7565148470462e-06	
2.24414670435836e-06	1.72051247334141e-05	5.3610171270783e-05	0.000280019638777159	0.000729597028550284	0.00182873021441824	0.00386965696721526	0.00804925552926579	0.0163842657388865	0.0296920556957316	0.0490106679253836	0.0727283063948456	0.092570054156247	0.113837333774183	0.127510670294205	0.126918464913888	0.116612844548207	0.0927518300393	0.0688795947968711	0.0413361848957457	0.0223010831997443	0.00984681703945684	0.00351832333316627	0.000860754935938339	0.000287998827059323	0.000121682621302986	0	7.48048901452786e-07	
1.77212693919982e-05	6.33972172615148e-05	0.000194185177281333	0.000625485930934472	0.00124947428980765	0.00242456916723762	0.00623264532376884	0.0119411404260842	0.0234360043779023	0.03991603612643	0.061992744263363	0.0862254569778746	0.103768515294579	0.125404687650147	0.127585901357424	0.122212862396839	0.103387133609635	0.0783866656183662	0.0525992235088862	0.0310396769237873	0.0137569465504052	0.00528393342293806	0.00165406834170102	0.000389618331280412	0.000195932344686178	1.59741019871533e-05	
5.47780257451741e-06	3.0874887238189e-05	0.00016981187981004	0.000440216134170308	0.00110875703928755	0.00225187484017889	0.00416113802842432	0.00883494857961824	0.0181462169921934	0.032458968146329	0.0531311990984533	0.0750695494183694	0.0969346963766079	0.116642585084591	0.13070136539209	0.125435454180796	0.111093073094553	0.0892963986684956	0.0638271066072508	0.0388869204764991	0.0199892485674924	0.00769581463514474	0.00274139119751985	0.00067028384230004	0.000241770286357109	3.48587436560199e-05	
2.274016487869e-05	3.92330317137838e-05	0.000215906620386683	0.00070694424661334	0.00164828711582241	0.003075919664745	0.00676482421352765	0.0136555939556142	0.025216094039328	0.0432532929507988	0.0662863311617725	0.0903816599320794	0.108698737795903	0.123741481809118	0.129032193576278	0.119156464828961	0.0995297034032781	0.0737428562146872	0.0490972654327004	0.0271967374110697	0.0122244629197872	0.00443658117864024	0.00145012282187954	0.000351847825815335	7.47176846014099e-05	
4.61647798164588e-05	4.81610946193327e-05	0.000285473016810967	0.00110645747949286	0.0024070565735652	0.00514076015675064	0.00992966982949475	0.0190348616454026	0.034963207918183	0.0559956320632113	0.0809812585966306	0.102562170233749	0.117377321464576	0.130650818588885	0.124279829434863	0.110224275986529	0.0839515254839566	0.0588521090067735	0.0349904077073722	0.0172326884571082	0.00667542716145994	0.00235689916414299	0.000767583041705013	0.000138244800099017	1.99631480287389e-06	
5.25893756439068e-06	8.68976826115984e-05	0.000218371121721365	0.00064835187400988	0.00174371344099297	0.00384829016914246	0.0072956489553997	0.0138981198546931	0.0266542989811184	0.046972329473941	0.0690463442620734	0.0935271994755086	0.11254276643155	0.126090540874216	0.128542708332812	0.118922608973951	0.0969703010265947	0.0687005065108151	0.0445689950070144	0.0240533787171298	0.0102136080268416	0.00384202952918485	0.00118801903835569	0.000396423722115736	2.32895806423016e-05	
2.76067068235497e-06	3.18731978780983e-05	0.00017241643261617	0.000410587021484794	0.00121695383079448	0.00294814531869308	0.0051383610500487	0.0109289932913193	0.0194717632328357	0.0379130433909669	0.058857247977746	0.0828509897882792	0.105339915106867	0.121547059772787	0.130333270674475	0.125855211857633	0.105887531782221	0.0825761775703538	0.0537602969879326	0.0317740647035956	0.0147618080786761	0.00564431669510576	0.00199069453203997	0.000479854758605701	0.000106662276363715	
3.01948929364584e-06	6.89450055382466e-05	0.000210106130016189	0.000651706439211893	0.00198003010430826	0.00448092211177042	0.00809248293107865	0.0152225036498077	0.0283195384609965	0.0493002081937868	0.0721584970190092	0.0964075122880633	0.118678007197456	0.128239723294001	0.130291717893141	0.114623336324305	0.0927098960238862	0.0649308461464523	0.0397556025365723	0.0212705407049803	0.00846337686598148	0.00310730610726937	0.000800667911031755	0.000233507172041945	
1.12782491946704e-05	6.89226339674299e-05	0.000376442895342108	0.00108221066716859	0.00318347380601562	0.00635416559627728	0.0123990565368607	0.0216244137503412	0.0387107106525069	0.0627055617558079	0.0857219620845312	0.109070444195098	0.12504320196011	0.132797875478605	0.126504863055739	0.101907502817683	0.0769259302237279	0.0488969746973732	0.027998629567409	0.0127040705206366	0.00433661212923069	0.00127845220315585	0.000262156636836115	3.50878863834189e-05	
4.61648143762722e-05	0.000191396825008653	0.000658285299051924	0.0019915750461461	0.00471205508036296	0.00896520695187206	0.018073400058542	0.0296260824713198	0.0511491170916866	0.0760406859242982	0.100233544052837	0.121547215001518	0.128947559515803	0.130582043484261	0.113983671629925	0.0873977293399355	0.0616100640293498	0.0357545239646542	0.0181587425802538	0.00729853238312005	0.00230624440251626	0.000561214419093168	0.000164945634068735	
9.18136926474602e-06	0.000132261346435395	0.000446909352589394	0.00124618476885283	0.00336832179458547	0.00745353482716693	0.0144906821509219	0.0247624010521353	0.0400694806322738	0.0647450308940668	0.0900491327328222	0.111727338147349	0.127584307302911	0.130855604357428	0.124513511501526	0.0989585349512395	0.0722881461078439	0.0462495347279089	0.0252740762798084	0.0108630487108861	0.0036149780391573	0.00102781706742103	0.000255093178490781	1.48887069158044e-05	
7.3090801149763e-05	0.000198637925573676	0.00086863693611317	0.00239235639273527	0.00529709421802041	0.011340012937569	0.01974296898812	0.0328351722879459	0.0534263923424707	0.0790307960881008	0.103694963745471	0.12272492451013	0.130895929140706	0.130138917271655	0.11005833839251	0.0838910857563928	0.0559005408222069	0.0329221851464576	0.0159884884474271	0.00623733030628029	0.00186306960481743	0.000360481842405294	0.000118586095742983	
0.0001524546435061	0.000445979330516222	0.00126492805675273	0.00383091790069956	0.00844663072762938	0.0151266685245014	0.0268849803962138	0.0436992921253712	0.0684137737820582	0.0949963198043037	0.116651313956084	0.127802777149425	0.131408972945736	0.119748420139258	0.097808810987426	0.0680375869993808	0.0412731348684064	0.0214243322560862	0.00839564751892442	0.0031946177571051	0.00085384500015592	0.000136615200024947	1.97993043514416e-06	
3.26465593766152e-05	0.000452067623734198	0.000829621344769099	0.00247166851829977	0.00643311666983164	0.0125793921958275	0.0214767010726513	0.0354302392868197	0.057067182631831	0.0835041670467125	0.110059526390631	0.124878073823092	0.129408967685887	0.127792090760426	0.105851359965948	0.08246196925043	0.0521208550707085	0.0279255179962289	0.0127172055342647	0.00456453726368003	0.00154061855012393	0.000352881893719749	4.95928650072246e-05	
