# <P(U)> as a function of N_tot.
# number_of_species: 1
# species_total_upper_bound: 326
# species_total_lower_bound: 297
# volume: 729
# Bin widths for each
10	10	10	10	10	10	10	10	10	10	10	10	10	10	10	10	10	10	10	10	10	10	10	10	10	10	10	10	10	10	
# Bin lower bound for each
-1220	-1220	-1220	-1230	-1230	-1240	-1240	-1240	-1240	-1250	-1270	-1280	-1290	-1300	-1300	-1300	-1310	-1310	-1310	-1320	-1320	-1320	-1330	-1330	-1340	-1340	-1350	-1350	-1350	-1350	
# Bin upper bound for each
-960	-970	-970	-980	-980	-990	-990	-990	-1000	-1000	-1010	-1020	-1030	-1030	-1030	-1040	-1040	-1070	-1070	-1080	-1090	-1090	-1100	-1110	-1110	-1120	-1120	-1130	-1130	-1140	
# Normalized histogram for each
1.18989654087556e-05	0	7.23457096852343e-05	0.000366488134589674	0.00106376750754275	0.00215085698728667	0.00356350216061414	0.00950441760989765	0.0172701583942679	0.0276903203820234	0.0452498616150323	0.0661282622798513	0.0872284596598895	0.109986420900676	0.122582189723768	0.132633959742468	0.120734518375096	0.100284004506376	0.0741805301512644	0.0427820161892564	0.0207279977420523	0.00921027518499322	0.00507133905721165	0.000938590391442645	0.00046310773370877	8.47206337103402e-05	1.99902618867095e-05	
5.92737058972557e-05	0.000128585700696466	0.00021271612196999	0.00065822494371388	0.00157362128882069	0.00347037987753288	0.00585901462244083	0.0134278844545146	0.0221693220330881	0.0362363108810272	0.0567211124336158	0.0806332726255862	0.100229446603473	0.117861462052878	0.12774965463506	0.127563229269738	0.109858555729234	0.0854449591059231	0.0585686356053327	0.0286731772140402	0.0131195655810974	0.00649333887829292	0.00233653124536924	0.000707460360709181	0.000218930300814057	2.53347291335045e-05	
8.64738555905828e-05	0.000146525144195154	0.000427084764555712	0.00124041941741603	0.00224543778350213	0.00471955087401047	0.00851671395505473	0.0171996498769669	0.0295961574861858	0.0485089505244639	0.0674558526946695	0.0924025992119349	0.113155363733057	0.125667169816397	0.131677102779942	0.117510283182661	0.0939639327156538	0.0694788605051803	0.0424865268928887	0.0192476390235372	0.00858204975705651	0.00397491489531379	0.00131392219466802	0.000306021366728896	7.68656494138514e-05	1.39318989562606e-05	
2.01809656015441e-05	0.000109553813265525	0.000279170024154694	0.000711138787863936	0.00175814650323929	0.00336109177101908	0.00677696044867091	0.0123425824620682	0.024258962150599	0.0387407269664309	0.0594478391711581	0.0811649606543246	0.102650962031435	0.122441762298016	0.129378248474775	0.126263652783604	0.106705414120622	0.08017176884722	0.054097000291663	0.0277344127266935	0.0127370722896603	0.00568959080209248	0.0022708391293547	0.00067510134928975	0.0002080561453683	4.80499180989146e-06	
1.19254099001891e-05	0.000212749312619373	0.000470815182859465	0.00092207269348262	0.00262168211245757	0.00508547179783664	0.00944540165734577	0.0183570219675591	0.0313313909225688	0.0513899303746868	0.0698499878837835	0.0932457340423705	0.115335409308689	0.127230290159533	0.128538746133782	0.118367325521713	0.0896266106458611	0.0671376726560845	0.0390199411934187	0.0180937089169629	0.00872510689937435	0.00308009486902084	0.00133850800719722	0.000407849018586467	0.000116869017021853	3.76842952845975e-05	
6.65974370452049e-06	0.000163163720760752	0.000321570481732561	0.00090715223175147	0.00155267167511106	0.00383268250195154	0.00753645139362272	0.0130844935954672	0.0265276619590207	0.0414821164475215	0.0625297607296796	0.0842448064702264	0.107103901040014	0.122461270022638	0.127102159992731	0.125882475502846	0.103238395515519	0.0747161403169943	0.0511991582083957	0.0268744443276347	0.011815812419756	0.00491536654991502	0.00162830733575526	0.00061650198864704	0.000221674326164754	3.52015024381797e-05	
4.6250447604203e-05	0.000237450751617454	0.000583613895541695	0.000810574854919021	0.00278837750092143	0.00541654726581181	0.0109961631200838	0.0185602569426928	0.0354130617939357	0.0541731015979291	0.0747845897323053	0.0964955988169422	0.118704873032985	0.126432989061531	0.126082534638963	0.114470811437879	0.088285905962827	0.0593836674888439	0.0371977569009721	0.0177511125139884	0.00746062632642231	0.00249943140557971	0.000970782590950075	0.000243172456475706	0.000188339451584126	2.241001069482e-05	
7.06979231643429e-05	0.000337618653478699	0.000822885350572725	0.0016212428502517	0.00469588110052139	0.00788017327243373	0.0154785167287157	0.027738594669569	0.0450273629818941	0.0663675551359637	0.0875552898638897	0.109193182796454	0.12597359937555	0.125737939631669	0.121427771009908	0.10006064631368	0.0700919409657913	0.0448321020512497	0.0270138207225713	0.0113083011385251	0.00468866702672911	0.00135624587294862	0.000406392823631767	0.000241431002914967	5.9155405096695e-05	1.29853328261038e-05	
0.000174706200000578	0.000580428862811836	0.00150256957686447	0.00297914980166274	0.00632311310084735	0.011019966560367	0.0217261357587495	0.0381220479224401	0.0578243832101085	0.0807518045754736	0.0989737093639635	0.121256209770649	0.125990603405375	0.120836529863209	0.110575548640035	0.083259777049862	0.0566384987010137	0.0337587244811033	0.0171202450314616	0.00664412972729469	0.00241219689918153	0.0010251355537224	0.000349893684298677	9.04814479341834e-05	6.40108115704595e-05	
3.99439245050202e-05	0.000436495656940401	0.000868660044958571	0.00170074493012941	0.0045391698304982	0.00871932559255368	0.0159578384658068	0.0309387351635992	0.0488855885689151	0.0715410125447986	0.0911578107456857	0.112273709245767	0.127766176928485	0.122918043248201	0.115564029870355	0.0952806975075472	0.0678936028601775	0.0435831529038992	0.0234302398608604	0.0110562858021486	0.00333940833904018	0.00136242470209292	0.00051205223702821	0.000203088387242392	8.18128574199208e-06	2.3581353021036e-05	
9.22152381312922e-06	2.23257944949444e-05	0.000144146977499967	0.000442633143030202	0.00144486717850977	0.00306542865282759	0.00663173165171566	0.0106848340392652	0.0213123975622174	0.039550144947794	0.0625898795232181	0.084451200423996	0.103841152942855	0.12216529144626	0.129928358466839	0.121217415866942	0.105454434266794	0.0772360860552602	0.0534037857752656	0.0306809804129981	0.0166113617909558	0.00594691217275117	0.00216560206600961	0.000679480702020048	0.000252378546464589	5.04757092929178e-05	1.74723609090869e-05	
2.08698049352721e-05	0	3.68861668623413e-05	0.000308193631020878	0.000975056700347943	0.0023189750693193	0.0053344192103157	0.00918853830312955	0.015919778411206	0.0304189540539111	0.0506233519527585	0.074738168883315	0.0970766256728692	0.115423125588177	0.126365698194471	0.12728833771033	0.113759850669266	0.0924013040230674	0.0626540664814916	0.0395026579880634	0.0214410551773375	0.00942732769913313	0.00289362272149051	0.00136721489541073	0.000427102984721847	7.9596465334526e-05	9.22154171558533e-06	
3.57267521437258e-05	6.27632132254643e-06	1.73805821239747e-05	0.000157873620959437	0.000734329594737932	0.00169943469656642	0.00377593146643351	0.00705651634233374	0.0125024320745125	0.0233913667751827	0.0409438235446056	0.062829355996325	0.0898923707451973	0.109302135832146	0.122083622808538	0.128799286623663	0.119017881239448	0.103139271087353	0.0767854806479288	0.0493787166081601	0.0271238467863062	0.0133632536835971	0.00523396918905583	0.00181192568642437	0.000757503704236565	0.000139044656991798	2.12429337070802e-05	
2.89561314608368e-06	6.17730804497852e-05	3.81255730901018e-05	0.000152502292360407	0.000448337435451957	0.0014463587664688	0.00277206698518411	0.00564113701076203	0.0107509290092177	0.0173785048984122	0.0308329713816901	0.0524689928092274	0.0757921914965494	0.102345929250519	0.120721007673375	0.127974036002123	0.124891173205926	0.10901935234786	0.0891882631147145	0.0595188456155591	0.0369769798754886	0.0194281164036485	0.00787944597268472	0.00253703971816032	0.00132039959461416	0.000378360117754935	3.32995511799624e-05	9.65204382027894e-07	
1.93247637668409e-05	4.73456712287603e-05	3.81664084395108e-05	0.000251221928968932	0.000831447961068331	0.00164308803927565	0.00410361358588867	0.00801204705773225	0.0135041449202684	0.0251183279441398	0.0443372886293573	0.0661844171868652	0.0899905936712365	0.114773636964022	0.127112015510055	0.130207359546409	0.118589794688879	0.0960846579251098	0.0716794137639664	0.0449938474783357	0.0252159180011624	0.0110634272565164	0.00404998736643569	0.00146578333171488	0.000570080531121807	9.32419851750075e-05	1.59429301076438e-05	3.86495275336819e-06	
2.69862350925146e-05	3.51784850313137e-05	0.000174446733990898	0.000365277967859394	0.00103656056578569	0.00295788412496169	0.00569409560452058	0.0109520743740639	0.0196907955734864	0.0346127378884813	0.0565602573715793	0.0804377745608472	0.102958751539661	0.123965607970963	0.130845652228388	0.123884649265685	0.107163785243541	0.0848803835129524	0.0544934009017258	0.033324627059869	0.0164673861710966	0.00651524818662138	0.00203215988187739	0.000720917994614318	0.000186494160371485	0	1.68663969328216e-05	
4.3166068017253e-06	3.11754935680161e-05	7.24230696733911e-05	0.00025707791619164	0.000751569206478172	0.00195686175011547	0.00431948453959312	0.00858956791245538	0.0158966239818204	0.0273380301212823	0.0491081170913169	0.0707841979576694	0.091407986010357	0.116215045676894	0.130131786005657	0.127312562141152	0.114979057262667	0.0932118480305002	0.0694043226500513	0.0412269523173224	0.022580649802803	0.00994594169415306	0.00324225133107367	0.000907926297296221	0.000308397574834374	1.43886893390843e-05	0	1.43886893390843e-06	
3.11477067381115e-05	8.96095563081054e-05	0.000150467383319493	0.000611932638531822	0.00123440757780577	0.00270745450877431	0.00657312451271809	0.0126967636574308	0.0214171631531255	0.0389466133098464	0.062068274814779	0.0849613600718026	0.102060492680049	0.12829500807684	0.129760867075484	0.121904936240644	0.102553105642	0.078361400611741	0.0527484017632477	0.0317845575420338	0.0140687003403726	0.00500855124348833	0.00154684303616345	0.000335436841795047	8.33800149604831e-05	
1.99621289895741e-05	0.000161598187058457	0.000457703100403805	0.00111407691313242	0.00233461851420923	0.00486648187438688	0.00916404307257089	0.0182064122160625	0.0298852082525342	0.0517689298017475	0.0749920151484042	0.0953063331280086	0.117603555920577	0.132834660339622	0.126953912197051	0.110327835192663	0.088902292032639	0.0637324238207135	0.0393163636225371	0.0204958782956524	0.00825671678111621	0.00250144487790782	0.00063878812766637	0.000138784325356086	1.99621289895741e-05	
5.7299448349561e-06	2.29197793398244e-05	0.000236837719844852	0.000728180489442338	0.00197635347265694	0.00321975150184242	0.00722307295986508	0.0141567837055649	0.023844210439864	0.0415487849890725	0.0644585369254358	0.0897185212349368	0.107267432282796	0.124926644768727	0.131062938191563	0.119885725800175	0.0995501515809157	0.0749271461389005	0.0484753333037286	0.0280900995625665	0.0125543091333888	0.00437958783551811	0.00135560944887003	0.000325651864786672	5.96869253641261e-05	
2.42239202187562e-05	6.31721840998937e-05	0.000362883824453525	0.00135511459576689	0.00260240899761893	0.00543043293845177	0.010222969311143	0.0186790173828002	0.0337329963516876	0.0529411401486779	0.0800130334190353	0.101904332614374	0.11564547010317	0.133894631646794	0.1266160560893	0.109659786914998	0.085262974402916	0.0598045842106588	0.0348282975286377	0.0174302980444647	0.00671430071004585	0.00229414773836456	0.000397082300056475	0.000120644622265962	
3.89374815996657e-05	0.000229826110905344	0.000790620815407846	0.00186852426944737	0.00421901858552475	0.0074992639866283	0.0143484619694768	0.0249741208201563	0.0441484562713088	0.0656661633284899	0.0931337075130346	0.112022184867565	0.125753820146823	0.132953455464068	0.120729460478456	0.0980032669496757	0.0697436774077134	0.0444043989857261	0.0243796119547565	0.0100401720846748	0.00368529017920738	0.00109024948479064	0.000245496073012526	3.18147715509464e-05	
1.66634212670009e-05	0.000127118099379692	0.000488000194247882	0.00134402394962124	0.00294371239125332	0.00520041572855572	0.0115029977494859	0.0193567062414987	0.0349422422013998	0.0547293408093376	0.0807071384668415	0.104576299187444	0.121762951882229	0.132639404992075	0.12971330821759	0.106473072625379	0.0842416881664476	0.0547122012903201	0.0316128906322531	0.0144857501562791	0.00587599843649499	0.00218481257697906	0.000311367928817673	5.18946548029455e-05	
5.02875489944406e-05	0.000197797692711466	0.000793585416036077	0.00196648263020165	0.00505940635787877	0.00860539695554389	0.0150206514201204	0.0268894708408844	0.0457707692366637	0.0674959482603382	0.0960971114831858	0.117828037655317	0.129516779757777	0.133966988379266	0.116541634259135	0.0935185575423661	0.0670333028095893	0.0397539837317384	0.0213880129808926	0.00843010892762041	0.00295882359702528	0.00091140195939448	0.000205460557320143	
7.59097186738382e-06	5.55089817802442e-05	0.000287508059477162	0.00115430215958405	0.00344250574185856	0.00733667430982647	0.0128885213593343	0.020142643850103	0.0346005986430189	0.0580761535786451	0.0831738043151828	0.108112993513989	0.126246401997944	0.135326153222818	0.131678216804799	0.102174006899245	0.0781035095435122	0.0501563977422552	0.0281141131823394	0.01314234448115	0.00431072314919059	0.00116331643867657	0.00026141409368303	4.459695972088e-05	
4.48760735419646e-05	0.000217767051608902	0.000672668723407974	0.00214318679641993	0.00544512104966553	0.00943389541796394	0.0175356800213138	0.0270418495366663	0.0456144030466602	0.072165450052694	0.0991303016947567	0.120389751060611	0.130696604203896	0.134478003874458	0.116901699197096	0.0877568151403369	0.0656570022499446	0.0362192427658588	0.0186741151501152	0.00681785652032815	0.0022376627407188	0.000562604248299787	0.00016344338363705	
1.74670427588486e-05	0.000130294697336276	0.000445173549232276	0.00125243417403312	0.00359868289055954	0.00842950041897298	0.0152383425192669	0.022695353530585	0.0354236347971817	0.0597207633569768	0.0856725401564953	0.110747660242414	0.128277489938747	0.134898443308824	0.12824397209994	0.100450130412718	0.0750190603203078	0.0485073939880327	0.0255896897239499	0.0109357850137494	0.00359632247937591	0.000887986687280924	0.000204411608502201	1.74670427588486e-05	
6.93069776935967e-05	0.000254916760420969	0.000893395424790062	0.00216940334287491	0.00575295385389519	0.0120954917235126	0.0202480810037169	0.0301642005724946	0.0469398121116317	0.0734388128569191	0.10171558505058	0.121260152760174	0.132244359313956	0.135270131066141	0.113473086581505	0.0862363937585744	0.0593899087141657	0.0333556444836868	0.0162349221720617	0.00645266950540452	0.0019121130558206	0.000390682483848151	3.79764261334776e-05	
0.000162676622852116	0.000632840272713723	0.00124640383578312	0.00342843333479084	0.00913104824396228	0.0155407892825256	0.0268054401695598	0.0387903817681821	0.062632850616314	0.089610840845373	0.115273783345769	0.128769830915047	0.133869225861446	0.123314992249352	0.100433537901537	0.0713280571568546	0.0435526693776303	0.0222899884762889	0.00888938412793341	0.0032808019487343	0.000847234897050616	0.000168318586650455	4.70163649861607e-07	
0.000726684399594154	0.00103021815661396	0.00188975767415604	0.00653826842029118	0.0131427280025493	0.0203325065742008	0.0334109345908393	0.050355399260361	0.0775448374203224	0.10701172434596	0.125560379105152	0.131769582891665	0.131674551294841	0.107924216793076	0.0855899003633895	0.0561598913708473	0.0289661980647595	0.0137715440412352	0.00462912619155911	0.00151294084495855	0.000410857998209056	4.77521954190042e-05	
