# <P(U)> as a function of N_tot.
# number_of_species: 1
# species_total_upper_bound: 326
# species_total_lower_bound: 297
# volume: 729
# Bin widths for each
10	10	10	10	10	10	10	10	10	10	10	10	10	10	10	10	10	10	10	10	10	10	10	10	10	10	10	10	10	10	
# Bin lower bound for each
-1200	-1210	-1210	-1210	-1220	-1220	-1220	-1230	-1230	-1240	-1240	-1240	-1250	-1260	-1270	-1270	-1280	-1280	-1280	-1290	-1300	-1300	-1310	-1310	-1320	-1320	-1330	-1330	-1340	-1340	
# Bin upper bound for each
-980	-980	-980	-990	-990	-1000	-1000	-1000	-1020	-1020	-1030	-1040	-1040	-1040	-1050	-1060	-1070	-1080	-1090	-1090	-1090	-1110	-1110	-1120	-1120	-1120	-1130	-1130	-1140	-1150	
# Normalized histogram for each
2.15961731581164e-05	0	0	0.00218769234091719	0.00259370039628978	0.0055847703786889	0.0157716852573724	0.0194883866578842	0.04379703916466	0.0667148981200531	0.0971784599768921	0.111244047554773	0.12222354198836	0.136487814359296	0.123489077735425	0.0990530078070166	0.0727618266043257	0.0434320638382879	0.0188577784016672	0.00993639927004935	0.00841170944508633	0.000522627390426416	0.000241877139370903	
0.000118641163210694	0.00010985292889879	4.39411715595161e-06	0.000426229364127306	0.00300997025182685	0.00397667602613621	0.00941879012378228	0.0200437654068733	0.0294735408235454	0.0574684612241132	0.0868277550016038	0.106429911634304	0.117028522214459	0.127917144526907	0.133701999762718	0.109681558329708	0.0817042143977643	0.058931702237045	0.0296624878612514	0.0120442751244634	0.0083180637762164	0.00331975551132144	0.000360317606788032	2.19705857797581e-05	
5.90094283953369e-05	5.24528252402995e-05	5.68238940103245e-05	0.00137688666255786	0.00333075440275902	0.00622221639413053	0.0140770269738654	0.027852450202599	0.0452099642883681	0.0736197257591454	0.102606468307566	0.116856152497847	0.120313667894937	0.1331514968725	0.11735445433763	0.0923344566980072	0.0675832797877409	0.0419819300017047	0.0193135673603553	0.00889075387823077	0.00602333276509439	0.00148179231303846	0.000240408782351373	1.09276719250624e-05	
1.54746061712729e-05	0.000108322243198911	0.000744991754245569	0.00273016266021744	0.00484355173160843	0.0102640852076029	0.0217794028570544	0.0372363237641316	0.0590577291236509	0.0874315248676921	0.107813791853283	0.124650163367628	0.128437020563541	0.129969006574497	0.102961397489577	0.0783545630192283	0.0521516334552143	0.0277946033416307	0.0129411920752331	0.00634458853022191	0.00364758574037148	0.000680882671536009	4.20025024648837e-05	
6.60374035853908e-05	0.000151886028246399	0.000363205719719649	0.00209118444687071	0.00324243651604269	0.0065685204099602	0.0167624942767584	0.0308482724615222	0.0512340189483323	0.0735722713344839	0.0996460395167823	0.118629591800796	0.123707868136513	0.131859084985736	0.120645933856937	0.0869470468073117	0.0621389955270665	0.0386759060331772	0.0174867044694115	0.00878517592364315	0.00447513471630331	0.00174338745465432	0.000266350861127743	9.24523650195471e-05	
9.81373530393138e-05	0.000508133405736892	0.00057137747769556	0.00335411664387699	0.00554803169182254	0.0127840258559213	0.0233545091932892	0.0392353137451177	0.0613009523684905	0.0901249833711707	0.11458735423877	0.123070783201502	0.123522215025483	0.129369020436559	0.102852307645336	0.0743641244730569	0.0474526814396095	0.0264251179283859	0.0120141928420796	0.0062328123330302	0.00223316998916127	0.000830896255732857	0.000165743085133063	
0.000285012091089864	0.000530560969567286	0.00169691814233504	0.00538892092229913	0.0103985565233787	0.0186112895481681	0.0357251694177641	0.0507124206076896	0.0733073022290138	0.102477193551711	0.12223291626564	0.125995075868026	0.127968236498648	0.113662821926638	0.0856022853584904	0.0568818361794348	0.0389589604512838	0.0171818442913174	0.00818861661708187	0.00277338688637445	0.00110058515174701	0.000142506045544932	0.000177584456755992	
6.442683444303e-05	0.000655376419334271	0.000610944119718388	0.00388338298642815	0.0080733488402059	0.0154091215067881	0.0253419620859187	0.0428638394394421	0.0659553055498164	0.0893289167627515	0.1142509936173	0.126607616140477	0.12566565138862	0.121451247770054	0.0991462333628808	0.0709072853420065	0.0431259900071758	0.027670214585791	0.0104504768696556	0.00615831672676135	0.00177062713969293	0.000508749830601858	4.88755295774711e-05	5.10971445582652e-05	
0.000214500214500215	0.000931735306735307	0.00232375232375232	0.00650874088374088	0.0117774024024024	0.0245669776919777	0.034454096954097	0.0554594773344773	0.0816240347490347	0.106045777920778	0.121583637208637	0.121695356070356	0.118439868439868	0.115827881452881	0.0817178785928786	0.0564180251680252	0.0316343128843129	0.0169879701129701	0.00717011654511655	0.00244887744887745	0.00191039253539254	0.000259187759187759	
5.84228963824992e-05	0.000426936550487494	0.00111902316917248	0.0038851226094362	0.00844210852727113	0.017816736362186	0.0331302763178295	0.0470708782084844	0.0682514251816166	0.0957753504812024	0.124043044192427	0.127128222528318	0.117403057315108	0.114378548910076	0.0935552804186675	0.0682806366298078	0.036532286514872	0.0240702333095897	0.0112801130707748	0.00430531805649494	0.00217288233853372	0.000862861238879988	1.12351723812498e-05	
6.60733733419001e-05	0.000995657384496908	0.00215991579062487	0.00471399342911694	0.0116311921003586	0.0252035743416586	0.0391359425480627	0.0569028448004812	0.0838881218301869	0.11156603008389	0.130875403845015	0.128332718167444	0.118241719183607	0.102910418176101	0.0753259240019503	0.053765498762833	0.027178940365363	0.0175550117792876	0.00603090411158654	0.00240826053870305	0.000877180990918329	0.000234674394972955	
0.000283588028925979	0.00121668412410178	0.00369121837650427	0.00864714788200908	0.0186733569046824	0.0351557675858883	0.0541035645185636	0.0737694795244869	0.0969482268887191	0.120710159312436	0.130491659310149	0.121197290362124	0.111470678370009	0.0881867289950464	0.0635397274810522	0.0370013767741404	0.0202719700677409	0.00977921299747973	0.00277870528342794	0.00121897112433505	0.000864486088177581	
0.000187988231483725	0.000477897793289953	0.00286738675973972	0.00655920383586589	0.0138205323917312	0.0287236958033326	0.0465327495883511	0.0643463332102728	0.0868868016407069	0.103293870904178	0.131211255738737	0.126511549951644	0.114466713625976	0.100469517595019	0.0759812192961992	0.0508542139940251	0.0257430631210123	0.0124344022993452	0.00490354844773814	0.00194782986838559	0.00138613009238602	0.00039409581058034	
0.000100155240622966	0.000701086684360759	0.00176637424371412	0.00585680532097478	0.0113562385333631	0.0207731074073905	0.0370870303515904	0.0590210280480199	0.0755739578164337	0.100328236038587	0.121322140226442	0.126502897673212	0.124420123919348	0.103367037089307	0.0849908266904611	0.0591075257558306	0.0359489026172385	0.0197487924464739	0.00768919097328131	0.0018164518640256	0.00189384454996153	0.00056223510076983	6.60114085924091e-05	
4.57409461514711e-05	0.000757012658806847	0.000699836476117508	0.00291369826984871	0.00676737298311016	0.0161076741872406	0.0281901451131517	0.0521286692815241	0.0695765531910028	0.0895470502807351	0.115011035003259	0.127006598131482	0.128683003807934	0.117176868803531	0.0883211929238756	0.0699310455236767	0.0446248670653752	0.0249516861256275	0.011551875950554	0.0033642465894407	0.00155976626376517	0.000825624078034054	0.000258436345755812	
0.00015016518169987	0.000830458959400795	0.00232073462627072	0.00386106535370726	0.00959236978858563	0.0208615841061531	0.0413682323282884	0.0639794683242476	0.0801131244368806	0.0998006898497438	0.123030788412709	0.134586681713521	0.122054714731659	0.105188434550733	0.0821540057699833	0.0538114653391458	0.0303106144031162	0.0159698395507786	0.00723523148190282	0.00169504636918792	0.000725798378216038	0.000359486344069385	
2.23156006132327e-05	0.000339197129321137	0.00201733029543624	0.00353702269719738	0.006578639060781	0.0165380916144668	0.0318108886741632	0.0543831186944481	0.0717669715721564	0.0908334207361024	0.112231850164131	0.1271542922942	0.129609008361656	0.121642338942731	0.0901215530765403	0.0709212103089149	0.0363565765190787	0.0201933869949143	0.0104749429278514	0.00284523907818717	0.000560121575392141	6.24836817170516e-05	
0.000328259549879713	0.000798165343885604	0.00259235110281719	0.00509251972929829	0.0101310789846437	0.0245722508262698	0.044710749376082	0.0713290015063966	0.0843874362029813	0.102032511185557	0.120142995255975	0.127034197450368	0.123236729095937	0.103545652809317	0.0774692537716123	0.0529352249477258	0.0292240933516199	0.0122894979427569	0.00589518177934663	0.00211345189648582	0.00013939789104481	
0.00062199322819009	0.00115351471409799	0.00363017865907307	0.00753855792566389	0.0186575350521457	0.0330832543590416	0.0582796345846329	0.0815082544155865	0.0903292492881005	0.116968653803093	0.126350573477756	0.126368667826213	0.112648628109118	0.0922970096827382	0.0641693450072038	0.0363560696361	0.0194288066551014	0.00816733653452515	0.00208537365960459	0.00035736338201467	
0.000261260084414034	0.00141215580109999	0.00236485421236841	0.005779253246607	0.0144751600218017	0.0274751014635069	0.0444479979819911	0.0696438304331962	0.0930311124724663	0.10272476250107	0.120175134346242	0.131675082544673	0.120260719546308	0.103355390291035	0.0710357160553331	0.0478083432056612	0.0274120386845104	0.00981076661816839	0.00567114562547016	0.00111035535875965	6.98195053175436e-05	
3.60837413427211e-05	0.001326077494345	0.00185831267915014	0.00517801688268048	0.00967946361518494	0.0179133223428271	0.0369204330951055	0.0584353638707029	0.0840841382638759	0.0993768788916879	0.110538031135758	0.132052961911356	0.129080563718249	0.108422621799541	0.0888336607181116	0.0568454240177893	0.0322566095265588	0.0170721201227749	0.00702956386032886	0.00296337725777097	9.47198210246429e-05	2.25523383392007e-06	
0.000571440187378174	0.00159009443444361	0.00362514427170739	0.00860548266367922	0.0150268441368656	0.0259384154618614	0.0469100444729537	0.0671114714923624	0.097576235315907	0.110845844410163	0.117567607246675	0.131842318646793	0.118622400003614	0.0992273134857626	0.067881673484046	0.0469529589534288	0.0236481373986145	0.0113474921003476	0.00413560072367366	0.000973481109723292	
6.95057914019094e-05	0.0014058106841612	0.00273538921001063	0.00671739842064905	0.0142419608704816	0.0203764074922759	0.0379411936162294	0.0575306161800514	0.0867320170580665	0.103415649116828	0.121144110168922	0.125179930314839	0.130307664022457	0.104572584225324	0.0786469240324121	0.0538714725810864	0.0317686309152792	0.0139235795034148	0.00648421770110716	0.00293045385039663	4.4842446065748e-06	
0.000545403126977928	0.00164069829555912	0.00509491809975266	0.0108833735091192	0.0172127431308384	0.0295033913749994	0.0485049669840329	0.0698722006006168	0.098556365056493	0.114781546969758	0.124881604876757	0.133771900292228	0.115019459444901	0.0921215059410785	0.0628762271570357	0.0424202432093944	0.019825291442782	0.00832469217267957	0.00332853019468423	0.00083493812031189	
4.46918385998941e-06	0.000925121059017807	0.00319546645989243	0.00931154457228793	0.0156823661647028	0.0225783168606665	0.0401198635111249	0.0541374586879817	0.0854932526496674	0.110987711978977	0.122609824606879	0.129809679805322	0.133148160148734	0.102460509174117	0.0743627502463638	0.0490157739844338	0.0277782122817642	0.01266343246728	0.00463677825473901	0.00097875126533768	0.000100556636849762	
0.00050506275790732	0.00190115326338913	0.00640922434270162	0.013687421290711	0.0196687758734388	0.0323747433332819	0.050519508876092	0.0706779089078514	0.102501273684466	0.118949998786967	0.124558621465388	0.136047145072109	0.114322829939415	0.0833949039388279	0.0606185585200117	0.0339384529199906	0.0190622594611047	0.00732010171831613	0.0028870181227104	0.00059769435542744	5.73433698934075e-05	
5.45715695219967e-05	0.00130316908018528	0.00403611328184688	0.0110190913178816	0.0195235247121895	0.0266090972989256	0.0401734066193131	0.063106562995237	0.0880763303457218	0.116573603950108	0.121618199836722	0.137022662481391	0.124344595450041	0.0976285378748521	0.0631916946436913	0.0451699795247471	0.0228065503346329	0.0121803743173097	0.00425876528549662	0.00109579711600169	0.000207371964183587	
7.02124719999456e-05	0.00239401880335299	0.00638254019664022	0.0161466036415359	0.0227035425589502	0.0329658880632003	0.0533456242907974	0.068864845521237	0.108679846982109	0.121886586473454	0.124686025679645	0.140588018128407	0.11130941730443	0.0806990444309053	0.0507998559511865	0.0308731034139116	0.0169166759150837	0.00792041982528419	0.00221735516412732	0.00045298369032223	9.73914934192794e-05	
0.000140854349786787	0.000579320309606948	0.00369401891537607	0.00998702776875351	0.0205488321584112	0.0315309277530778	0.0434649261309809	0.0641955058375041	0.0908056187254499	0.121386915539643	0.126382701268371	0.126737108987189	0.121134740816637	0.0992296175804403	0.06259839925847	0.0371605580558465	0.0243814335792226	0.010745823782121	0.00429378582414562	0.000713359126339536	0.000288524232627774	
0.000437164569206872	0.00185794941912921	0.00590172168429277	0.0145985061993656	0.0265344941447852	0.0391797118434393	0.0547409102324413	0.0781873482713397	0.111563002855522	0.128463599073583	0.124473309707844	0.127528811005385	0.104784626689362	0.0824659802252793	0.0515737924491447	0.0249648873138563	0.0164494795881352	0.00532271116443899	0.000758061965752342	0.00021393159769698	
