# <P(U)> as a function of N_tot.
# number_of_species: 1
# species_total_upper_bound: 326
# species_total_lower_bound: 297
# volume: 729
# Bin widths for each
10	10	10	10	10	10	10	10	10	10	10	10	10	10	10	10	10	10	10	10	10	10	10	10	10	10	10	10	10	10	
# Bin lower bound for each
-1200	-1210	-1210	-1210	-1220	-1220	-1220	-1230	-1230	-1240	-1240	-1240	-1250	-1260	-1260	-1260	-1270	-1270	-1270	-1280	-1290	-1300	-1300	-1310	-1310	-1320	-1320	-1330	-1340	-1340	
# Bin upper bound for each
-990	-990	-990	-990	-1000	-1000	-1010	-1010	-1020	-1030	-1030	-1040	-1040	-1040	-1050	-1060	-1070	-1080	-1090	-1100	-1100	-1110	-1110	-1120	-1120	-1120	-1130	-1130	-1140	-1150	
# Normalized histogram for each
3.40212428640443e-05	0	0	0.00275231854770118	0.00258901658195377	0.00487184197813114	0.0143263453700491	0.0195656167711119	0.0468064259323522	0.0730572169262488	0.104574496315499	0.113702395775922	0.122115849136201	0.132631815305477	0.119720753638572	0.0941708002476746	0.0722645219675165	0.0430810998387393	0.0206815135370525	0.0083658236202685	0.00439214245374812	0.000295984812917186	
0.000187053798750896	0.000173197961806385	0	0.000599264947850094	0.00366140491258699	0.00330461711126583	0.00834467779983165	0.0192284377197449	0.0289067398254857	0.0631652966707888	0.0952692708712204	0.111175771683519	0.116628043521184	0.131020794147294	0.124477375150249	0.105387495799949	0.0802772552972597	0.058288042066321	0.0319480960348059	0.0113202187836654	0.00538992057141472	0.000976836504588014	0.000270188820417961	
9.30030691012803e-05	3.10010230337601e-05	0	0.00155005115168801	0.00414035885406441	0.00488093884875979	0.0124589667014567	0.0272016754330671	0.0433910985729196	0.0816256936478904	0.110435977720598	0.121217444620117	0.120810986762563	0.131175662130184	0.109540392610734	0.0895895120094519	0.0663353001760169	0.0433256519687372	0.0195065326044648	0.00752980403908885	0.004350476899071	0.000716468087891345	9.30030691012803e-05	
2.46306285384537e-05	0.000137227787571385	0.000928926562021682	0.00286419023290019	0.00406405370884486	0.00830052181745889	0.0207425078905978	0.037639119067977	0.0632197861357711	0.0980158269381666	0.112882170591733	0.125862511831498	0.125929366394674	0.124592275131158	0.0991840224631332	0.074212083786361	0.0510416996541156	0.0282231816438481	0.0123856874936224	0.00603802265314093	0.00291697015119687	0.000745956178593169	4.92612570769074e-05	
0.000104095101284534	0.000229009222825974	1.38793468379378e-05	0.00246358406373396	0.0036155698512828	0.0062491759137815	0.0147433361785994	0.0316657298107551	0.0491953448670706	0.0784981158786667	0.109105545493029	0.118918243707451	0.123949506936204	0.134962768652107	0.114296421210418	0.0842337559594445	0.0595215789144963	0.0357566672912373	0.0174532786487068	0.00897993740414576	0.00441363229446422	0.00137752517366533	0.000253298079792365	
0.000155360989891178	0.000169170855659283	0.000472987902557587	0.00342139424404795	0.00609015080373419	0.0113171849969618	0.0237702314533503	0.0405595757609236	0.0602489918797989	0.101098574821853	0.120946804397061	0.119565817820251	0.125607634093797	0.130123460199967	0.0980569518864277	0.0698917306523781	0.0433526211125228	0.0263388664862178	0.0103953764569408	0.00564823509915484	0.00208874219742584	0.000583466828702425	9.66690603767331e-05	
0.000193136965712921	0.000136951666596435	0.00199808969983004	0.00566418046718076	0.0104048150801343	0.0195279030241737	0.0370120657929853	0.0518695658281011	0.0742945233379686	0.112626943660191	0.123344289466661	0.120268144340033	0.13223912463304	0.112570758361075	0.0828943856839858	0.0500856825811526	0.0370612279297122	0.0168099391794137	0.00752531850041437	0.0025248268790471	0.000765524700462124	0.00018260222212858	
0.000104429616239165	0.000457329698702552	0.000432122549955167	0.0045985041357729	0.00811670189665789	0.0152935372471633	0.0251243252586434	0.0445158246878815	0.0675443555792423	0.0951785926488752	0.122546354146036	0.121869362151106	0.124116399410873	0.120371337311261	0.0984879311772819	0.0663668216306144	0.0372597668698843	0.029060241484485	0.0101224707326998	0.00644582803683125	0.00134318092611065	0.000626577697434993	1.8005106248132e-05	
0.000351471971940821	0.000743216773999861	0.00285570977201917	0.00701845593969327	0.0122905355188056	0.0244346243826358	0.0344479144165748	0.0568359467959303	0.0807982807162706	0.114997235819387	0.124918996693967	0.112928676817861	0.123798679783405	0.116154164393693	0.0785320187305272	0.0507254601170841	0.0307684422103194	0.0167864478265486	0.0058761720308856	0.0027385524480389	0.00187085601730999	0.000128140823103424	
9.56807501370811e-05	0.000482083779536832	0.000953127472519385	0.00331202596628358	0.00760293960704652	0.0175905379098172	0.0309306424962372	0.045150273978148	0.0672782874617737	0.0957065103390411	0.132841681478783	0.126265469921284	0.117183158715964	0.117334039898873	0.0936567342687967	0.0663766803931743	0.0346695518092862	0.024954275641521	0.00985879729297078	0.00443075473711714	0.00255394002288978	0.000772806058799501	
5.22339334017349e-05	0.000787239996269005	0.00209308833131238	0.00403693685290551	0.0110698628859248	0.0228224979013152	0.0355825016323104	0.0536927525417405	0.0840443988433915	0.117309952429811	0.141583807480645	0.125936013431583	0.118067344464136	0.106255013524858	0.0732245126387464	0.0503162018468426	0.0269676336162671	0.0171998880701427	0.00557783788825669	0.00235425799832105	0.000809625967726891	0.000216397724092902	
0.000205782102943432	0.000796937962308202	0.0031540784142057	0.00579183082466242	0.0172819551544675	0.0312339817340322	0.0526278374545876	0.0722482255970487	0.0992767694454734	0.127771978463968	0.135861085856035	0.120936271153465	0.111851926681707	0.0882917466410749	0.0612893932421157	0.0365132280477265	0.0205482783520969	0.0093163170241663	0.00328877215431413	0.00120101918263349	0.000512584510968186	
0.000150053433661743	0.000376963504077062	0.00181894040316796	0.00480170987717578	0.0104744616375587	0.0257579528319841	0.0417697521556457	0.0640654964938734	0.0879569310046992	0.107639549693305	0.13653764511265	0.130235400898857	0.115746094950885	0.101853342897715	0.0767944194762037	0.0475303400723184	0.0261202769766795	0.0123373201188716	0.00469557452165893	0.00188481752038531	0.00131022266465619	0.000142733753970926	
0.000106143124853596	0.000585617240571562	0.00123345631295385	0.00427500585617241	0.00838164675568049	0.018611647926915	0.0336510306863434	0.0577272194893418	0.0753103771375029	0.10417032677442	0.127913445771844	0.127898805340829	0.125885746076364	0.103343142422113	0.0896213984539705	0.0572074841883345	0.0324688158819396	0.0200390899508082	0.00715185055048021	0.00161410751932537	0.00223632583743265	0.0005014347622394	6.58819395643008e-05	
0.000470109198593374	0.000584860262816954	0.00148065889320748	0.00497501388117712	0.0125744956505645	0.0247233018693319	0.0512085878215806	0.0707347769757542	0.0916231723116787	0.117331112344994	0.130657042383861	0.129339255968906	0.116953544327226	0.0913973718304646	0.0717231167869702	0.0423579492874329	0.0251008698870998	0.0111012400518231	0.00314640014806589	0.00181010549694614	0.000629280029613178	7.77345918933926e-05	
0.000485624776357011	0.00114286131578755	0.00262164352950627	0.00813512783250692	0.0169640053455239	0.0402192248990412	0.0665232917326946	0.084140882303541	0.0987607439917626	0.128387506663648	0.137508489305301	0.118806458444394	0.107454522882786	0.0833704550267641	0.052184581230785	0.0286518618050636	0.0162045320110708	0.00633868129139677	0.00155911112409356	0.000397993237766272	0.000142401250209951	
3.63599342612389e-06	0.00081446252745175	0.00205797227918612	0.00446863592070626	0.0141040184999346	0.0286589001847085	0.0527146326919441	0.0711054874412787	0.0913434268510843	0.113915674040461	0.138327733903457	0.131233910729089	0.124063731692773	0.0933359512486001	0.0673095103044054	0.0338838227380485	0.0189326177698271	0.0108170804427186	0.00241793562837238	0.000443591197987114	4.72679145396105e-05	
5.80903522816801e-05	0.00187341386108418	0.00237081250249607	0.00794385567451976	0.0203425152396409	0.042199010285623	0.0686446431618579	0.0859047390835521	0.101440277671884	0.126070587039316	0.134461012297001	0.127087168204246	0.106537706084601	0.0779572527620147	0.0508290582464701	0.0259010358235941	0.0126092370921422	0.00609948698957641	0.00155391692353494	0.00011618070456336	
0.000431525720039391	0.00260390733630607	0.004230427357993	0.0162467589467822	0.0291999070559988	0.0542357753263183	0.0828898207877373	0.0903843529511564	0.117459825693115	0.134370470363035	0.133562742733218	0.112547071341897	0.0936078869623909	0.0640502192667013	0.0340905318831119	0.0191752326366221	0.00841659566777683	0.00212443431404008	0.0003725136557605	
7.71831814172302e-05	0.00177888856218759	0.00309100264628051	0.00996398118200529	0.0267164069391355	0.0397015583651867	0.066711996471626	0.0937371361364305	0.104627315495443	0.123382828579829	0.138268156424581	0.127146427521317	0.104781681858277	0.0726036459864746	0.0439062040576301	0.025830638047633	0.00971037930020582	0.00670758600411644	0.00125698324022346	
2.20774107612659e-05	0.000798466355865784	0.0038856242939828	0.00488278734669998	0.0141700181402725	0.0335245482409823	0.052650945097159	0.0841443715481048	0.100202008308466	0.121241780763952	0.137538589474226	0.132596929032163	0.11074029237851	0.0928759875041855	0.054777735667161	0.0292047348686946	0.015730155167402	0.0079037130525332	0.00297677088431069	0.000132464464567596	
0.000139134000688347	0.000446693370631009	0.00187830900929269	0.00502713113013423	0.0106876881055075	0.0196545083077644	0.0426592168952614	0.0688054247614584	0.0961232873702942	0.117231379843145	0.128259580108232	0.135282185721922	0.124444379352514	0.102076758031327	0.0681536918108656	0.0405905139902899	0.0215071873695619	0.0112039484764827	0.00489898139265812	0.000930000951969478	
0.000684737951872704	0.00119919715380881	0.00395264076980487	0.0115680861393098	0.0172198914563543	0.0303820765312407	0.0530363961770609	0.0830924070169337	0.104714185306755	0.12970168612192	0.136429508220478	0.133570998992819	0.108398727619213	0.0831793578679651	0.0536486750864074	0.0263750914795412	0.0123904962719823	0.00757196994398916	0.00287662398829062	7.24590425262121e-06	
7.22110295126478e-05	0.000805152979066023	0.00286316732017648	0.00769047464309699	0.0124708447968343	0.0245914661005322	0.0433807759797231	0.0633362939855434	0.0929680899460584	0.123798588996483	0.136190001660854	0.142660109905187	0.11744401839937	0.0962103651711762	0.0664521999090141	0.0392250312312703	0.0161283334416499	0.0089288937992389	0.00398965938057379	0.000794321324639125	
0.000725663590896479	0.00249002212562517	0.00536066191902448	0.0114469874289454	0.0167471773820619	0.0358563186090025	0.0484736164369918	0.078755842659059	0.11289404600138	0.132707507772426	0.140618663782984	0.137762252687445	0.106203000832379	0.0785424121911483	0.0499960871080883	0.0242314724567981	0.0100027745960828	0.0057270508889379	0.00139085521588492	6.75863148383976e-05	
0.000212459162562606	0.00177978085359822	0.00396706534686571	0.0102468009222817	0.0159518518776514	0.0262543797933922	0.0464136196772014	0.0671510271181482	0.0978008735206225	0.127235174878271	0.135413111168386	0.141313206600862	0.114633908482345	0.0858578822349311	0.0667922845977556	0.0314474389963568	0.0152900938303252	0.00759628579588595	0.0036466351344762	0.000905563643709467	9.05563643709467e-05	
0.00131214712492463	0.00269623965356575	0.00729731951981582	0.0157320616126734	0.0209943539987941	0.035321767253193	0.0578475305596667	0.0844022364742641	0.120902537959765	0.130245162528093	0.145261196075207	0.127644850079483	0.0991441922929343	0.0671490434687277	0.0461101518390616	0.0194184070602423	0.0115660801403278	0.00549868442690347	0.00113057062983062	0.000325467302526997	
4.92893531476533e-05	0.00208775617261131	0.00350306474156536	0.0093403324214803	0.0172864802824984	0.0266972260656182	0.0472192003154519	0.0617877248386654	0.107883832035967	0.132039135746399	0.134067040561617	0.147406851924221	0.110982019948105	0.0843692899164546	0.0586156028968057	0.0300312987392488	0.0144593838126723	0.00824892531606798	0.00308762590789228	0.000686530275985171	0.000151388727524935	
0.00021921683019535	0.000845045522849819	0.00224520463183948	0.0067992574913816	0.0125483956510209	0.0248210023866348	0.041198621055423	0.054496596835499	0.0843348360293468	0.122694245558207	0.139177936886767	0.132707504640679	0.127018474321577	0.101210996199063	0.0670131706885883	0.0424325996641032	0.0230036241492089	0.0110916644568196	0.00463537523203394	0.00105719084239371	0.000449040926367895	
0.000685201113816279	0.0016546877961308	0.00420232385228813	0.00895499540769466	0.0181724082632339	0.0314718703074658	0.0477089498928462	0.0667961745367603	0.102517749624597	0.140316796174537	0.130304841601913	0.139463939469042	0.110659979881329	0.0893312728704095	0.0619341623780852	0.0234754275217588	0.0155081422302567	0.00541235986179348	0.00113714227399297	0.00029157494204948	
