# <P(U)> as a function of N_tot.
# number_of_species: 1
# species_total_upper_bound: 326
# species_total_lower_bound: 297
# volume: 729
# Bin widths for each
10	10	10	10	10	10	10	10	10	10	10	10	10	10	10	10	10	10	10	10	10	10	10	10	10	10	10	10	10	10	
# Bin lower bound for each
-1220	-1220	-1220	-1230	-1230	-1240	-1240	-1250	-1250	-1260	-1270	-1280	-1290	-1300	-1300	-1300	-1310	-1310	-1320	-1320	-1320	-1330	-1340	-1340	-1340	-1340	-1350	-1350	-1350	-1360	
# Bin upper bound for each
-960	-970	-970	-970	-980	-980	-990	-990	-1000	-1000	-1010	-1020	-1030	-1030	-1030	-1040	-1040	-1060	-1070	-1080	-1080	-1090	-1100	-1110	-1110	-1120	-1120	-1130	-1130	-1140	
# Normalized histogram for each
6.2868440495524e-06	0	3.94813806311891e-05	0.000275112295608413	0.00091184386094708	0.00222001037077794	0.00387043267066644	0.00907367627983799	0.0172028171096712	0.0283330458149988	0.0452008998737099	0.0682494760544169	0.0900137757326814	0.111099096253594	0.122182802312955	0.130324265357125	0.118731324929751	0.0990457073680303	0.0730186759504074	0.0419636781357144	0.0207830490590103	0.010014691097175	0.00510743210585637	0.00147791129916878	0.000642012514340291	0.00015113573095124	6.13595979236314e-05	
3.13264213100507e-05	9.37266315002324e-05	0.000146021544493624	0.000563875583580913	0.00132278340305988	0.00346106428990077	0.00645829543846885	0.0128375169263728	0.0223852543503304	0.0371824410355909	0.0567705491218497	0.0820459184704622	0.103423927322703	0.119288991289234	0.126692889912892	0.124449008670345	0.108578386790356	0.0840273146183229	0.0561596839063037	0.0295547100790234	0.0136444249075365	0.0069754340225146	0.00267563006528022	0.000885981931728612	0.000283200953940055	6.16423129004224e-05	
5.8235455568373e-05	0.000139511895731189	0.000306369135816223	0.000966961760067898	0.00213951999805544	0.00475960910336641	0.00938958101868497	0.0173696108149824	0.030400680190121	0.0485397586115047	0.0689933165952818	0.0953403026825783	0.11539608718506	0.124965944918374	0.128241056300013	0.11486285297016	0.0943649854006245	0.0676982107029678	0.0406123939228517	0.0194850770379118	0.00940426648139352	0.00437981265400746	0.00159084072754821	0.000446893822079036	0.000129890385680762	1.82302295692298e-05	
1.0616663865047e-05	0.00010616663865047	0.000257580487582927	0.000588719289087965	0.00153613015018788	0.00328054913429953	0.00739551749284955	0.0130941382112691	0.0243000269208262	0.0398236117132136	0.0600941091418323	0.0828559836907821	0.106696460732878	0.124182358896322	0.127043802585663	0.122122473328792	0.104781164016082	0.0798514678169738	0.0513995669917809	0.0273672316669805	0.0133125381536358	0.0060497289590993	0.00261978819755589	0.00092440808939231	0.000266174929759394	3.81694343719548e-05	1.51666626643529e-06	
1.45649743505779e-05	0.000143640781526389	0.000338761213774649	0.000954256940210278	0.00225053965741171	0.00523811724101216	0.0103461541938588	0.0185437235507599	0.0319723787817454	0.0518176585749026	0.0708992816956443	0.0974195887855724	0.117795234541289	0.128210949043684	0.125453397606724	0.113114855369805	0.0903831994527588	0.0649803774638663	0.037399840689315	0.0180547924290259	0.0089582125863477	0.00342728913683944	0.00157678403357377	0.000483406476290733	0.00017779313517602	4.52016445362763e-05	
3.51215733260682e-06	0.000111636429500717	0.000248610565472383	0.000696661493760652	0.00155011572558411	0.00358315308440166	0.00765575037994016	0.0138514467830395	0.0261653212595399	0.0416717467513799	0.0633911785646014	0.0859404829818416	0.11094077148048	0.123751616219544	0.127859084220028	0.120519929736784	0.101222883009538	0.0750613247757111	0.0491099942450793	0.0261685825484916	0.0119957733695186	0.0053076223347116	0.00215771894412509	0.000747587775083451	0.000222520253858732	6.22153584633208e-05	2.75955218990536e-06	
2.43313762879952e-05	0.000167811244707926	0.000433951350291048	0.000721161926061713	0.0025367341072216	0.00557539691498216	0.0109049716777763	0.019739267981765	0.034874638227552	0.0539203365656438	0.076168746372242	0.0995105630782151	0.120792490484425	0.126929264926547	0.124165019909086	0.111395060780781	0.0881081778006543	0.0585292510802379	0.0357829259959936	0.0171802092097018	0.00797366793239991	0.00280989770286724	0.00128429532571686	0.000278932891054131	0.000180604030178933	1.22911076093996e-05	
4.28108711407888e-06	4.38181857558662e-05	0.000279277977030205	0.000647955126148528	0.00144474098667474	0.00438055943231778	0.00786183874202522	0.0156113619044693	0.0276152783436927	0.0452646895431173	0.066725527417341	0.0892730059325794	0.112308780207477	0.126700535941741	0.127093136812967	0.118607518495555	0.0977820443147919	0.0705258736313742	0.0448871983911171	0.0250506553337057	0.0107752444374828	0.00466764409761483	0.00164620390969022	0.000549741951178483	0.000208514125321019	3.77742980654019e-05	6.79937365177234e-06	
4.56152182448776e-05	0.000160031290527609	0.000561747632418962	0.00109199304229312	0.00251362534129508	0.0061870365077997	0.0115882815764418	0.0221253969910085	0.0378896131879896	0.0573489140805862	0.0799372677341132	0.101803590446913	0.123742998316017	0.127986977737253	0.120272461462701	0.10774264145884	0.0817830459574584	0.0569088910360804	0.0334087370532166	0.0160709218356774	0.00665679765038783	0.00263585396476892	0.00108644865112523	0.000332411452292782	8.51820097611527e-05	3.35183647876725e-05	
1.53827454014417e-05	6.40527431469869e-05	0.000432734280473345	0.000722484681559518	0.00146009993236636	0.00419469814766528	0.00931059578633821	0.0164860160757255	0.0303309912893313	0.0491572020753089	0.0711056058254709	0.0925937880943603	0.114456451952121	0.128327401309601	0.12412438134885	0.114095083523264	0.0935808055615938	0.0677544369133437	0.0428091717475959	0.0227644457849008	0.0103510745982456	0.00377457267489803	0.00131938563836628	0.000524778576727873	0.000222167191781478	9.83487001075783e-06	1.23566315519778e-05	
4.82132181358841e-06	3.22267300171436e-05	0.000122309321797348	0.000489237287189393	0.00121268931300732	0.00264741318321936	0.00669402470749802	0.0118165522575459	0.0227424287484762	0.0402704710786667	0.0624381475162073	0.0846624110466125	0.104943935639921	0.123365698782083	0.1298498691138	0.120444992778167	0.102896650145604	0.0780962782440644	0.0524991194743846	0.0302682583457081	0.0153135330950755	0.00588125135123888	0.00211300772325004	0.000852612699666161	0.000279890418967791	5.30345399494725e-05	9.13513606785173e-06	
1.08850232711672e-05	1.26570038036828e-06	3.41739102699435e-05	0.000252633795921508	0.000884218285725279	0.00196613897086408	0.00474384502562031	0.00953452096531424	0.0175081802215583	0.0311655936058842	0.0518600479649816	0.0745811417731247	0.0967782356237954	0.115821204126588	0.127416032171066	0.126985440901665	0.112298253687871	0.0913909085247958	0.0628106345158519	0.0381833959348741	0.0216432233642215	0.00895179251019269	0.00326170988020905	0.00134062984288608	0.00045008305525896	0.000115178734613513	1.06318831950935e-05	
1.87149126999903e-05	3.28775493378209e-06	9.10455212431962e-06	0.000137832802993172	0.000634789606445618	0.00139021452853847	0.00303636813346059	0.00685218709045322	0.013379645155139	0.0252413591477735	0.0419694562508567	0.0646258813080004	0.0873801803004806	0.108333042493474	0.123643864315871	0.128683233916682	0.119171000180574	0.101733253820245	0.0769612849153251	0.0490161266908544	0.0267370347384186	0.0131204183238216	0.00498297195848527	0.00190462172356253	0.000729122882622597	0.000271619138375535	3.3383357789172e-05	
1.51365238771096e-06	3.22912509378338e-05	1.99297564381943e-05	0.000106964768731574	0.00034536501979605	0.00118746029815925	0.00227300133554596	0.00509091753066786	0.0101152343562764	0.0191847871880425	0.0333941989776792	0.0545580866626538	0.0762287956221137	0.0986485102380925	0.119841409593832	0.127971741119023	0.126263332124093	0.108827065719255	0.0883195986197508	0.0600372560307695	0.0361177641739671	0.0190114739896496	0.0079552523990129	0.00273088118282852	0.0012222743030766	0.000459645775068228	4.7932325610847e-05	7.31598654060297e-06	
1.01491931391454e-05	2.48655231909063e-05	4.51639094691972e-05	0.000215924084035319	0.000715264386481275	0.00143915558713082	0.00333705470415102	0.00767126763422308	0.0146376738049325	0.0271846138232011	0.0459930985486654	0.0675149700598802	0.0895389729016543	0.111221455394296	0.125182431746676	0.13062036943063	0.119049781792348	0.096111082918908	0.0721988226935959	0.0448018370039582	0.0251286410230387	0.0112303359382929	0.00408352785953517	0.00138993200040597	0.000519892418552725	0.000123312696640617	8.37308433979499e-06	2.02983862782909e-06	
1.41956659617843e-05	1.85050645573259e-05	0.000159447748035041	0.000363256952200658	0.000953391065754832	0.00269616255659888	0.00494364067119137	0.0110153297982745	0.0216775424057497	0.0363028807569129	0.0581505176601689	0.082162486634527	0.101673162028824	0.122032788946443	0.128382814523991	0.125990337821361	0.106574976184235	0.0828694814982309	0.0552665160236114	0.0329798274516802	0.0161972548623958	0.00664559962239529	0.00202820577428993	0.000653761116347171	0.000217497882057337	2.15469929777082e-05	8.87229122611516e-06	
2.27338747363502e-06	1.74293039645352e-05	5.43087007590588e-05	0.000270280510754386	0.000652967402149614	0.00177475782108441	0.00383419427358955	0.00799272516008437	0.0163981964459376	0.0298377053942433	0.0492367733053791	0.0728423658385642	0.0925809262790962	0.11385427586294	0.127267767154603	0.126839612513735	0.116769768998573	0.092883792010306	0.0688861664372229	0.0412056531568511	0.0222145319979287	0.00979249024337876	0.0035111206537252	0.000864139838589489	0.000291751392449828	0.000123268120792654	0	7.57795824545007e-07	
1.79508203145641e-05	6.42184276042153e-05	0.000196700538094801	0.000606282635413024	0.0011612410944337	0.00237658747826623	0.00622337242314078	0.0118553790897215	0.0234910502519309	0.0401372757379999	0.0622185545240997	0.0864473582081137	0.103763831928745	0.125401396776083	0.12737623983914	0.122266071103958	0.103260197646117	0.0784918580388451	0.0526555710370846	0.0308367281874147	0.0136201217065617	0.00526515257818025	0.00165779618031827	0.000394412390010141	0.000198470337280744	1.61810211286212e-05	
5.55044522139465e-06	3.12843276114971e-05	0.000172063801863234	0.000441008102136265	0.00107527261516291	0.00217678369864514	0.00413508168993901	0.00881107949599939	0.0181494512880313	0.0326477187922433	0.0534240444277819	0.0752859866900324	0.0969513927328525	0.116561367993004	0.130642342933753	0.125245544127806	0.111220073639271	0.0893662047518875	0.0637842027264796	0.0388294010110893	0.019755043714802	0.00757812377795595	0.00275150707202409	0.000679172660727018	0.000244976468635191	3.53210150452387e-05	
2.3031566660314e-05	3.97357798425198e-05	0.000218673336203421	0.000694743411896285	0.00162992625596068	0.0030292837511791	0.00678368221094941	0.0136195018145584	0.0252458872835128	0.0433712240569016	0.0664680890051097	0.0904674876534352	0.108471592334183	0.123823270436909	0.12884035555677	0.119272131627175	0.0994697930879484	0.0737017725954222	0.049171635537353	0.0271572542221797	0.0121383949124029	0.00446407442587493	0.00146642744208637	0.000356356547887056	7.56751475981746e-05	
4.67577659594365e-05	4.8779723406331e-05	0.000289139914905921	0.00109842838302547	0.00236012982988766	0.00515169483000646	0.00998594234085047	0.0190314217242141	0.0350481048951084	0.0561793294279225	0.0811411523438784	0.102564044238407	0.117029127813491	0.130461243877892	0.124203032835072	0.110315470855758	0.0838809046844205	0.058839719938674	0.035100170299366	0.0172773736390331	0.00664314119177205	0.00238540429797385	0.000777442638330955	0.000140020553197448	2.02195744689455e-06	
5.32909577171778e-06	8.80569634660033e-05	0.000221284357758948	0.000628072001666738	0.00174667458079683	0.00384126298554724	0.00734121007523922	0.0139261960838252	0.0268035753664832	0.047018611993866	0.0693231616966927	0.0935761303202457	0.112527663716801	0.125815890906812	0.128378678440077	0.118982975061608	0.0969174733691127	0.068563384899525	0.0445867679567054	0.0240547770141381	0.010215876594383	0.00383847155442872	0.00117316236917387	0.000401712314601392	2.36002812747502e-05	
2.79709041569341e-06	3.22936802539148e-05	0.000174691010507397	0.000407612357850594	0.0011900348314041	0.00296186446927244	0.00514664636487587	0.0110396073088481	0.0194913974212861	0.0380778089526219	0.0589232524160504	0.083099522002676	0.105418523553281	0.12130192861927	0.130091403829166	0.125599022340615	0.106117541876258	0.0824760251209233	0.0535856410600668	0.0318067322406373	0.0148200021461312	0.00565520825863831	0.00199407118544252	0.000478302461083572	0.000108069402424518	
3.0604203487349e-06	6.98795979627802e-05	0.000212954249266137	0.000626621066403471	0.00197422615996307	0.00451488511947116	0.00812873148126895	0.0153587195201261	0.0283948350305915	0.0493946743585231	0.072314927455286	0.0964647044271531	0.118783584925389	0.128061759282637	0.129961005144057	0.11441483487757	0.0927702669961719	0.0649227371379459	0.0396551416337034	0.0213150626238514	0.00852072032093608	0.00309051448216413	0.000809481182240381	0.000236672506968832	
1.14341556523986e-05	6.98753956535471e-05	0.000356237471659175	0.00109005617219534	0.00318911305762789	0.0063792424846471	0.0125356459802464	0.0217520836207753	0.0388362367195458	0.0629462973281936	0.0859434334533412	0.109110811451536	0.125071876372893	0.132477143758082	0.126105778136217	0.101678102092781	0.0769043522715983	0.0488891463691347	0.0279232244725488	0.0127615340774682	0.0043762325066947	0.00129078912698189	0.00026578059583131	3.55729286963513e-05	
4.68467692821935e-05	0.000194224173186175	0.000644966061414848	0.00198022559884732	0.00470265595859252	0.00904649098706143	0.018229470669491	0.0297183243037241	0.0512731559149111	0.0764086000539371	0.100497208818841	0.121665871115675	0.128601472001459	0.130211481510087	0.113483639715425	0.0874046763204775	0.0617387241725531	0.0356519107784287	0.018092475522563	0.00733772342427093	0.00233929975475083	0.000563174134505937	0.000167382240516378	
9.32361694852129e-06	0.000134310481988158	0.00043921795516953	0.00125415247439974	0.0033491944016972	0.00749618802661111	0.0146463942675379	0.0249310997306987	0.0401865529756575	0.0649694827937689	0.0902873866330076	0.111665684327025	0.127348512013732	0.130610517997479	0.124343283480541	0.0988056446688944	0.0724659228100273	0.0463386282237981	0.0249638583848421	0.0107856608819083	0.00365788171958743	0.00104197719140907	0.000254005564435391	1.51193788354399e-05	
7.4247711579461e-05	0.000201782046095202	0.000852838510217142	0.00240522178599587	0.00529860964846487	0.0113955084680273	0.0200006667141448	0.0330798809410165	0.0536252834166473	0.0791816487941818	0.104043267727651	0.122171326341926	0.130742391251094	0.129842579698857	0.10970882269899	0.0840870486231595	0.0561163699031093	0.0328187512343051	0.0157862251806821	0.00620271443572497	0.00188801323730629	0.00035633850693408	0.000120463123889125	
0.000154778419365594	0.000433681090625026	0.00125204685665383	0.0038184539595762	0.00850401883673465	0.015266026664603	0.0272327101073072	0.0440226509171249	0.0687346839090496	0.0949512837437683	0.116641871130382	0.127497466634069	0.131102597739682	0.119331899957863	0.0976975956328364	0.0683570346163443	0.0413270942889527	0.0211704715942655	0.00826808225266924	0.00323552225027721	0.000860326798551616	0.000137692489955107	2.01010934241032e-06	
3.31509524825382e-05	0.000459052120636063	0.000738684200736862	0.00242381544181489	0.00641534195713607	0.0126535414200906	0.0217543635890183	0.0358273225089147	0.0573387478201983	0.0837317141497122	0.110177570166775	0.124781197387098	0.129204698527516	0.127778954510061	0.105176078373913	0.0826250796824898	0.0521474604978565	0.0277835349088387	0.0124354030915414	0.00454446415787344	0.00156442128432863	0.000355044170480924	5.03590804887412e-05	
