# <P(U)> as a function of N_tot.
# number_of_species: 1
# species_total_upper_bound: 326
# species_total_lower_bound: 297
# volume: 729
# Bin widths for each
10	10	10	10	10	10	10	10	10	10	10	10	10	10	10	10	10	10	10	10	10	10	10	10	10	10	10	10	10	10	
# Bin lower bound for each
-1200	-1210	-1210	-1210	-1220	-1220	-1220	-1230	-1230	-1240	-1240	-1240	-1250	-1260	-1270	-1270	-1280	-1290	-1300	-1300	-1300	-1310	-1310	-1320	-1320	-1330	-1330	-1330	-1340	-1340	
# Bin upper bound for each
-980	-980	-980	-990	-990	-1000	-1000	-1000	-1020	-1020	-1030	-1040	-1040	-1040	-1050	-1060	-1070	-1070	-1080	-1080	-1090	-1090	-1100	-1110	-1110	-1120	-1130	-1130	-1140	-1150	
# Normalized histogram for each
1.09236491542365e-05	0	0.000179147846129478	0.00152275669210056	0.00280847019755419	0.00772192758712976	0.0163778271769467	0.0244034322105643	0.0444188345558717	0.0678926642234105	0.0873957474233843	0.114523537733015	0.127759723413203	0.138297767752295	0.118642845829078	0.0985979496310538	0.0734528016429168	0.0433843649809655	0.0189667320265008	0.00831726646603564	0.0049058108351676	0.000297123256995232	0.000122344870527448	
5.94380462934324e-05	5.50352280494745e-05	0.000169508502392381	0.000613092440471146	0.00253822471764176	0.00521623891452919	0.011200769612629	0.0215253783947105	0.0340150730482582	0.0571045526241347	0.0833376444261972	0.0982984208191663	0.123216170670846	0.131671783108368	0.132534735484183	0.107598273654967	0.0813541748072941	0.0608172291083523	0.0288648764073884	0.0114968591395352	0.00628062022500603	0.00184037802597443	0.000180515548002276	1.10070456098949e-05	
2.97796635780376e-05	2.64708120693668e-05	0.000541548696919128	0.00133015830648568	0.00343458786600034	0.00711182484263654	0.0159784439353715	0.0275263357006328	0.0475261371695422	0.071031115336637	0.0942945473435989	0.114045081998855	0.127413945044388	0.136099680254649	0.117944012026572	0.0912912131242286	0.0695079406921456	0.0437044136770274	0.018928836530603	0.00750006341965392	0.00382944414603506	0.000777580104537649	0.000121324555317931	5.51475251445141e-06	
7.72565535630722e-06	0.000322270194863101	0.000925974977705966	0.00226692801455072	0.00524903098208531	0.0108545457756117	0.0234904069433776	0.037034584448035	0.0604808447893766	0.085110234065284	0.102059218251971	0.124077336017447	0.131743393461005	0.129125499960268	0.104327249931573	0.0796978606556653	0.055134691282812	0.0285760954979295	0.0117816244183685	0.0049223461270186	0.00234528823316469	0.000445880680564017	2.09696359671196e-05	
3.26168853266418e-05	7.50188362512761e-05	0.00051534678816094	0.00156887218421147	0.00334323074598078	0.00700828142718443	0.0180795395365575	0.030944726338896	0.0519663089319166	0.0726204079502571	0.0950532144484104	0.115321346990386	0.126481757919652	0.131575428178162	0.118560203703321	0.0883645784974271	0.0674778123637566	0.0405536607561246	0.0187090454233617	0.00750623254317117	0.00276917356423189	0.00129054142942413	0.000136990918371896	4.56636394572985e-05	
4.86655895349516e-05	0.000251979608036527	0.000848944172998601	0.00274690216486171	0.00584095220173942	0.0114320877105327	0.025741933948899	0.041268419925639	0.0634729062441196	0.086488485721516	0.107931625928161	0.123152059419603	0.126706810370745	0.128345218551755	0.100857812124869	0.075583067835506	0.0532174443427874	0.0278724053129846	0.0113974810690857	0.00455834355310714	0.0016005571669273	0.000553706263153227	8.21907734368072e-05	
0.000141246927879319	0.00039331836840241	0.00188184368528446	0.00421676405461258	0.00953960020600321	0.018760851566863	0.0369197739179942	0.054070410507033	0.0781856071553521	0.0953873099413934	0.116566743519482	0.130427413203763	0.127838248364252	0.113655970290338	0.08543918015937	0.0585968312881502	0.0387798873066818	0.0185870091940885	0.00690045568431964	0.00255439636495599	0.000900720793938116	0.000168409798625341	8.80077012171139e-05	
3.17576084111669e-05	0.000405183279728681	0.000853075067320654	0.00354590124259856	0.00689140102522321	0.014718008863658	0.0282642714859385	0.0454319965570372	0.06838836707853	0.0902036538771112	0.108394192957039	0.125534540779507	0.125926582979893	0.125500592991205	0.0975177596211865	0.0695853003886474	0.044478173214757	0.0267902804196823	0.0109706110711403	0.00469027023534578	0.00134586554266635	0.000415039089235594	9.19875553978626e-05	2.5187068739891e-05	
0.000182738881549978	0.000657199471598415	0.00222479084103919	0.00485028621752532	0.0101442095992955	0.0218284896521356	0.039241523557904	0.0592173051519155	0.0828974020255394	0.100562527520916	0.121214222809335	0.125011008366358	0.122465874064289	0.112528621752532	0.0809434169969177	0.0565444738000881	0.0322280933509467	0.0170871862615588	0.00651695288419199	0.00214002642007926	0.00118339938353148	0.000330250990752972	
5.50458917599603e-05	0.000396330420671714	0.00101174349054807	0.00329834983425682	0.0066495437246032	0.0157585378930414	0.0326532229920084	0.0498033210287417	0.0711126866468575	0.0950708605764626	0.117539492675043	0.126220229805589	0.121261695875852	0.117396373356467	0.0937365481602012	0.0655662625931239	0.0421574466632832	0.023802944514842	0.0112282610011967	0.00323229476414487	0.0013794500475046	0.000548257081929204	0.000121100961871913	
0.000157371933048217	0.000867762137864463	0.00188292193133042	0.00456046129924938	0.00976038460813835	0.0224820213649023	0.0412203639281364	0.062783643514891	0.087363587902753	0.108239750598734	0.125141717858722	0.126397368563959	0.120452699205715	0.104791975361318	0.0750010251340709	0.053308079940509	0.0302852310873846	0.0166503938177212	0.00598234996193151	0.00188181367828079	0.000600673152902348	0.000188403018438006	
0.000305624490857382	0.0014503271293414	0.00395422523080206	0.00787733233162591	0.0157557760250368	0.0316982608299428	0.0532442317544957	0.0778497816729773	0.101630701147036	0.118112196417636	0.127192022200563	0.123649000830187	0.113178861454306	0.0894312828337947	0.0617083631085678	0.0386998400750391	0.0210869785073744	0.00886422159664902	0.00297956094541324	0.000830187253347144	0.000501224165006107	
0.000236796904964397	0.000563643337168776	0.0027526250548913	0.00611336234929211	0.0117731418947088	0.0251738456150883	0.0426534594026715	0.0649646194295752	0.0957048598951646	0.110621953185363	0.123900367424306	0.128597395234045	0.118557428808067	0.101858244256563	0.0735482293038949	0.0465300359642248	0.0261966303689251	0.0127114357340982	0.00481042351070867	0.00172205824314484	0.000800440242133173	0.00020900384100144	
9.59435940916596e-05	0.000649292694899371	0.00161653799812575	0.00493217011022357	0.0104266143067518	0.0168191351689054	0.0336338078450623	0.0561928243116605	0.0813724396447856	0.108323664599045	0.121427774554866	0.126354366549154	0.125722923825249	0.107015038600562	0.0836828952652952	0.0568153420500692	0.0348866526841894	0.0189745191664064	0.00711767593377661	0.00225579008434111	0.00136106028827703	0.000291177651836316	3.23530724262573e-05	
2.22964197523983e-05	0.000551836388871857	0.00108249117897894	0.00233666479005134	0.00709026148126265	0.0127669299502232	0.0253878183510683	0.048078884733084	0.0702069665163516	0.0954431692131036	0.119914604712348	0.127882230310868	0.129735062792292	0.117097452076633	0.0923562298983841	0.0675380850719896	0.0415772487332847	0.0241983043572778	0.0106688368515226	0.00365995730235617	0.00168672415426893	0.000591969944426174	0.00012597477160105	
7.24104222734459e-05	0.000611100078883475	0.00190461353131367	0.00374778791645593	0.00949673659392345	0.0186928602226511	0.0365014355914779	0.0615455675495984	0.0849220655402092	0.108372071080704	0.126744570041175	0.133412911655993	0.12343014753075	0.103363683540124	0.0830679198789649	0.0496559956378206	0.0296630391970781	0.0155495896194174	0.00654326906725502	0.00181794045010757	0.000661567948952847	0.000222716904871356	
1.07517632891794e-05	0.000213960089454671	0.00130848959229314	0.00336207638052641	0.00681769310166867	0.0154158782040255	0.0261730173748495	0.0528836229141579	0.0757666007225185	0.0948036728023396	0.120584250817134	0.131025288147256	0.130204928608292	0.114951402029933	0.0905180199552727	0.065814768622054	0.0357496129365216	0.0208680973679683	0.00969163942886633	0.00274277481506967	0.000764450369860657	0.00032900395664889	
6.47581015083241e-06	0.000320552602466204	0.000526699225601036	0.00220177545128302	0.00479965462345862	0.0100288713202558	0.0202412239281185	0.0414149645179569	0.0686597771242006	0.0924260003777556	0.105676587248051	0.129734221958393	0.130632200965975	0.120030220447371	0.100273602978873	0.0758338954696312	0.049156795553277	0.028130919295216	0.0133747065648525	0.00471978629826502	0.00152397398882923	0.00021370173497747	7.33925150427673e-05	
6.44598479607053e-06	0.000200899859477531	0.000515678783685642	0.00112052702371693	0.00335835807875274	0.00727751683476363	0.0160956240357881	0.0287157879356949	0.0561509735585704	0.0813365104876173	0.0990790836388014	0.121223190074902	0.133954010047142	0.128174110346665	0.108036853843741	0.0886763385087429	0.0623369703011994	0.0351016102070021	0.0187642617413613	0.00773088443208725	0.0017823147961135	0.000323373570602871	3.86759087764232e-05	
6.32111251580278e-05	0.000318198375795496	0.000931024877327562	0.00205061175512653	0.00559793438899484	0.012440806531102	0.0224292356810731	0.0429749941074375	0.0692783217981958	0.0939285178598213	0.108827058647068	0.127222567443056	0.135742141464355	0.118996550172491	0.0975272664938182	0.0750433906876085	0.0446431249866078	0.0257997814394995	0.0110576614026442	0.00420086138550215	0.00071996400179991	0.000181062375452656	2.57130000642825e-05	
0.000366223260869098	0.000814068128266207	0.00184507789493581	0.00490911004525703	0.0092243155061721	0.0162566612896643	0.0320182230976259	0.0561664049763405	0.0863889527303501	0.105769788406725	0.115774879017448	0.138728807916437	0.130705189201032	0.105170513979848	0.0839832632747877	0.0579481187293664	0.0292785294364028	0.0161707438091085	0.00657268726251871	0.00176560422542169	7.41038269793777e-05	6.87339844446401e-05	
6.95926261794612e-05	0.000687361015495601	0.00134046104579516	0.00388112722923918	0.00768302593021251	0.0131679955289414	0.0235405087970433	0.0436602723534192	0.0693517286273015	0.0987647844181039	0.113955248729399	0.127581484935338	0.135567506453378	0.119245358974826	0.0942434050280137	0.0692146846865173	0.0429514982221761	0.0210790711418651	0.0100470339087394	0.00333188081031513	0.000534257237900787	7.49459051163428e-05	2.67663946844081e-05	
0.000142226975003342	0.00102339259457292	0.00254404491378158	0.00598957358641893	0.0121930223232188	0.0187258387916054	0.0330907632669429	0.0556364122443524	0.0869873011629461	0.107366394866996	0.1230594840262	0.133904023526267	0.128176446999064	0.106264937842534	0.0801304638417324	0.0554556877422804	0.0287234326961636	0.0132110680390322	0.0052067905360246	0.00209490709798155	1.06937575190483e-05	6.30931693623847e-05	
5.38996388724196e-06	0.000436587074866598	0.00124184767962055	0.00494906484126556	0.00920390233385436	0.0149258879965504	0.0260561634237051	0.0450600980973427	0.0717511992669649	0.100450600980973	0.118885355468118	0.128424513555759	0.1348374925888	0.117053845739234	0.0918967282919204	0.0655527407966367	0.0404980326631812	0.0180650029644801	0.00741443432329003	0.00252142510645179	0.000636015738694551	0.0001336711044036	
2.63364982781197e-05	0.000557280303565014	0.00284750219383031	0.00793887404095642	0.0132093340763737	0.0201231916043457	0.035202417058466	0.057388283207954	0.0886191563260796	0.109236420638123	0.126648006379753	0.139034588249919	0.131691972529979	0.101912767196943	0.0738011889348783	0.0481136219743314	0.0269843761357615	0.0121716760442158	0.0034890592918853	0.00087753212262695	8.95440941456071e-05	3.68710975893676e-05	
5.17037951619725e-06	0.000269893810745496	0.00125950445014565	0.00554885129678289	0.0104689844443962	0.0177261291333306	0.0277411542562047	0.0454776241485678	0.0731288138011906	0.105676352855652	0.122189510954483	0.133622254140698	0.136321192248153	0.113986186814085	0.0842306526983694	0.0618077508125251	0.0348566305463954	0.0173187032274543	0.00602762843998275	0.00177550832586213	0.000472572687780428	8.89305276785927e-05	
3.00474853881151e-05	0.000819571066965484	0.00304515722605759	0.00931368435012988	0.0155034663400816	0.0233209931419205	0.0357057377227529	0.0594795153858667	0.0895073144904516	0.115907656824561	0.132034867516492	0.138333442125953	0.124262930002829	0.0990188977960687	0.0699287874596302	0.0459084131922967	0.0233023429785761	0.0105041864436107	0.00327103142656136	0.000648611236308967	0.000153345787497967	
0.0002478918642945	0.00166456749726264	0.00537134201271316	0.0134832076996268	0.0201161610727494	0.0302755080728359	0.0488241486760465	0.0730025717462347	0.107065023618293	0.125575689297612	0.130707578318006	0.137560997221501	0.109559765146193	0.0845754298022983	0.055511954717013	0.0311795222332631	0.0166140292027165	0.00686396749346515	0.00147574773680002	0.000279537634204436	4.53589368709085e-05	
9.2940296824157e-05	0.00049811822005756	0.00241435917143203	0.00933893342133074	0.0180377274948726	0.0271510979486301	0.0419306936896671	0.0645130972719412	0.0914574291669625	0.121187881420713	0.130090308728869	0.130712695435692	0.121468790857181	0.0967111666200225	0.0682265320529154	0.0402201745189034	0.0226972736120568	0.00914365437070021	0.00339075442458469	0.000583748605895548	0.000132622670749078	
0.000311709499426243	0.0012679708451237	0.00541529215104914	0.0147422743593049	0.0218397411648848	0.0375044643140172	0.0542057536290382	0.0788572201429849	0.110520565430466	0.130217435867091	0.127418390226481	0.132222943087129	0.105706502788479	0.0804062578587776	0.0531892636681974	0.0269147944724924	0.0133062973772023	0.00455941183059064	0.00119611916390002	0.00019759212336511	
