# <N_i^j*N_k^m*U^p> as a function of N_tot.
# number_of_species: 1
# max_order: 2
# species_total_upper_bound: 326
# species_total_lower_bound: 297
# volume: 729
#	N_tot	N_1^0*N_1^0*U^0	N_1^0*N_1^0*U^1	N_1^0*N_1^0*U^2	N_1^0*N_1^1*U^0	N_1^0*N_1^1*U^1	N_1^0*N_1^1*U^2	N_1^0*N_1^2*U^0	N_1^0*N_1^2*U^1	N_1^0*N_1^2*U^2	N_1^1*N_1^0*U^0	N_1^1*N_1^0*U^1	N_1^1*N_1^0*U^2	N_1^1*N_1^1*U^0	N_1^1*N_1^1*U^1	N_1^1*N_1^1*U^2	N_1^1*N_1^2*U^0	N_1^1*N_1^2*U^1	N_1^1*N_1^2*U^2	N_1^2*N_1^0*U^0	N_1^2*N_1^0*U^1	N_1^2*N_1^0*U^2	N_1^2*N_1^1*U^0	N_1^2*N_1^1*U^1	N_1^2*N_1^1*U^2	N_1^2*N_1^2*U^0	N_1^2*N_1^2*U^1	N_1^2*N_1^2*U^2	
297	1	-1076.32976559449	1159378.6043877	297	-319669.940381563	344335445.503147	88209	-94941972.2933242	102267627313.973	297	-319669.940381563	344335445.503147	88209	-94941972.2933242	102267627313.973	26198073	-28197765771.1234	30373485312506.9	88209	-94941972.2933242	102267627313.973	26198073	-28197765771.1234	30373485312506.9	7780827680.64495	-8374736434012.63	9.02092513777204e+15	
298	1	-1081.98083770037	1171585.2011634	298	-322430.28963471	349132389.946694	88804	-96084226.3111435	104041452201.644	298	-322430.28963471	349132389.946694	88804	-96084226.3111435	104041452201.644	26463592	-28633099440.7207	31004352756807.8	88804	-96084226.3111435	104041452201.644	26463592	-28633099440.7207	31004352756807.8	7886150416	-8532663633330.76	9.23929712152739e+15	
299	1	-1087.42346428344	1183389.76803795	299	-325139.61582075	353833540.643348	89401	-97216745.1304042	105796228651.89	299	-325139.61582075	353833540.643348	89401	-97216745.1304042	105796228651.89	26730899	-29067806793.9871	31633072366989.9	89401	-97216745.1304042	105796228651.89	26730899	-29067806793.9871	31633072366989.9	7992538800.63376	-8691274231408.77	9.4582886377782e+15	
300	1	-1092.89317987072	1195318.35112084	300	-327867.953961216	358595505.336252	90000	-98360386.1883647	107578651598.903	300	-327867.953961216	358595505.336252	90000	-98360386.1883647	107578651598.903	27000000	-29508115856.5094	32273595480315	90000	-98360386.1883647	107578651598.903	27000000	-29508115856.5094	32273595480315	8100000000	-8852434756951.72	9.68207864407913e+15	
301	1	-1098.37239010752	1207324.50288208	301	-330610.089422362	363404675.367507	90601	-99513636.916131	109384807285.124	301	-330610.089422362	363404675.367507	90601	-99513636.916131	109384807285.124	27270901	-29953604711.7566	32924826992878.3	90601	-99513636.916131	109384807285.124	27270901	-29953604711.7566	32924826992878.3	8208541200.61188	-9016035018236.38	9.91037292486702e+15	
302	1	-1104.05209983844	1219835.56630247	302	-333423.734151209	368390341.023346	91204	-100693967.713665	111253882986.337	302	-333423.734151209	368390341.023346	91204	-100693967.713665	111253882986.337	27543608	-30409578249.5268	33598672662724.8	91204	-100693967.713665	111253882986.337	27543608	-30409578249.5268	33598672662724.8	8318169616	-9183692631353.8	1.01467991441506e+16	
303	1	-1109.84345716482	1232665.77842267	303	-336282.567520941	373497730.862069	91809	-101893617.958845	113169812450.656	303	-336282.567520941	373497730.862069	91809	-101893617.958845	113169812450.656	27818127	-30873766241.5208	34290453172810.1	91809	-101893617.958845	113169812450.656	27818127	-30873766241.5208	34290453172810.1	8428892480.59488	-9354751171183.94	1.03900073112746e+16	
304	1	-1115.62835064576	1245547.75281629	304	-339151.018596312	378646516.856153	92416	-103101909.653279	115108541124.271	304	-339151.018596312	378646516.856153	92416	-103101909.653279	115108541124.271	28094464	-31342980534.5967	34992996502615.8	92416	-103101909.653279	115108541124.271	28094464	-31342980534.5967	34992996502615.8	8540717056	-9528266082517.41	1.063787093649e+16	
305	1	-1121.35370423155	1258365.81190384	305	-342012.879790622	383801572.63067	93025	-104313928.33614	117059479651.771	305	-342012.879790622	383801572.63067	93025	-104313928.33614	117059479651.771	28372625	-31815748142.5192	35703141293773.6	93025	-104313928.33614	117059479651.771	28372625	-31815748142.5192	35703141293773.6	8653650624.58402	-9703803183464.72	1.08894580946761e+16	
306	1	-1127.08021914619	1271235.12292928	306	-344886.547058734	388997947.61636	93636	-105535283.399973	119033371967.755	306	-344886.547058734	388997947.61636	93636	-105535283.399973	119033371967.755	28652616	-32293796720.3916	36424211823048.2	93636	-105535283.399973	119033371967.755	28652616	-32293796720.3916	36424211823048.2	8767700496	-9881901796443.55	1.11458088178547e+16	
307	1	-1132.52617369818	1283526.48354173	307	-347685.535325341	394042630.447311	94249	-106739459.34488	120971087546.722	307	-347685.535325341	394042630.447311	94249	-106739459.34488	120971087546.722	28934443	-32769014018.8753	37138123876926.7	94249	-106739459.34488	120971087546.722	28934443	-32769014018.8753	37138123876926.7	8882874000.57282	-10060087303800.6	1.14014040302026e+16	
308	1	-1138.31974261407	1296683.46145676	308	-350602.480725134	399378506.128683	94864	-107985564.063341	123008579884.91	308	-350602.480725134	399378506.128683	94864	-107985564.063341	123008579884.91	29218112	-33259553731.5092	37886642605339.9	94864	-107985564.063341	123008579884.91	29218112	-33259553731.5092	37886642605339.9	8999178496	-10243942549306	1.16690859224522e+16	
309	1	-1144.0510563905	1309758.97261533	309	-353511.776424664	404715522.538136	95481	-109235138.915221	125057096463.7	309	-353511.776424664	404715522.538136	95481	-109235138.915221	125057096463.7	29503629	-33753657924.8058	38642642807758.5	95481	-109235138.915221	125057096463.7	29503629	-33753657924.8058	38642642807758.5	9116621360.55557	-10429880298759.9	1.19405766275116e+16	
310	1	-1149.76175279382	1322865.5551184	310	-356426.143366084	410088322.086704	96100	-110492104.443486	127127379843.819	310	-356426.143366084	410088322.086704	96100	-110492104.443486	127127379843.819	29791000	-34252552377.4806	39409487752638.4	96100	-110492104.443486	127127379843.819	29791000	-34252552377.4806	39409487752638.4	9235210000	-10618291237021.4	1.22169412032786e+16	
311	1	-1155.72017064975	1336584.21874567	311	-359428.973072071	415677692.029904	96721	-111782410.625414	129275762220.699	311	-359428.973072071	415677692.029904	96721	-111782410.625414	129275762220.699	30080231	-34764329704.5093	40204762050906.9	96721	-111782410.625414	129275762220.699	30080231	-34764329704.5093	40204762050906.9	9354951840.54005	-10811706538104	1.25036809977802e+16	
312	1	-1161.35662578078	1349640.13178244	312	-362343.267243603	421087721.116121	97344	-113051099.380004	131379368988.23	312	-362343.267243603	421087721.116121	97344	-113051099.380004	131379368988.23	30371328	-35271943006.5613	40990363124427.9	97344	-113051099.380004	131379368988.23	30371328	-35271943006.5613	40990363124427.9	9475854336	-11004846218047.1	1.27889932947977e+16	
313	1	-1167.23335907814	1363326.4911092	313	-365344.041391458	426721191.717178	97969	-114352684.955526	133563733006.822	313	-365344.041391458	426721191.717178	97969	-114352684.955526	133563733006.822	30664297	-35792390391.091	41805448431242.6	97969	-114352684.955526	133563733006.822	30664297	-35792390391.091	41805448431242.6	9597924960.51883	-11203018192399.5	1.30851053589973e+16	
314	1	-1173.02432643175	1376881.02868416	314	-368329.638499569	432340643.006827	98596	-115655506.488865	135754961900.888	314	-368329.638499569	432340643.006827	98596	-115655506.488865	135754961900.888	30959144	-36315829037.5035	42627058037847	98596	-115655506.488865	135754961900.888	30959144	-36315829037.5035	42627058037847	9721171216	-11403170317776.1	1.3384896223947e+16	
315	1	-1178.96226176815	1390854.53243248	315	-371373.112456966	438119177.71623	99225	-116982530.423944	138007540979.94	315	-371373.112456966	438119177.71623	99225	-116982530.423944	138007540979.94	31255875	-36849497083.536	43472375408807.3	99225	-116982530.423944	138007540979.94	31255875	-36849497083.536	43472375408807.3	9845600624.50233	-11607591581313.3	1.36937982538026e+16	
316	1	-1184.54353135136	1404051.87726896	316	-374315.755907028	443680393.216991	99856	-118283778.866621	140203004253.084	316	-374315.755907028	443680393.216991	99856	-118283778.866621	140203004253.084	31554496	-37377674121.8522	44304149345046	99856	-118283778.866621	140203004253.084	31554496	-37377674121.8522	44304149345046	9971220736	-11811345022507.5	1.40001111930896e+16	
317	1	-1190.42530545926	1418009.09552559	317	-377364.821830586	449508883.281613	100489	-119624648.520296	142494315999.564	317	-377364.821830586	449508883.281613	100489	-119624648.520296	142494315999.564	31855013	-37921013580.9388	45170698172057.2	100489	-119624648.520296	142494315999.564	31855013	-37921013580.9388	45170698172057.2	10098039120.4886	-12020961305154.4	1.43191113204846e+16	
318	1	-1195.85548606343	1430961.34248456	318	-380282.044568172	455045706.910089	101124	-120929690.172679	144704534793.956	318	-380282.044568172	455045706.910089	101124	-120929690.172679	144704534793.956	32157432	-38455641474.9118	46016042065526.8	101124	-120929690.172679	144704534793.956	32157432	-38455641474.9118	46016042065526.8	10226063376	-12228893988964.4	1.4633101376833e+16	
319	1	-1201.48277844071	1444448.44558708	319	-383273.006322585	460779054.14228	101761	-122264089.016905	146988518270.665	319	-383273.006322585	460779054.14228	101761	-122264089.016905	146988518270.665	32461759	-39002244396.3926	46889337328506.5	101761	-122264089.016905	146988518270.665	32461759	-39002244396.3926	46889337328506.5	10355301120.4752	-12441715962408.6	1.49576986078071e+16	
320	1	-1207.23612057932	1458305.5623172	320	-386315.558585383	466657779.941505	102400	-123620978.747323	149330489581.282	320	-386315.558585383	466657779.941505	102400	-123620978.747323	149330489581.282	32768000	-39558713199.1432	47785756666010.1	102400	-123620978.747323	149330489581.282	32768000	-39558713199.1432	47785756666010.1	10485760000	-12658788223725.8	1.52914421331232e+16	
321	1	-1213.01999496968	1472288.95126144	321	-389379.418385268	472604753.354924	103041	-124990793.301671	151706125826.167	321	-389379.418385268	472604753.354924	103041	-124990793.301671	151706125826.167	33076161	-40122044649.8484	48697666390428.9	103041	-124990793.301671	151706125826.167	33076161	-40122044649.8484	48697666390428.9	10617447680.4618	-12879176332550.4	1.56319509113247e+16	
322	1	-1218.48914796518	1485583.65918715	322	-392353.505644789	478357938.258264	103684	-126337828.817622	154031256115.529	322	-392353.505644789	478357938.258264	103684	-126337828.817622	154031256115.529	33386248	-40680780879.2719	49598064470491	103684	-126337828.817622	154031256115.529	33386248	-40680780879.2719	49598064470491	10750371856	-13099211443133.2	1.59705767594756e+16	
323	1	-1224.15296118111	1499421.83418308	323	-395401.406461498	484313252.441134	104329	-127714654.287064	156433180537.717	323	-395401.406461498	484313252.441134	104329	-127714654.287064	156433180537.717	33698267	-41251833334.7198	50527917314009.5	104329	-127714654.287064	156433180537.717	33698267	-41251833334.7198	50527917314009.5	10884540240.4488	-13324342167117.3	1.63205172924506e+16	
324	1	-1229.89596056575	1513517.8094266	324	-398486.291223303	490379770.254219	104976	-129109558.35635	158883045558.318	324	-398486.291223303	490379770.254219	104976	-129109558.35635	158883045558.318	34012224	-41831496907.4575	51478106762311	104976	-129109558.35635	158883045558.318	34012224	-41831496907.4575	51478106762311	11019960576	-13553404998011.7	1.6678906590956e+16	
325	1	-1235.80340522869	1528079.69355963	325	-401636.106699324	496625900.406879	105625	-130531734.67728	161403417631.547	325	-401636.106699324	496625900.406879	105625	-130531734.67728	161403417631.547	34328125	-42422813770.1359	52456110730505.7	105625	-130531734.67728	161403417631.547	34328125	-42422813770.1359	52456110730505.7	11156640624.4355	-13787414475286.7	1.70482359873073e+16	
326	1	-1241.5188399018	1542239.25431615	326	-404735.141807988	502769996.907066	106276	-131943656.229404	163903018988.253	326	-404735.141807988	502769996.907066	106276	-131943656.229404	163903018988.253	34645976	-43013631930.7933	53432384191519.8	106276	-131943656.229404	163903018988.253	34645976	-43013631930.7933	53432384191519.8	11294588176	-14022444009435.7	1.74189572464594e+16	
