# <N_i^j*N_k^m*U^p> as a function of N_tot.
# number_of_species: 1
# max_order: 2
# species_total_upper_bound: 151
# species_total_lower_bound: 97
# volume: 729
#	N_tot	N_1^0*N_1^0*U^0	N_1^0*N_1^0*U^1	N_1^0*N_1^0*U^2	N_1^0*N_1^1*U^0	N_1^0*N_1^1*U^1	N_1^0*N_1^1*U^2	N_1^0*N_1^2*U^0	N_1^0*N_1^2*U^1	N_1^0*N_1^2*U^2	N_1^1*N_1^0*U^0	N_1^1*N_1^0*U^1	N_1^1*N_1^0*U^2	N_1^1*N_1^1*U^0	N_1^1*N_1^1*U^1	N_1^1*N_1^1*U^2	N_1^1*N_1^2*U^0	N_1^1*N_1^2*U^1	N_1^1*N_1^2*U^2	N_1^2*N_1^0*U^0	N_1^2*N_1^0*U^1	N_1^2*N_1^0*U^2	N_1^2*N_1^1*U^0	N_1^2*N_1^1*U^1	N_1^2*N_1^1*U^2	N_1^2*N_1^2*U^0	N_1^2*N_1^2*U^1	N_1^2*N_1^2*U^2	
97	1	-159.282530407512	25682.577581339	97	-15450.4054495286	2491210.02538988	9409	-1498689.32860428	241647372.462818	97	-15450.4054495286	2491210.02538988	9409	-1498689.32860428	241647372.462818	912673	-145372864.874615	23439795128.5215	9409	-1498689.32860428	241647372.462818	912673	-145372864.874615	23439795128.5215	88529281	-14101167892.8414	2273660127505.43	
98	1	-162.526319352539	26733.9208049985	98	-15927.5792965488	2619924.23888985	9604	-1560902.77106179	256752575.411206	98	-15927.5792965488	2619924.23888985	9604	-1560902.77106179	256752575.411206	941192	-152968471.564055	25161752390.2982	9604	-1560902.77106179	256752575.411206	941192	-152968471.564055	25161752390.2982	92236816	-14990910213.2774	2465851734240.94	
99	1	-165.77104629343	27804.32589949	99	-16411.3335830496	2752628.26404951	9801	-1624722.02472191	272510198.140901	99	-16411.3335830496	2752628.26404951	9801	-1624722.02472191	272510198.140901	970299	-160847480.447469	26978509616.1974	9801	-1624722.02472191	272510198.140901	970299	-160847480.447469	26978509616.1974	96059601	-15923900564.3004	2670872451975.6	
100	1	-169.017322767664	28898.7003134365	100	-16901.7322767664	2889870.03134365	10000	-1690173.22767664	288987003.134365	100	-16901.7322767664	2889870.03134365	10000	-1690173.22767664	288987003.134365	1000000	-169017322.767664	28898700313.4365	10000	-1690173.22767664	288987003.134365	1000000	-169017322.767664	28898700313.4365	100000000	-16901732276.7664	2889870031282.75	
101	1	-172.241891882188	30006.5682037616	101	-17396.431080101	3030663.38857993	10201	-1757039.5390902	306097002.246573	101	-17396.431080101	3030663.38857993	10201	-1757039.5390902	306097002.246573	1030301	-177460993.44811	30915797226.7847	10201	-1757039.5390902	306097002.246573	1030301	-177460993.44811	30915797226.7847	104060401	-17923560338.2572	3122495519913.74	
102	1	-175.507061848683	31147.8776547911	102	-17901.7203085657	3177083.5207887	10404	-1825975.4714737	324062519.120447	102	-17901.7203085657	3177083.5207887	10404	-1825975.4714737	324062519.120447	1061208	-186249498.090318	33054376950.2856	10404	-1825975.4714737	324062519.120447	1061208	-186249498.090318	33054376950.2856	108243216	-18997448805.2124	3371546448924.65	
103	1	-178.854301928204	32340.5372159548	103	-18421.993098605	3331075.33324335	10609	-1897465.28915632	343100759.324065	103	-18421.993098605	3331075.33324335	10609	-1897465.28915632	343100759.324065	1092727	-195438924.783101	35339378211.0719	10609	-1897465.28915632	343100759.324065	1092727	-195438924.783101	35339378211.0719	112550881	-20130209252.6604	3639955955675.03	
104	1	-182.201817109389	33556.1599917733	104	-18948.9889793764	3489840.63914443	10816	-1970694.85385515	362943426.47102	104	-18948.9889793764	3489840.63914443	10816	-1970694.85385515	362943426.47102	1124864	-204952264.800935	37746116352.9861	10816	-1970694.85385515	362943426.47102	1124864	-204952264.800935	37746116352.9861	116985856	-21315035539.2973	3925596100710.56	
105	1	-185.563771060897	34801.6397006709	105	-19484.1959613942	3654172.16857045	11025	-2045840.57594639	383688077.699897	105	-19484.1959613942	3654172.16857045	11025	-2045840.57594639	383688077.699897	1157625	-214813260.474371	40287248157.7119	11025	-2045840.57594639	383688077.699897	1157625	-214813260.474371	40287248157.7119	121550625	-22555392349.8102	4230161056632.83	
106	1	-188.875459232523	36050.7739777043	106	-20020.7986786474	3821382.04163665	11236	-2122204.65993663	405066496.413485	106	-20020.7986786474	3821382.04163665	11236	-2122204.65993663	405066496.413485	1191016	-224953693.953282	42937048619.8294	11236	-2122204.65993663	405066496.413485	1191016	-224953693.953282	42937048619.8294	126247696	-23845091559.0479	4551327153708.55	
107	1	-192.281333443922	37353.100410786	107	-20574.1026784997	3996781.7439541	11449	-2201428.98659946	427655646.603089	107	-20574.1026784997	3996781.7439541	11449	-2201428.98659946	427655646.603089	1225043	-235552901.566143	45759154186.3973	11449	-2201428.98659946	427655646.603089	1225043	-235552901.566143	45759154186.3973	131079601	-25204160467.5782	4896229497971.23	
108	1	-195.693561443182	38684.2057935447	108	-21134.9046358637	4177894.22570283	11664	-2282569.70067328	451212576.375906	108	-21134.9046358637	4177894.22570283	11664	-2282569.70067328	451212576.375906	1259712	-246517527.672714	48730958248.5978	11664	-2282569.70067328	451212576.375906	1259712	-246517527.672714	48730958248.5978	136048896	-26623892988.6531	5262943490756.67	
109	1	-199.109268990289	40038.2692397233	109	-21702.9103199415	4364171.34712984	11881	-2365617.22487362	475694676.837152	109	-21702.9103199415	4364171.34712984	11881	-2365617.22487362	475694676.837152	1295029	-257852277.511225	51850719775.2154	11881	-2365617.22487362	475694676.837152	1295029	-257852277.511225	51850719775.2154	141158161	-28105898248.7221	5651728455506.66	
110	1	-202.563295230265	41432.8073641495	110	-22281.9624753291	4557608.81005645	12100	-2451015.8722862	501336969.106209	110	-22281.9624753291	4557608.81005645	12100	-2451015.8722862	501336969.106209	1331000	-269611745.951482	55147066602.3385	12100	-2451015.8722862	501336969.106209	1331000	-269611745.951482	55147066602.3385	146410000	-29657292054.6631	6066177326198.41	
111	1	-206.019657544976	42851.3638718395	111	-22868.1819874924	4756501.38977418	12321	-2538368.20061165	527971654.264934	111	-22868.1819874924	4756501.38977418	12321	-2538368.20061165	527971654.264934	1367631	-281758870.267893	58604853623.9857	12321	-2538368.20061165	527971654.264934	1367631	-281758870.267893	58604853623.9857	151807041	-31275234599.7337	6505138752223.24	
112	1	-209.5798529665	44336.1472121486	112	-23472.943532248	4965648.48776064	12544	-2628969.67561177	556152630.629192	112	-23472.943532248	4965648.48776064	12544	-2628969.67561177	556152630.629192	1404928	-294444603.668519	62289094630.4695	12544	-2628969.67561177	556152630.629192	1404928	-294444603.668519	62289094630.4695	157351936	-32977795610.8741	6976378598612.59	
113	1	-213.21563280574	45883.8783306372	113	-24093.3665070486	5184878.251362	12769	-2722550.41529649	585891242.403906	113	-24093.3665070486	5184878.251362	12769	-2722550.41529649	585891242.403906	1442897	-307648196.928504	66205710391.1893	12769	-2722550.41529649	585891242.403906	1442897	-307648196.928504	66205710391.1893	163047361	-34764246252.9221	7481245274264.04	
114	1	-216.863299665472	47458.5335628038	114	-24722.4161618638	5410272.82615964	12996	-2818355.44245247	616771102.182199	114	-24722.4161618638	5410272.82615964	12996	-2818355.44245247	616771102.182199	1481544	-321292520.439582	70311905647.4118	12996	-2818355.44245247	616771102.182199	1481544	-321292520.439582	70311905647.4118	168896016	-36627347330.1124	8015557243966.69	
115	1	-220.477450019956	49047.1105210779	115	-25354.9067522949	5640417.70992396	13225	-2915814.27651391	648648036.641255	115	-25354.9067522949	5640417.70992396	13225	-2915814.27651391	648648036.641255	1520875	-335318641.7991	74594524214.2234	13225	-2915814.27651391	648648036.641255	1520875	-335318641.7991	74594524214.2234	174900625	-38561643806.9032	8578370284584.45	
116	1	-224.099661016508	50667.6238031048	116	-25995.560677915	5877444.36116015	13456	-3015485.03863814	681783545.894578	116	-25995.560677915	5877444.36116015	13456	-3015485.03863814	681783545.894578	1560896	-349796264.482024	79086891323.771	13456	-3015485.03863814	681783545.894578	1560896	-349796264.482024	79086891323.771	181063936	-40576366679.9147	9174079393376.19	
117	1	-227.672633891346	52288.9299980937	117	-26637.6981652875	6117804.80977696	13689	-3116610.68533864	715783162.743905	117	-26637.6981652875	6117804.80977696	13689	-3116610.68533864	715783162.743905	1601613	-364643450.184621	83746630040.4638	13689	-3116610.68533864	715783162.743905	1601613	-364643450.184621	83746630040.4638	187388721	-42663283671.6031	9798355714825.73	
118	1	-231.385807190309	54001.193875661	118	-27303.5252484564	6372140.877328	13924	-3221815.97931786	751912623.524704	118	-27303.5252484564	6372140.877328	13924	-3221815.97931786	751912623.524704	1643032	-380174285.559507	88725689577.8101	13924	-3221815.97931786	751912623.524704	1643032	-380174285.559507	88725689577.8101	193877776	-44860565696.0218	10469631369959.4	
119	1	-235.071447988372	55731.4220572976	119	-27973.5023106163	6632039.22481842	14161	-3328846.77496334	789212667.753391	119	-27973.5023106163	6632039.22481842	14161	-3328846.77496334	789212667.753391	1685159	-396132766.220638	93916307462.8477	14161	-3328846.77496334	789212667.753391	1685159	-396132766.220638	93916307462.8477	200533921	-47139799180.2554	11176040588040.9	
120	1	-238.843000039485	57527.6848323454	120	-28661.1600047383	6903322.17988145	14400	-3439339.20056859	828398661.585774	120	-28661.1600047383	6903322.17988145	14400	-3439339.20056859	828398661.585774	1728000	-412720704.068231	99407839390.2929	14400	-3439339.20056859	828398661.585774	1728000	-412720704.068231	99407839390.2929	207360000	-49526484488.1877	11928940726835.2	
121	1	-242.587473965117	59341.6568398351	121	-29353.0843497792	7180340.47762005	14641	-3551723.20632328	868821197.792026	121	-29353.0843497792	7180340.47762005	14641	-3551723.20632328	868821197.792026	1771561	-429758507.965117	105127364932.556	14641	-3551723.20632328	868821197.792026	1771561	-429758507.965117	105127364932.556	214358881	-52000779463.7756	12720411156880.1	
122	1	-246.37413259014	61195.9359927752	122	-30057.644175997	7465904.19111858	14884	-3667032.58947164	910840311.316466	122	-30057.644175997	7465904.19111858	14884	-3667032.58947164	910840311.316466	1815848	-447377975.91554	111122517978.294	14884	-3667032.58947164	910840311.316466	1815848	-447377975.91554	111122517978.294	221533456	-54580113061.6959	13556947193646.3	
123	1	-250.103057575869	63052.8541667875	123	-30762.6760818319	7755501.06251487	15129	-3783809.15806532	953926630.689329	123	-30762.6760818319	7755501.06251487	15129	-3783809.15806532	953926630.689329	1860867	-465408526.442034	117332975575.126	15129	-3783809.15806532	953926630.689329	1860867	-465408526.442034	117332975575.126	228886641	-57245248752.3617	14431955995695.4	
124	1	-253.855629884911	64949.5618977116	124	-31478.0981057289	8053745.67531623	15376	-3903284.16511039	998664463.739213	124	-31478.0981057289	8053745.67531623	15376	-3903284.16511039	998664463.739213	1906624	-484007236.473688	123834393503.662	15376	-3903284.16511039	998664463.739213	1906624	-484007236.473688	123834393503.662	236421376	-60016897322.7373	15355464794310.4	
125	1	-257.670801003704	66911.6228725096	125	-32208.8501254631	8363952.8590637	15625	-4026106.26568288	1045494107.38296	125	-32208.8501254631	8363952.8590637	15625	-4026106.26568288	1045494107.38296	1953125	-503263283.21036	130686763422.651	15625	-4026106.26568288	1045494107.38296	1953125	-503263283.21036	130686763422.651	244140625	-62907910401.2975	16335845427796.7	
126	1	-261.496548266519	68905.148952672	126	-32948.5650815814	8682048.76803667	15876	-4151519.20027926	1093938144.77262	126	-32948.5650815814	8682048.76803667	15876	-4151519.20027926	1093938144.77262	2000376	-523091419.235187	137836206244.001	15876	-4151519.20027926	1093938144.77262	2000376	-523091419.235187	137836206244.001	252047376	-65909518823.6336	17367361986376.9	
127	1	-265.340151970784	70938.500742892	127	-33698.1993002896	9009189.59434729	16129	-4279671.31113678	1144167078.48211	127	-33698.1993002896	9009189.59434729	16129	-4279671.31113678	1144167078.48211	2048383	-543518256.514371	145309218967.742	16129	-4279671.31113678	1144167078.48211	2048383	-543518256.514371	145309218967.742	260144641	-69026818577.318	18454270808974.8	
128	1	-269.090862722191	72949.3875255272	128	-34443.6304284405	9337521.60326748	16384	-4408784.69484038	1195202765.21824	128	-34443.6304284405	9337521.60326748	16384	-4408784.69484038	1195202765.21824	2097152	-564324440.939568	152985953947.934	16384	-4408784.69484038	1195202765.21824	2097152	-564324440.939568	152985953947.934	268435456	-72233528440.2648	19582202105335.6	
129	1	-272.9315234003	75039.841713764	129	-35208.1665186388	9680139.58107555	16641	-4541853.4809044	1248738005.95875	129	-35208.1665186388	9680139.58107555	16641	-4541853.4809044	1248738005.95875	2146689	-585899099.036667	161087202768.131	16641	-4541853.4809044	1248738005.95875	2146689	-585899099.036667	161087202768.131	276922881	-75580983775.7503	20780249157290.8	
130	1	-276.827729288033	77189.9631690502	130	-35987.6048074443	10034695.2119765	16900	-4678388.62496776	1304510377.55695	130	-35987.6048074443	10034695.2119765	16900	-4678388.62496776	1304510377.55695	2197000	-608190521.245809	169586349079.524	16900	-4678388.62496776	1304510377.55695	2197000	-608190521.245809	169586349079.524	285610000	-79064767761.9551	22046225380707.3	
131	1	-280.750879328423	79379.8118141255	131	-36778.3651920234	10398755.3476504	17161	-4817965.84015506	1362236950.54221	131	-36778.3651920234	10398755.3476504	17161	-4817965.84015506	1362236950.54221	2248091	-631153525.060313	178453040520.994	17161	-4817965.84015506	1362236950.54221	2248091	-631153525.060313	178453040520.994	294499921	-82681111782.9112	23377348308211.4	
132	1	-284.735612246179	81642.3337083008	132	-37585.1008164956	10776788.0494957	17424	-4961233.30777742	1422536022.53343	132	-37585.1008164956	10776788.0494957	17424	-4961233.30777742	1422536022.53343	2299968	-654882796.626619	187774754974.413	17424	-4961233.30777742	1422536022.53343	2299968	-654882796.626619	187774754974.413	303595776	-86444529154.7137	24786267656569.3	
133	1	-288.845003148684	84011.8938087392	133	-38416.3854187749	11173581.8765623	17689	-5109379.26069706	1486086389.58279	133	-38416.3854187749	11173581.8765623	17689	-5109379.26069706	1486086389.58279	2352637	-679547441.672709	197649489814.471	17689	-5109379.26069706	1486086389.58279	2352637	-679547441.672709	197649489814.471	312900721	-90379809742.4801	26287382145349.6	
134	1	-292.733649412093	86281.2921665702	134	-39226.3090212205	11561693.1503204	17956	-5256325.40884355	1549266882.14293	134	-39226.3090212205	11561693.1503204	17956	-5256325.40884355	1549266882.14293	2406104	-704347604.785036	207601762209.532	17956	-5256325.40884355	1549266882.14293	2406104	-704347604.785036	207601762209.532	322417936	-94382579041.1948	27818636135791.9	
135	1	-296.647024579432	88590.5705305112	135	-40047.3483182233	11959727.021619	18225	-5406392.02296014	1614563147.91857	135	-40047.3483182233	11959727.021619	18225	-5406392.02296014	1614563147.91857	2460375	-729862923.099619	217966024969.263	18225	-5406392.02296014	1614563147.91857	2460375	-729862923.099619	217966024969.263	332150625	-98531494618.44	29425413370862.2	
136	1	-300.544149394362	90925.2416345857	136	-40874.0043176332	12365832.8623037	18496	-5558864.58719811	1681753269.2733	136	-40874.0043176332	12365832.8623037	18496	-5558864.58719811	1681753269.2733	2515456	-756005583.858943	228718444621.168	18496	-5558864.58719811	1681753269.2733	2515456	-756005583.858943	228718444621.168	342102016	-102816759404.816	31105708468050.2	
137	1	-304.486617231192	93320.8051188134	137	-41714.6665606733	12784950.3012774	18769	-5714909.31881224	1751538191.27501	137	-41714.6665606733	12784950.3012774	18769	-5714909.31881224	1751538191.27501	2571353	-782942576.677278	239960732204.659	18769	-5714909.31881224	1751538191.27501	2571353	-782942576.677278	239960732204.659	352275361	-107263133004.788	32874620312003.1	
138	1	-308.505095800789	95791.3386334179	138	-42573.7032205089	13219204.7314117	19044	-5875171.04443023	1824250252.93481	138	-42573.7032205089	13219204.7314117	19044	-5875171.04443023	1824250252.93481	2628072	-810773604.131371	251746534903.902	19044	-5875171.04443023	1824250252.93481	2628072	-810773604.131371	251746534903.902	362673936	-111886757370.123	34741021816895.4	
139	1	-312.571848790713	98323.6794166489	139	-43447.4869819092	13666991.4389142	19321	-6039200.69048537	1899711810.00907	139	-43447.4869819092	13666991.4389142	19321	-6039200.69048537	1899711810.00907	2685619	-839448895.977467	264059941592.155	19321	-6039200.69048537	1899711810.00907	2685619	-839448895.977467	264059941592.155	373301041	-116683396540.864	36704331881241.7	
140	1	-316.534361527085	100820.28264099	140	-44314.8106137919	14114839.5697386	19600	-6204073.48593087	1976077539.76341	140	-44314.8106137919	14114839.5697386	19600	-6204073.48593087	1976077539.76341	2744000	-868570288.030321	276650855566.877	19600	-6204073.48593087	1976077539.76341	2744000	-868570288.030321	276650855566.877	384160000	-121599840324.245	38731119779223	
141	1	-320.599407670236	103418.448252864	141	-45204.5164815032	14582001.2036539	19881	-6373836.82389195	2056062169.7152	141	-45204.5164815032	14582001.2036539	19881	-6373836.82389195	2056062169.7152	2803221	-898710992.168765	289904765928.738	19881	-6373836.82389195	2056062169.7152	2803221	-898710992.168765	289904765928.738	395254161	-126718249895.785	40876571996178.8	
142	1	-324.683826436928	106059.863397932	142	-46105.1033540437	15060500.6025064	20164	-6546924.67627421	2138591085.55591	142	-46105.1033540437	15060500.6025064	20164	-6546924.67627421	2138591085.55591	2863288	-929663304.030937	303679934154.858	20164	-6546924.67627421	2138591085.55591	2863288	-929663304.030937	303679934154.858	406586896	-132012189172.383	43122550649141	
143	1	-328.649112602854	108659.989150329	143	-46996.8231022081	15538378.4484971	20449	-6720545.70361576	2221988118.13508	143	-46996.8231022081	15538378.4484971	20449	-6720545.70361576	2221988118.13508	2924207	-961038035.617053	317744300892.81	20449	-6720545.70361576	2221988118.13508	2924207	-961038035.617053	317744300892.81	418161601	-137428439093.242	45437435027862.8	
144	1	-332.795925353298	111413.710040649	144	-47922.6132508749	16043574.2458534	20736	-6900856.30812598	2310274691.40289	144	-47922.6132508749	16043574.2458534	20736	-6900856.30812598	2310274691.40289	2985984	-993723308.370141	332679555562.016	20736	-6900856.30812598	2310274691.40289	2985984	-993723308.370141	332679555562.016	429981696	-143096156405.3	47905856000930.3	
145	1	-337.032986265132	114259.251992752	145	-48869.7830084442	16567591.5389491	21025	-7086118.5362244	2402300773.14761	145	-48869.7830084442	16567591.5389491	21025	-7086118.5362244	2402300773.14761	3048625	-1027487187.75254	348333612107.113	21025	-7086118.5362244	2402300773.14761	3048625	-1027487187.75254	348333612107.113	442050625	-148985642224.129	50508373755582.8	
146	1	-341.159608573891	117066.441772077	146	-49809.3028517881	17091700.4987233	21316	-7272158.21636106	2495388272.8136	146	-49809.3028517881	17091700.4987233	21316	-7272158.21636106	2495388272.8136	3112136	-1061735099.58872	364326687824.093	21316	-7272158.21636106	2495388272.8136	3112136	-1061735099.58872	364326687824.093	454371856	-155013324539.942	53191696423389	
147	1	-345.445460987777	120016.780401857	147	-50780.4827652033	17642466.719073	21609	-7464730.96648488	2593442607.70373	147	-50780.4827652033	17642466.719073	21609	-7464730.96648488	2593442607.70373	3176523	-1097315452.07328	381236063334.074	21609	-7464730.96648488	2593442607.70373	3176523	-1097315452.07328	381236063334.074	466948881	-161305371454.797	56041701309723.8	
148	1	-349.521904838321	122858.453399396	148	-51729.2419160716	18183051.1031105	21904	-7655927.80357859	2691091563.26036	148	-51729.2419160716	18183051.1031105	21904	-7655927.80357859	2691091563.26036	3241792	-1133077314.92963	398281551361.562	21904	-7655927.80357859	2691091563.26036	3241792	-1133077314.92963	398281551361.562	479785216	-167695442609.585	58945669601613	
149	1	-353.675030989777	125787.890306424	149	-52697.5796174768	18742395.6556572	22201	-7851939.36300405	2792616952.69292	149	-52697.5796174768	18742395.6556572	22201	-7851939.36300405	2792616952.69292	3307949	-1169938965.0876	416099925949.764	22201	-7851939.36300405	2792616952.69292	3307949	-1169938965.0876	416099925949.764	492884401	-174320905798.039	61998888966569.2	
150	1	-357.799531209431	128726.25437709	150	-53669.9296814147	19308938.1565635	22500	-8050489.4522122	2896340723.48452	150	-53669.9296814147	19308938.1565635	22500	-8050489.4522122	2896340723.48452	3375000	-1207573417.83183	434451108523.264	22500	-8050489.4522122	2896340723.48452	3375000	-1207573417.83183	434451108523.264	506250000	-181136012674.778	65167666278453.7	
151	1	-362.115597681329	131842.308894196	151	-54679.4552498807	19908188.6430236	22801	-8256597.74273198	3006136485.09657	151	-54679.4552498807	19908188.6430236	22801	-8256597.74273198	3006136485.09657	3442951	-1246746259.15253	453926609249.073	22801	-8256597.74273198	3006136485.09657	3442951	-1246746259.15253	453926609249.073	519885601	-188258685132.075	68542917996824.1	
