# <N_i^j*N_k^m*U^p> as a function of N_tot.
# number_of_species: 1
# max_order: 2
# species_total_upper_bound: 151
# species_total_lower_bound: 97
# volume: 729
#	N_tot	N_1^0*N_1^0*U^0	N_1^0*N_1^0*U^1	N_1^0*N_1^0*U^2	N_1^0*N_1^1*U^0	N_1^0*N_1^1*U^1	N_1^0*N_1^1*U^2	N_1^0*N_1^2*U^0	N_1^0*N_1^2*U^1	N_1^0*N_1^2*U^2	N_1^1*N_1^0*U^0	N_1^1*N_1^0*U^1	N_1^1*N_1^0*U^2	N_1^1*N_1^1*U^0	N_1^1*N_1^1*U^1	N_1^1*N_1^1*U^2	N_1^1*N_1^2*U^0	N_1^1*N_1^2*U^1	N_1^1*N_1^2*U^2	N_1^2*N_1^0*U^0	N_1^2*N_1^0*U^1	N_1^2*N_1^0*U^2	N_1^2*N_1^1*U^0	N_1^2*N_1^1*U^1	N_1^2*N_1^1*U^2	N_1^2*N_1^2*U^0	N_1^2*N_1^2*U^1	N_1^2*N_1^2*U^2	
97	1	-159.099044615011	25622.9742400462	97	-15432.607327656	2485428.50128448	9409	-1496962.91078264	241086564.624594	97	-15432.607327656	2485428.50128448	9409	-1496962.91078264	241086564.624594	912673	-145205402.345916	23385396767.9828	9409	-1496962.91078264	241086564.624594	912673	-145205402.345916	23385396767.9828	88529281	-14084924027.5558	2268383486553.76	
98	1	-162.317132858663	26665.5075868912	98	-15907.0790201489	2613219.74351534	9604	-1558893.7439746	256095534.864503	98	-15907.0790201489	2613219.74351534	9604	-1558893.7439746	256095534.864503	941192	-152771586.90951	25097362416.7213	9604	-1558893.7439746	256095534.864503	941192	-152771586.90951	25097362416.7213	92236816	-14971615517.132	2459541516831.33	
99	1	-165.566512327874	27736.7381153277	99	-16391.0847204595	2745937.07341744	9801	-1622717.38732549	271847770.268327	99	-16391.0847204595	2745937.07341744	9801	-1622717.38732549	271847770.268327	970299	-160649021.345224	26912929256.5896	9801	-1622717.38732549	271847770.268327	970299	-160649021.345224	26912929256.5896	96059601	-15904253113.178	2664379996404.13	
100	1	-168.850707730766	28842.2270125798	100	-16885.0707730766	2884222.70125798	10000	-1688507.07730766	288422270.125798	100	-16885.0707730766	2884222.70125798	10000	-1688507.07730766	288422270.125798	1000000	-168850707.730766	28842227012.5798	10000	-1688507.07730766	288422270.125798	1000000	-168850707.730766	28842227012.5798	100000000	-16885070773.0766	2884222701181.18	
101	1	-172.096720347352	29956.4597384903	101	-17381.7687550825	3025602.43358752	10201	-1755558.64426333	305585845.792339	101	-17381.7687550825	3025602.43358752	10201	-1755558.64426333	305585845.792339	1030301	-177311423.070597	30864170425.0967	10201	-1755558.64426333	305585845.792339	1030301	-177311423.070597	30864170425.0967	104060401	-17908453730.1281	3117281212934.41	
102	1	-175.376674863925	31102.5856492452	102	-17888.4208361203	3172463.73622301	10404	-1824618.92528427	323591301.094747	102	-17888.4208361203	3172463.73622301	10404	-1824618.92528427	323591301.094747	1061208	-186111130.378996	33006312711.6642	10404	-1824618.92528427	323591301.094747	1061208	-186111130.378996	33006312711.6642	108243216	-18983335298.6576	3366643896595.23	
103	1	-178.733924120715	32297.8277251848	103	-18409.5941844336	3326676.25569403	10609	-1896188.20099666	342647654.336485	103	-18409.5941844336	3326676.25569403	10609	-1896188.20099666	342647654.336485	1092727	-195307384.702656	35292708397.499	10609	-1896188.20099666	342647654.336485	1092727	-195307384.702656	35292708397.499	112550881	-20116660624.372	3635148964868.34	
104	1	-182.097080140672	33518.1143144492	104	-18938.0963346299	3485883.88870272	10816	-1969562.01880151	362531924.425083	104	-18938.0963346299	3485883.88870272	10816	-1969562.01880151	362531924.425083	1124864	-204834449.955357	37703320140.2086	10816	-1969562.01880151	362531924.425083	1124864	-204834449.955357	37703320140.2086	116985856	-21302782795.3572	3921145294581.69	
105	1	-185.472560195968	34767.276753846	105	-19474.6188205767	3650564.05915383	11025	-2044834.97616055	383309226.211152	105	-19474.6188205767	3650564.05915383	11025	-2044834.97616055	383309226.211152	1157625	-214707672.496858	40247468751.4765	11025	-2044834.97616055	383309226.211152	1157625	-214707672.496858	40247468751.4765	121550625	-22544305612.1742	4225984218964.3	
106	1	-188.764641541343	36006.3194971192	106	-20009.0520033823	3816669.86669464	11236	-2120959.51235853	404567005.869632	106	-20009.0520033823	3816669.86669464	11236	-2120959.51235853	404567005.869632	1191016	-224821708.310004	42884102621.4833	11236	-2120959.51235853	404567005.869632	1191016	-224821708.310004	42884102621.4833	126247696	-23831101080.8604	4545714877965.61	
107	1	-192.181397568313	37312.2498301558	107	-20563.4095398095	3992410.73182667	11449	-2200284.82075961	427187948.305453	107	-20563.4095398095	3992410.73182667	11449	-2200284.82075961	427187948.305453	1225043	-235430475.821279	45709110468.9164	11449	-2200284.82075961	427187948.305453	1225043	-235430475.821279	45709110468.9164	131079601	-25191060912.8747	4890874820161.93	
108	1	-195.612217795485	38649.3624613643	108	-21126.1195219124	4174131.14582735	11664	-2281620.90836653	450806163.749353	108	-21126.1195219124	4174131.14582735	11664	-2281620.90836653	450806163.749353	1259712	-246415058.103586	48687065684.9302	11664	-2281620.90836653	450806163.749353	1259712	-246415058.103586	48687065684.9302	136048896	-26612826275.1873	5258203093842.56	
109	1	-198.993653692702	39990.5566363787	109	-21690.3082525046	4358970.67336527	11881	-2364243.599523	475127803.396815	109	-21690.3082525046	4358970.67336527	11881	-2364243.599523	475127803.396815	1295029	-257702552.348007	51788930569.8774	11881	-2364243.599523	475127803.396815	1295029	-257702552.348007	51788930569.8774	141158161	-28089578205.9293	5644993432166.43	
110	1	-202.443994068118	41382.4859009855	110	-22268.839347493	4552073.4491084	12100	-2449572.32822423	500728079.401924	110	-22268.839347493	4552073.4491084	12100	-2449572.32822423	500728079.401924	1331000	-269452956.104666	55080088735.6464	12100	-2449572.32822423	500728079.401924	1331000	-269452956.104666	55080088735.6464	146410000	-29639825171.5132	6058809760768.97	
111	1	-205.877688443951	42790.844715606	111	-22852.4234172786	4749783.76343227	12321	-2536618.99931792	527225997.740981	111	-22852.4234172786	4749783.76343227	12321	-2536618.99931792	527225997.740981	1367631	-281564708.924289	58522085749.5689	12321	-2536618.99931792	527225997.740981	1367631	-281564708.924289	58522085749.5689	151807041	-31253682690.5932	6495951518175.66	
112	1	-209.414247536437	44265.3621121833	112	-23454.3957240809	4957720.55656453	12544	-2626892.32109706	555264702.335227	112	-23454.3957240809	4957720.55656453	12544	-2626892.32109706	555264702.335227	1404928	-294211939.962871	62189646661.5455	12544	-2626892.32109706	555264702.335227	1404928	-294211939.962871	62189646661.5455	157351936	-32951737275.8415	6965240426093.09	
113	1	-213.040818033458	45808.193061711	113	-24073.6124377807	5176325.81597334	12769	-2720318.20546922	584924817.204987	113	-24073.6124377807	5176325.81597334	12769	-2720318.20546922	584924817.204987	1442897	-307395957.218022	66096504343.9295	12769	-2720318.20546922	584924817.204987	1442897	-307395957.218022	66096504343.9295	163047361	-34735743165.6366	7468904990885.13	
114	1	-216.688026868614	47382.1116978939	114	-24702.435063022	5401560.7335599	12996	-2816077.59718451	615777923.625829	114	-24702.435063022	5401560.7335599	12996	-2816077.59718451	615777923.625829	1481544	-321032846.079034	70198683291.3891	12996	-2816077.59718451	615777923.625829	1481544	-321032846.079034	70198683291.3891	168896016	-36597744453.0099	8002649895441.73	
115	1	-220.308449198183	48973.0772339351	115	-25335.471657791	5631903.88190254	13225	-2913579.24064596	647668946.418792	115	-25335.471657791	5631903.88190254	13225	-2913579.24064596	647668946.418792	1520875	-335061612.674286	74481928838.7886	13225	-2913579.24064596	647668946.418792	1520875	-335061612.674286	74481928838.7886	174900625	-38532085457.5493	8565421816373.84	
116	1	-223.93669804799	50595.5436111565	116	-25976.6569735668	5869083.05889415	13456	-3013292.20893375	680813634.831722	116	-25976.6569735668	5869083.05889415	13456	-3013292.20893375	680813634.831722	1560896	-349541896.236315	78974381640.4797	13456	-3013292.20893375	680813634.831722	1560896	-349541896.236315	78974381640.4797	181063936	-40546859963.4125	9161028270077.66	
117	1	-227.53547986781	52227.7527659084	117	-26621.6511445338	6110647.07361128	13689	-3114733.18391045	714945707.61252	117	-26621.6511445338	6110647.07361128	13689	-3114733.18391045	714945707.61252	1601613	-364423782.517523	83648647790.2153	13689	-3114733.18391045	714945707.61252	1601613	-364423782.517523	83648647790.2153	187388721	-42637582554.5515	9786891791547.22	
118	1	-231.210133411	53919.4760524332	118	-27282.795742498	6362498.17418712	13924	-3219369.89761477	750774784.55408	118	-27282.795742498	6362498.17418712	13924	-3219369.89761477	750774784.55408	1643032	-379885647.918543	88591424579.7413	13924	-3219369.89761477	750774784.55408	1643032	-379885647.918543	88591424579.7413	193877776	-44826506454.388	10453788100141.6	
119	1	-234.899648734227	55651.2472287155	119	-27953.058199373	6622498.42021714	14161	-3326413.92572538	788077312.00584	119	-27953.058199373	6622498.42021714	14161	-3326413.92572538	788077312.00584	1685159	-395843257.161321	93781200129.0804	14161	-3326413.92572538	788077312.00584	1685159	-395843257.161321	93781200129.0804	200533921	-47105347602.1936	11159962815272.5	
120	1	-238.697848960464	57458.8709041786	120	-28643.7418752556	6895064.50850143	14400	-3437249.02503067	827407741.020171	120	-28643.7418752556	6895064.50850143	14400	-3437249.02503067	827407741.020171	1728000	-412469883.003681	99288928922.4206	14400	-3437249.02503067	827407741.020171	1728000	-412469883.003681	99288928922.4206	207360000	-49496385960.4417	11914671470690.5	
121	1	-242.454995326668	59277.5045336666	121	-29337.0544345268	7172578.04857365	14641	-3549783.58657774	867881943.877412	121	-29337.0544345268	7172578.04857365	14641	-3549783.58657774	867881943.877412	1771561	-429523813.975907	105013715208.712	14641	-3549783.58657774	867881943.877412	1771561	-429523813.975907	105013715208.712	214358881	-51972381491.0723	12706659540317.7	
122	1	-246.219348614699	61121.6425203326	122	-30038.7605309933	7456840.38748058	14884	-3664728.78478119	909734527.27263	122	-30038.7605309933	7456840.38748058	14884	-3664728.78478119	909734527.27263	1815848	-447096911.743305	110987612324.582	14884	-3664728.78478119	909734527.27263	1815848	-447096911.743305	110987612324.582	221533456	-54545823232.6832	13540488703954.7	
123	1	-250.010497364524	63009.5408622821	123	-30751.2911758364	7750173.52606069	15129	-3782408.81462788	953271343.705465	123	-30751.2911758364	7750173.52606069	15129	-3782408.81462788	953271343.705465	1860867	-465236284.199229	117252375275.844	15129	-3782408.81462788	953271343.705465	1860867	-465236284.199229	117252375275.844	228886641	-57224062956.4986	14422042158951.6	
124	1	-253.820464998793	64935.3634275274	124	-31473.7376598503	8051985.0650134	15376	-3902743.46982144	998446148.061662	124	-31473.7376598503	8051985.0650134	15376	-3902743.46982144	998446148.061662	1906624	-483940190.257858	123807322359.646	15376	-3902743.46982144	998446148.061662	1906624	-483940190.257858	123807322359.646	236421376	-60008583591.9744	15352107972510.8	
125	1	-257.672191420418	66914.7915791456	125	-32209.0239275523	8364348.9473932	15625	-4026127.99094403	1045543618.42415	125	-32209.0239275523	8364348.9473932	15625	-4026127.99094403	1045543618.42415	1953125	-503265998.868004	130692952303.039	15625	-4026127.99094403	1045543618.42415	1953125	-503265998.868004	130692952303.039	244140625	-62908249858.4862	16336619037783	
126	1	-261.513363246494	68915.6212775158	126	-32950.6837690582	8683368.28096699	15876	-4151786.15490133	1094104403.40184	126	-32950.6837690582	8683368.28096699	15876	-4151786.15490133	1094104403.40184	2000376	-523125055.517568	137857154831.566	15876	-4151786.15490133	1094104403.40184	2000376	-523125055.517568	137857154831.566	252047376	-65913756995.2136	17370001508363.4	
127	1	-265.385273154786	70964.3015730376	127	-33703.9296906579	9012466.29977578	16129	-4280399.07071355	1144583220.07152	127	-33703.9296906579	9012466.29977578	16129	-4280399.07071355	1144583220.07152	2048383	-543610681.980621	145362068949.711	16129	-4280399.07071355	1144583220.07152	2048383	-543610681.980621	145362068949.711	260144641	-69038556611.5286	18460982756683.9	
128	1	-269.201861867024	73010.9723021958	128	-34457.838318979	9345404.45468106	16384	-4410603.30482931	1196211770.19918	128	-34457.838318979	9345404.45468106	16384	-4410603.30482931	1196211770.19918	2097152	-564557223.018152	153115106585.495	16384	-4410603.30482931	1196211770.19918	2097152	-564557223.018152	153115106585.495	268435456	-72263324546.3235	19598733642943.3	
129	1	-273.014690174931	75087.7420019672	129	-35218.8950325661	9686318.71825377	16641	-4543237.45920103	1249535114.65474	129	-35218.8950325661	9686318.71825377	16641	-4543237.45920103	1249535114.65474	2146689	-586077632.236933	161190029790.087	16641	-4543237.45920103	1249535114.65474	2146689	-586077632.236933	161190029790.087	276922881	-75604014558.5873	20793513843111.2	
130	1	-276.830582347726	77191.5578438498	130	-35987.9757052043	10034902.5197005	16900	-4678436.84167656	1304537327.56106	130	-35987.9757052043	10034902.5197005	16900	-4678436.84167656	1304537327.56106	2197000	-608196789.417953	169589852579.009	16900	-4678436.84167656	1304537327.56106	2197000	-608196789.417953	169589852579.009	285610000	-79065582624.3302	22046680835818.4	
131	1	-280.752025536685	79379.1425685604	131	-36778.5153453058	10398667.6764814	17161	-4817985.51023506	1362225465.61907	131	-36778.5153453058	10398667.6764814	17161	-4817985.51023506	1362225465.61907	2248091	-631156101.840792	178451535996.591	17161	-4817985.51023506	1362225465.61907	2248091	-631156101.840792	178451535996.591	294499921	-82681449341.1429	23377151215460.1	
132	1	-284.698372130805	81617.2340736073	132	-37580.1851212662	10773474.8977162	17424	-4960584.43600714	1422098686.49853	132	-37580.1851212662	10773474.8977162	17424	-4960584.43600714	1422098686.49853	2299968	-654797145.552943	187717026617.806	17424	-4960584.43600714	1422098686.49853	2299968	-654797145.552943	187717026617.806	303595776	-86433223212.9884	24778647513449.2	
133	1	-288.75637859868	83955.2180221097	133	-38404.5983536244	11166043.9969406	17689	-5107811.58103204	1485083851.5931	133	-38404.5983536244	11166043.9969406	17689	-5107811.58103204	1485083851.5931	2352637	-679338940.277262	197516152261.122	17689	-5107811.58103204	1485083851.5931	2352637	-679338940.277262	197516152261.122	312900721	-90352079056.8862	26269648250897	
134	1	-292.632051851647	86213.7725943376	134	-39212.6949481207	11552645.5276412	17956	-5254501.12304818	1548054500.70393	134	-39212.6949481207	11552645.5276412	17956	-5254501.12304818	1548054500.70393	2406104	-704103150.488456	207439303095.078	17956	-5254501.12304818	1548054500.70393	2406104	-704103150.488456	207439303095.078	322417936	-94349822165.4574	27796866614630.8	
135	1	-296.60287189986	88557.4485895111	135	-40041.3877064811	11955255.559584	18225	-5405587.34037495	1613959500.54384	135	-40041.3877064811	11955255.559584	18225	-5405587.34037495	1613959500.54384	2460375	-729754290.950619	217884532573.044	18225	-5405587.34037495	1613959500.54384	2460375	-729754290.950619	217884532573.044	332150625	-98516829278.347	29414411897427.3	
136	1	-300.542710287148	90914.8847659438	136	-40873.8085990521	12364424.3281684	18496	-5558837.96947109	1681561708.6309	136	-40873.8085990521	12364424.3281684	18496	-5558837.96947109	1681561708.6309	2515456	-756001963.848068	228692392373.802	18496	-5558837.96947109	1681561708.6309	2515456	-756001963.848068	228692392373.802	342102016	-102816267083.337	31102165362060.8	
137	1	-304.476891462302	93302.6403095889	137	-41713.3341303354	12782461.7224137	18769	-5714726.77585595	1751197255.97067	137	-41713.3341303354	12782461.7224137	18769	-5714726.77585595	1751197255.97067	2571353	-782917568.292265	239914024068.51	18769	-5714726.77585595	1751197255.97067	2571353	-782917568.292265	239914024068.51	352275361	-107259706856.05	32868221297274.1	
138	1	-308.451693046818	95745.6523778595	138	-42566.3336404608	13212900.0281446	19044	-5874154.04238359	1823380203.88396	138	-42566.3336404608	13212900.0281446	19044	-5874154.04238359	1823380203.88396	2628072	-810633257.848936	251626468136.227	19044	-5874154.04238359	1823380203.88396	2628072	-810633257.848936	251626468136.227	362673936	-111867389583.152	34724452602752.5	
139	1	-312.458457843905	98240.7287131297	139	-43431.7256403028	13655461.291125	19321	-6037009.86400209	1898109119.46638	139	-43431.7256403028	13655461.291125	19321	-6037009.86400209	1898109119.46638	2685619	-839144371.09629	263837167607.275	19321	-6037009.86400209	1898109119.46638	2685619	-839144371.09629	263837167607.275	373301041	-116641067582.398	36673366297279.7	
140	1	-316.433009463016	100745.3573655	140	-44300.6213248222	14104350.03117	19600	-6202086.98547511	1974609004.3638	140	-44300.6213248222	14104350.03117	19600	-6202086.98547511	1974609004.3638	2744000	-868292177.966515	276445260610.931	19600	-6202086.98547511	1974609004.3638	2744000	-868292177.966515	276445260610.931	384160000	-121560904915.312	38702336485365.4	
141	1	-320.52324791177	103358.393063335	141	-45193.7779555595	14573533.4219303	19881	-6372322.69173389	2054868212.49217	141	-45193.7779555595	14573533.4219303	19881	-6372322.69173389	2054868212.49217	2803221	-898497499.534479	289736417959.785	19881	-6372322.69173389	2054868212.49217	2803221	-898497499.534479	289736417959.785	395254161	-126688147434.368	40852834932671.6	
142	1	-324.610684347344	106003.046384655	142	-46094.7171773228	15052432.586621	20164	-6545449.83917983	2137445427.30018	142	-46094.7171773228	15052432.586621	20164	-6545449.83917983	2137445427.30018	2863288	-929453877.163537	303517250683.452	20164	-6545449.83917983	2137445427.30018	2863288	-929453877.163537	303517250683.452	406586896	-131982450557.203	43099449596066.4	
143	1	-328.658853173922	108658.1956927	143	-46998.2160038708	15538121.984056	20449	-6720744.88855352	2221951443.72001	143	-46998.2160038708	15538121.984056	20449	-6720744.88855352	2221951443.72001	2924207	-961066519.063154	317739056451.136	20449	-6720744.88855352	2221951443.72001	2924207	-961066519.063154	317739056451.136	418161601	-137432512226.016	45436685072731.2	
144	1	-332.823563906314	111422.81019529	144	-47926.5932025092	16044884.6681218	20736	-6901429.42116132	2310463392.20954	144	-47926.5932025092	16044884.6681218	20736	-6901429.42116132	2310463392.20954	2985984	-993805836.64723	332706728478.174	20736	-6901429.42116132	2310463392.20954	2985984	-993805836.64723	332706728478.174	429981696	-143108040477.201	47909768900857.1	
145	1	-337.075869543123	114279.586462463	145	-48876.0010837528	16570540.0370572	21025	-7087020.15714416	2402728305.37329	145	-48876.0010837528	16570540.0370572	21025	-7087020.15714416	2402728305.37329	3048625	-1027617922.7859	348395604279.8	21025	-7087020.15714416	2402728305.37329	3048625	-1027617922.7859	348395604279.8	442050625	-149004598803.955	50517362620593.9	
146	1	-341.14422403869	117045.087896721	146	-49807.0567096487	17088582.8329213	21316	-7271830.27960871	2494933093.60651	146	-49807.0567096487	17088582.8329213	21316	-7271830.27960871	2494933093.60651	3112136	-1061687220.82287	364260231661.46	21316	-7271830.27960871	2494933093.60651	3112136	-1061687220.82287	364260231661.46	454371856	-155006334240.125	53181993823347.2	
147	1	-345.386991041015	119965.397848484	147	-50771.8876830292	17634913.4837272	21609	-7463467.48940529	2592332282.10789	147	-50771.8876830292	17634913.4837272	21609	-7463467.48940529	2592332282.10789	3176523	-1097129720.94258	381072845470.948	21609	-7463467.48940529	2592332282.10789	3176523	-1097129720.94258	381072845470.948	466948881	-161278068978.587	56017708283896.1	
148	1	-349.436065271167	122785.842264301	148	-51716.5376601327	18172304.6551165	21904	-7654047.57369964	2689501088.95725	148	-51716.5376601327	18172304.6551165	21904	-7654047.57369964	2689501088.95725	3241792	-1132799040.90755	398046161157.894	21904	-7654047.57369964	2689501088.95725	3241792	-1132799040.90755	398046161157.894	479785216	-167654258054.317	58910831852625.7	
149	1	-353.633078104074	125743.650418286	149	-52691.328637507	18735803.9123246	22201	-7851007.96698855	2791634782.93636	149	-52691.328637507	18735803.9123246	22201	-7851007.96698855	2791634782.93636	3307949	-1169800187.08129	415953582656.709	22201	-7851007.96698855	2791634782.93636	3307949	-1169800187.08129	415953582656.709	492884401	-174300227875.156	61977083815789.7	
150	1	-357.787865421168	128701.867665986	150	-53668.1798131751	19305280.1498979	22500	-8050226.97197627	2895792022.48469	150	-53668.1798131751	19305280.1498979	22500	-8050226.97197627	2895792022.48469	3375000	-1207534045.79644	434368803375.792	22500	-8050226.97197627	2895792022.48469	3375000	-1207534045.79644	434368803375.792	506250000	-181130106869.468	65155320506070.5	
151	1	-362.030730253505	131762.772979148	151	-54666.6402682792	19896178.7198513	22801	-8254662.68051016	3004322986.69755	151	-54666.6402682792	19896178.7198513	22801	-8254662.68051016	3004322986.69755	3442951	-1246454064.75703	453652770991.362	22801	-8254662.68051016	3004322986.69755	3442951	-1246454064.75703	453652770991.362	519885601	-188214563778.422	68501568419858.3	
