# <N_i^j*N_k^m*U^p> as a function of N_tot.
# number_of_species: 1
# max_order: 2
# species_total_upper_bound: 151
# species_total_lower_bound: 97
# volume: 729
#	N_tot	N_1^0*N_1^0*U^0	N_1^0*N_1^0*U^1	N_1^0*N_1^0*U^2	N_1^0*N_1^1*U^0	N_1^0*N_1^1*U^1	N_1^0*N_1^1*U^2	N_1^0*N_1^2*U^0	N_1^0*N_1^2*U^1	N_1^0*N_1^2*U^2	N_1^1*N_1^0*U^0	N_1^1*N_1^0*U^1	N_1^1*N_1^0*U^2	N_1^1*N_1^1*U^0	N_1^1*N_1^1*U^1	N_1^1*N_1^1*U^2	N_1^1*N_1^2*U^0	N_1^1*N_1^2*U^1	N_1^1*N_1^2*U^2	N_1^2*N_1^0*U^0	N_1^2*N_1^0*U^1	N_1^2*N_1^0*U^2	N_1^2*N_1^1*U^0	N_1^2*N_1^1*U^1	N_1^2*N_1^1*U^2	N_1^2*N_1^2*U^0	N_1^2*N_1^2*U^1	N_1^2*N_1^2*U^2	
97	1	-159.137641959213	25637.870823212	97	-15436.3512700436	2486873.46985157	9409	-1497326.07319423	241226726.575602	97	-15436.3512700436	2486873.46985157	9409	-1497326.07319423	241226726.575602	912673	-145240629.09984	23398992477.2772	9409	-1497326.07319423	241226726.575602	912673	-145240629.09984	23398992477.2772	88529281	-14088341022.6867	2269702270351.06	
98	1	-162.368793338435	26684.5414074499	98	-15912.1417471666	2615085.05793009	9604	-1559389.89122233	256278335.677148	98	-15912.1417471666	2615085.05793009	9604	-1559389.89122233	256278335.677148	941192	-152820209.339788	25115276896.3605	9604	-1559389.89122233	256278335.677148	941192	-152820209.339788	25115276896.3605	92236816	-14976380515.2993	2461297135833.27	
99	1	-165.620780709388	27756.993817792	99	-16396.4572902295	2747942.38796141	9801	-1623249.27173272	272046296.40818	99	-16396.4572902295	2747942.38796141	9801	-1623249.27173272	272046296.40818	970299	-160701677.901539	26932583344.4767	9801	-1623249.27173272	272046296.40818	970299	-160701677.901539	26932583344.4767	96059601	-15909466112.2531	2666325751097.64	
100	1	-168.905675224541	28862.6610276512	100	-16890.5675224541	2886266.10276511	10000	-1689056.75224541	288626610.276511	100	-16890.5675224541	2886266.10276511	10000	-1689056.75224541	288626610.276511	1000000	-168905675.224541	28862661027.6511	10000	-1689056.75224541	288626610.276511	1000000	-168905675.224541	28862661027.6511	100000000	-16890567522.4541	2886266102691.27	
101	1	-172.155736514927	29978.5523107124	101	-17387.7293880076	3027833.78338195	10201	-1756160.66818877	305811212.121577	101	-17387.7293880076	3027833.78338195	10201	-1756160.66818877	305811212.121577	1030301	-177372227.487065	30886932424.317	10201	-1756160.66818877	305811212.121577	1030301	-177372227.487065	30886932424.317	104060401	-17914594976.191	3119580174856.99	
102	1	-175.434341213602	31124.0018695414	102	-17894.3028037874	3174648.19069322	10404	-1825218.88598631	323814115.450709	102	-17894.3028037874	3174648.19069322	10404	-1825218.88598631	323814115.450709	1061208	-186172326.370604	33029039775.9723	10404	-1825218.88598631	323814115.450709	1061208	-186172326.370604	33029039775.9723	108243216	-18989577289.8016	3368962057153.06	
103	1	-178.789054252916	32318.5623434285	103	-18415.2725880503	3328811.92137313	10609	-1896773.07656918	342867627.901433	103	-18415.2725880503	3328811.92137313	10609	-1896773.07656918	342867627.901433	1092727	-195367626.886626	35315365674.6622	10609	-1896773.07656918	342867627.901433	1092727	-195367626.886626	35315365674.6622	112550881	-20122865569.3224	3637482664417.44	
104	1	-182.142746443706	33535.7948477111	104	-18942.8456301454	3487722.66416196	10816	-1970055.94553512	362723157.072844	104	-18942.8456301454	3487722.66416196	10816	-1970055.94553512	362723157.072844	1124864	-204885818.335653	37723208335.5757	10816	-1970055.94553512	362723157.072844	1124864	-204885818.335653	37723208335.5757	116985856	-21308125106.9079	3923213666899.88	
105	1	-185.529940705906	34789.9632749417	105	-19480.6437741201	3652946.14386888	11025	-2045467.59628261	383559345.106233	105	-19480.6437741201	3652946.14386888	11025	-2045467.59628261	383559345.106233	1157625	-214774097.609674	40273731235.3956	11025	-2045467.59628261	383559345.106233	1157625	-214774097.609674	40273731235.3956	121550625	-22551280249.02	4228741779783.55	
106	1	-188.821955055235	36029.036375946	106	-20015.1272358549	3819077.85585028	11236	-2121603.48700062	404822252.72013	106	-20015.1272358549	3819077.85585028	11236	-2121603.48700062	404822252.72013	1191016	-224889969.622065	42911158787.8162	11236	-2121603.48700062	404822252.72013	1191016	-224889969.622065	42911158787.8162	126247696	-23838336779.9389	4548582831576.24	
107	1	-192.240513521598	37336.2640349799	107	-20569.734946811	3994980.25174285	11449	-2200961.63930878	427462886.936485	107	-20569.734946811	3994980.25174285	11449	-2200961.63930878	427462886.936485	1225043	-235502895.406039	45738528902.3681	11449	-2200961.63930878	427462886.936485	1225043	-235502895.406039	45738528902.3681	131079601	-25198809808.4455	4894022592549.43	
108	1	-195.661811376617	38669.9510631101	108	-21131.4756286747	4176354.7148159	11664	-2282199.36789687	451046309.200117	108	-21131.4756286747	4176354.7148159	11664	-2282199.36789687	451046309.200117	1259712	-246477531.732861	48713001393.6126	11664	-2282199.36789687	451046309.200117	1259712	-246477531.732861	48713001393.6126	136048896	-26619573427.149	5261004150391.5	
109	1	-199.047054991417	40013.0198870804	109	-21696.1289940645	4361419.16769177	11881	-2364878.06035303	475394689.278403	109	-21696.1289940645	4361419.16769177	11881	-2364878.06035303	475394689.278403	1295029	-257771708.57848	51818021131.0336	11881	-2364878.06035303	475394689.278403	1295029	-257771708.57848	51818021131.0336	141158161	-28097116235.0508	5648164303324.46	
110	1	-202.504378754789	41407.9392891985	110	-22275.4816630268	4554873.32181184	12100	-2450302.98293294	501036065.399302	110	-22275.4816630268	4554873.32181184	12100	-2450302.98293294	501036065.399302	1331000	-269533328.122624	55113967195.2176	12100	-2450302.98293294	501036065.399302	1331000	-269533328.122624	55113967195.2176	146410000	-29648666093.4886	6062536391338.86	
111	1	-205.944922122018	42819.3577611846	111	-22859.886355544	4752948.71149149	12321	-2537447.38546538	527577306.975556	111	-22859.886355544	4752948.71149149	12321	-2537447.38546538	527577306.975556	1367631	-281656659.786658	58561081074.6543	12321	-2537447.38546538	527577306.975556	1367631	-281656659.786658	58561081074.6543	151807041	-31263889236.3161	6500279999258.56	
112	1	-209.47675646168	44291.5321257831	112	-23461.3967237082	4960651.59808771	12544	-2627676.43305532	555592978.985823	112	-23461.3967237082	4960651.59808771	12544	-2627676.43305532	555592978.985823	1404928	-294299760.502195	62226413646.4122	12544	-2627676.43305532	555592978.985823	1404928	-294299760.502195	62226413646.4122	157351936	-32961573176.2459	6969358328398.16	
113	1	-213.082596511673	45825.863648082	113	-24078.333405819	5178322.59223327	12769	-2720851.67485755	585150452.922359	113	-24078.333405819	5178322.59223327	12769	-2720851.67485755	585150452.922359	1442897	-307456239.258903	66122001179.9523	12769	-2720851.67485755	585150452.922359	1442897	-307456239.258903	66122001179.9523	163047361	-34742555036.2549	7471786133362.69	
114	1	-216.710163152566	47391.3684354408	114	-24704.9585993925	5402616.00164025	12996	-2816365.28033074	615898224.186989	114	-24704.9585993925	5402616.00164025	12996	-2816365.28033074	615898224.186989	1481544	-321065641.957705	70212397555.4667	12996	-2816365.28033074	615898224.186989	1481544	-321065641.957705	70212397555.4667	168896016	-36601483183.1783	8004213321535.92	
115	1	-220.33659096106	48984.8457451837	115	-25338.7079605219	5633257.26069612	13225	-2913951.41546002	647824584.980054	115	-25338.7079605219	5633257.26069612	13225	-2913951.41546002	647824584.980054	1520875	-335104412.777902	74499827273.3696	13225	-2913951.41546002	647824584.980054	1520875	-335104412.777902	74499827273.3696	174900625	-38537007469.4658	8567480136350.52	
116	1	-223.95156291001	50601.112993901	116	-25978.3812975612	5869729.10729252	13456	-3013492.2305171	680888576.445932	116	-25978.3812975612	5869729.10729252	13456	-3013492.2305171	680888576.445932	1560896	-349565098.739984	78983074867.7281	13456	-3013492.2305171	680888576.445932	1560896	-349565098.739984	78983074867.7281	181063936	-40549551453.8381	9162036684445.29	
117	1	-227.541466574227	52228.7568254049	117	-26622.3515891845	6110764.54857237	13689	-3114815.13593459	714959452.182968	117	-26622.3515891845	6110764.54857237	13689	-3114815.13593459	714959452.182968	1601613	-364433370.904347	83650255904.8809	13689	-3114815.13593459	714959452.182968	1601613	-364433370.904347	83650255904.8809	187388721	-42638704395.812	9787079940966.08	
118	1	-231.205944326264	53916.2927787361	118	-27282.3014304991	6362122.54789086	13924	-3219311.56879889	750730460.651122	118	-27282.3014304991	6362122.54789086	13924	-3219311.56879889	750730460.651122	1643032	-379878765.118269	88586194359.1049	13924	-3219311.56879889	750730460.651122	1643032	-379878765.118269	88586194359.1049	193877776	-44825694283.9558	10453170934112.1	
119	1	-234.888550806041	55644.8789177476	119	-27951.7375459188	6621740.59121196	14161	-3326256.76796434	787987130.354223	119	-27951.7375459188	6621740.59121196	14161	-3326256.76796434	787987130.354223	1685159	-395824555.387757	93770468512.5018	14161	-3326256.76796434	787987130.354223	1685159	-395824555.387757	93770468512.5018	200533921	-47103122091.1381	11158685752910.6	
120	1	-238.665041996444	57442.0334647907	120	-28639.8050395733	6893044.01577489	14400	-3436776.6047488	827165281.892986	120	-28639.8050395733	6893044.01577489	14400	-3436776.6047488	827165281.892986	1728000	-412413192.569856	99259833827.1584	14400	-3436776.6047488	827165281.892986	1728000	-412413192.569856	99259833827.1584	207360000	-49489583108.3827	11911180059259	
121	1	-242.407147795052	59253.1805555109	121	-29331.2648832012	7169634.84721682	14641	-3549083.05086735	867525816.513235	121	-29331.2648832012	7169634.84721682	14641	-3549083.05086735	867525816.513235	1771561	-429439049.154949	104970623797.68	14641	-3549083.05086735	867525816.513235	1771561	-429439049.154949	104970623797.68	214358881	-51962124947.7391	12701445479578.2	
122	1	-246.17297596569	61097.6400395328	122	-30033.1030678141	7453912.084823	14884	-3664038.57427332	909377274.348407	122	-30033.1030678141	7453912.084823	14884	-3664038.57427332	909377274.348407	1815848	-447012706.061346	110944027467.899	14884	-3664038.57427332	909377274.348407	1815848	-447012706.061346	110944027467.899	221533456	-54535550139.4842	13535171351427.2	
123	1	-249.959289935394	62982.7498455464	123	-30744.9926620534	7746878.23100221	15129	-3781634.09743257	952866022.413272	123	-30744.9926620534	7746878.23100221	15129	-3781634.09743257	952866022.413272	1860867	-465140993.984206	117202520756.953	15129	-3781634.09743257	952866022.413272	1860867	-465140993.984206	117202520756.953	228886641	-57212342260.0533	14415910053114.3	
124	1	-253.771676578915	64909.5340041133	124	-31467.6878957855	8048782.21651005	15376	-3901993.2990774	998048994.847246	124	-31467.6878957855	8048782.21651005	15376	-3901993.2990774	998048994.847246	1906624	-483847169.085598	123758075361.058	15376	-3901993.2990774	998048994.847246	1906624	-483847169.085598	123758075361.058	236421376	-59997048966.6141	15346001344674.9	
125	1	-257.593662949487	66873.6250119426	125	-32199.2078686859	8359203.12649282	15625	-4024900.98358573	1044900390.8116	125	-32199.2078686859	8359203.12649282	15625	-4024900.98358573	1044900390.8116	1953125	-503112622.948217	130612548851.422	15625	-4024900.98358573	1044900390.8116	1953125	-503112622.948217	130612548851.422	244140625	-62889077868.5173	16326568606344.4	
126	1	-261.426180627583	68869.5391939973	126	-32939.6987590754	8677561.93844366	15876	-4150402.0436435	1093372804.2439	126	-32939.6987590754	8677561.93844366	15876	-4150402.0436435	1093372804.2439	2000376	-522950657.499081	137764973337.607	15876	-4150402.0436435	1093372804.2439	2000376	-522950657.499081	137764973337.607	252047376	-65891782844.8842	17358386640133.6	
127	1	-265.291032691096	70913.2444767511	127	-33691.9611517692	9005982.04854739	16129	-4278879.06627469	1143759720.16552	127	-33691.9611517692	9005982.04854739	16129	-4278879.06627469	1143759720.16552	2048383	-543417641.416885	145257484461.631	16129	-4278879.06627469	1143759720.16552	2048383	-543417641.416885	145257484461.631	260144641	-69014040459.9326	18447700526698.3	
128	1	-269.10192658668	72956.018309053	128	-34445.0466030951	9338370.34355879	16384	-4408965.96519617	1195311403.97552	128	-34445.0466030951	9338370.34355879	16384	-4408965.96519617	1195311403.97552	2097152	-564347643.54511	152999859708.867	16384	-4408965.96519617	1195311403.97552	2097152	-564347643.54511	152999859708.867	268435456	-72236498373.774	19583982042735	
129	1	-272.916659142949	75032.9415874863	129	-35206.2490294404	9679249.46478574	16641	-4541606.12479781	1248623180.95736	129	-35206.2490294404	9679249.46478574	16641	-4541606.12479781	1248623180.95736	2146689	-585867190.098918	161072390342.962	16641	-4541606.12479781	1248623180.95736	2146689	-585867190.098918	161072390342.962	276922881	-75576867522.7822	20778338354453.4	
130	1	-276.765430068717	77154.7496323531	130	-35979.5059089332	10030117.4522059	16900	-4677335.76816132	1303915268.78677	130	-35979.5059089332	10030117.4522059	16900	-4677335.76816132	1303915268.78677	2197000	-608053649.860971	169508984938.744	16900	-4677335.76816132	1303915268.78677	2197000	-608053649.860971	169508984938.744	285610000	-79046974481.9264	22036168042519.1	
131	1	-280.696205789196	79347.7780188721	131	-36771.2029583847	10394558.9204722	17161	-4817027.58754839	1361687218.58186	131	-36771.2029583847	10394558.9204722	17161	-4817027.58754839	1361687218.58186	2248091	-631030613.968839	178381025634.534	17161	-4817027.58754839	1361687218.58186	2248091	-631030613.968839	178381025634.534	294499921	-82665010429.9238	23367914358053.3	
132	1	-284.667305912715	81599.2868637681	132	-37576.0843804784	10771105.8660174	17424	-4960043.13822315	1421785974.3143	132	-37576.0843804784	10771105.8660174	17424	-4960043.13822315	1421785974.3143	2299968	-654725694.245455	187675748609.487	17424	-4960043.13822315	1421785974.3143	2299968	-654725694.245455	187675748609.487	303595776	-86423791640.4001	24773198816360.6	
133	1	-288.714090980719	83930.1196539378	133	-38398.9741004356	11162705.9139737	17689	-5107063.55535794	1484639886.55851	133	-38398.9741004356	11162705.9139737	17689	-5107063.55535794	1484639886.55851	2352637	-679239452.862605	197457104911.676	17689	-5107063.55535794	1484639886.55851	2352637	-679239452.862605	197457104911.676	312900721	-90338847230.7392	26261794953389.3	
134	1	-292.575633320784	86180.3388003684	134	-39205.1348649851	11548165.3992494	17956	-5253488.071908	1547454163.49942	134	-39205.1348649851	11548165.3992494	17956	-5253488.071908	1547454163.49942	2406104	-703967401.635672	207358857910.016	17956	-5253488.071908	1547454163.49942	2406104	-703967401.635672	207358857910.016	322417936	-94331631819.1841	27786086959794.5	
135	1	-296.529755411049	88513.1344788793	135	-40031.5169804915	11949273.1546487	18225	-5404254.79236636	1613151875.87758	135	-40031.5169804915	11949273.1546487	18225	-5404254.79236636	1613151875.87758	2460375	-729574396.969458	217775503243.243	18225	-5404254.79236636	1613151875.87758	2460375	-729574396.969458	217775503243.243	332150625	-98492543590.8798	29399692937889.6	
136	1	-300.461488801243	90865.641081295	136	-40862.762476969	12357727.1870561	18496	-5557335.69686779	1680650897.43963	136	-40862.762476969	12357727.1870561	18496	-5557335.69686779	1680650897.43963	2515456	-755797654.774019	228568522051.79	18496	-5557335.69686779	1680650897.43963	2515456	-755797654.774019	228568522051.79	342102016	-102788481049.267	31085318998339.7	
137	1	-304.390280561399	93250.8817666829	137	-41701.4684369116	12775370.8020356	18769	-5713101.17585689	1750225799.87887	137	-41701.4684369116	12775370.8020356	18769	-5713101.17585689	1750225799.87887	2571353	-782694861.092394	239780934583.831	18769	-5713101.17585689	1750225799.87887	2571353	-782694861.092394	239780934583.831	352275361	-107229195969.672	32849988037887.6	
138	1	-308.367006202471	95694.7327194426	138	-42554.6468559411	13205873.1152831	19044	-5872541.26611987	1822410489.90907	138	-42554.6468559411	13205873.1152831	19044	-5872541.26611987	1822410489.90907	2628072	-810410694.724542	251492647607.414	19044	-5872541.26611987	1822410489.90907	2628072	-810410694.724542	251492647607.414	362673936	-111836675871.982	34705985369819	
139	1	-312.389845733644	98198.7091280338	139	-43422.1885569765	13649620.5687967	19321	-6035684.20941973	1897297259.06274	139	-43422.1885569765	13649620.5687967	19321	-6035684.20941973	1897297259.06274	2685619	-838960105.109342	263724319011.05	19321	-6035684.20941973	1897297259.06274	2685619	-838960105.109342	263724319011.05	373301041	-116615454610.215	36657680342420.4	
140	1	-316.355576897221	100696.302699202	140	-44289.7807656109	14097482.3778883	19600	-6200569.30718553	1973647532.90437	140	-44289.7807656109	14097482.3778883	19600	-6200569.30718553	1973647532.90437	2744000	-868079703.005974	276310654606.611	19600	-6200569.30718553	1973647532.90437	2744000	-868079703.005974	276310654606.611	384160000	-121531158420.836	38683491644756.6	
141	1	-320.425305611203	103295.902231287	141	-45179.9680911797	14564722.2146114	19881	-6370375.50085633	2053625832.26021	141	-45179.9680911797	14564722.2146114	19881	-6370375.50085633	2053625832.26021	2803221	-898222945.620743	289561242347.194	19881	-6370375.50085633	2053625832.26021	2803221	-898222945.620743	289561242347.194	395254161	-126649435332.527	40828135171264	
142	1	-324.51577035229	105941.516710662	142	-46081.2393900252	15043695.372914	20164	-6543535.99338358	2136204742.95379	142	-46081.2393900252	15043695.372914	20164	-6543535.99338358	2136204742.95379	2863288	-929182111.060468	303341073506.183	20164	-6543535.99338358	2136204742.95379	2863288	-929182111.060468	303341073506.183	406586896	-131943859770.578	43074432436896.4	
143	1	-328.55489003914	108589.799147441	143	-46983.349275597	15528341.2780841	20449	-6718618.94641037	2220552802.76603	143	-46983.349275597	15528341.2780841	20449	-6718618.94641037	2220552802.76603	2924207	-960762509.336683	317539050794.678	20449	-6718618.94641037	2220552802.76603	2924207	-960762509.336683	317539050794.678	418161601	-137389038835.14	45408084263872	
144	1	-332.71977065173	111354.788653097	144	-47911.6469738492	16035089.5660459	20736	-6899277.16423428	2309052897.51062	144	-47911.6469738492	16035089.5660459	20736	-6899277.16423428	2309052897.51062	2985984	-993495911.649736	332503617241.529	20736	-6899277.16423428	2309052897.51062	2985984	-993495911.649736	332503617241.529	429981696	-143063411277.562	47880520882780.1	
145	1	-336.946688543419	114193.597205742	145	-48857.2698387958	16558071.5948326	21025	-7084304.12662539	2400920381.25073	145	-48857.2698387958	16558071.5948326	21025	-7084304.12662539	2400920381.25073	3048625	-1027224098.36068	348133455282.096	21025	-7084304.12662539	2400920381.25073	3048625	-1027224098.36068	348133455282.096	442050625	-148947494262.309	50479351015922.7	
146	1	-341.019478383262	116961.145926458	146	-49788.8438439562	17076327.3052628	21316	-7269171.20121761	2493143786.56837	146	-49788.8438439562	17076327.3052628	21316	-7269171.20121761	2493143786.56837	3112136	-1061298995.37777	363998992833.323	21316	-7269171.20121761	2493143786.56837	3112136	-1061298995.37777	363998992833.323	454371856	-154949653325.137	53143852954541.7	
147	1	-345.254014909383	119874.319546036	147	-50752.3401916794	17621524.9732673	21609	-7460594.00817687	2590364171.07029	147	-50752.3401916794	17621524.9732673	21609	-7460594.00817687	2590364171.07029	3176523	-1096707319.202	380783533148.577	21609	-7460594.00817687	2590364171.07029	3176523	-1096707319.202	380783533148.577	466948881	-161215975922.709	55975179372484.4	
148	1	-349.297058986522	122690.713467038	148	-51695.9647300053	18158225.5931216	21904	-7651002.78004079	2687417387.78199	148	-51695.9647300053	18158225.5931216	21904	-7651002.78004079	2687417387.78199	3241792	-1132348411.44604	397737773385.459	21904	-7651002.78004079	2687417387.78199	3241792	-1132348411.44604	397737773385.459	479785216	-167587564894.013	58865190462051.9	
149	1	-353.482900390095	125640.686838485	149	-52668.9521581242	18720462.3389343	22201	-7847673.87156051	2789348888.50121	149	-52668.9521581242	18720462.3389343	22201	-7847673.87156051	2789348888.50121	3307949	-1169303406.86252	415612984385.714	22201	-7847673.87156051	2789348888.50121	3307949	-1169303406.86252	415612984385.714	492884401	-174226207622.534	61926334673441	
150	1	-357.631918924955	128595.113418559	150	-53644.7878387432	19289267.0127838	22500	-8046718.17581148	2893390051.91758	150	-53644.7878387432	19289267.0127838	22500	-8046718.17581148	2893390051.91758	3375000	-1207007726.37172	434008507790.146	22500	-8046718.17581148	2893390051.91758	3375000	-1207007726.37172	434008507790.146	506250000	-181051158955.763	65101276168279.3	
151	1	-361.873272286977	131653.345098523	151	-54642.8641153336	19879655.1098769	22801	-8251072.48141537	3001827921.59142	151	-54642.8641153336	19879655.1098769	22801	-8251072.48141537	3001827921.59142	3442951	-1245911944.69372	453276016160.278	22801	-8251072.48141537	3001827921.59142	3442951	-1245911944.69372	453276016160.278	519885601	-188132703648.837	68444678440375.7	
