# lnPI (bias) matrix in single row (vectorized) notation.
# species_total_upper_bound: 151
# species_total_lower_bound: 97
# volume: 729
0
3.24287032337648
6.48654082449656
9.72840597251736
12.9750814874305
16.2197200792145
19.4640158735617
22.7079789419396
25.952484271852
29.1995578011131
32.4466990282921
35.6943474185529
38.9436320528212
42.1984199420502
45.4512990188415
48.7066274726027
51.960736432393
55.2143953861057
58.4692263084493
61.7254520544458
64.9818422931878
68.2393886214516
71.4978702121333
74.7577154599205
78.0180624595416
81.2784371401711
84.5383949852356
87.8002731029888
91.063837389801
94.3297511156151
97.5974598824547
100.865804522571
104.135107901763
107.405057551266
110.675991194427
113.948982011953
117.225386477462
120.496419612318
123.771921374068
127.048461899277
130.3257180063
133.606310448317
136.884460482175
140.162958926896
143.444854801195
146.726832590005
150.013574641648
153.302297452369
156.591740588496
159.877738250028
163.16516301305
166.451235104951
169.735050270842
173.025462331998
176.314056176027
