# lnPI (bias) matrix in single row (vectorized) notation.
# species_total_upper_bound: 151
# species_total_lower_bound: 97
# volume: 729
0
3.2419231492647
6.48181576373212
9.72150125467776
12.969714586633
16.2136360698348
19.458344819844
22.6990818310054
25.9423346453642
29.1887720287435
32.4350425460044
35.6832385825544
38.9329947252307
42.1871725885564
45.4458078069153
48.7019826250828
51.9576064239735
55.2125968568825
58.4683757969615
61.7259658316341
64.9811924833751
68.2383974017286
71.4954433358177
74.7568300306989
78.0152368023335
81.2739453579024
84.5310901788857
87.7907081982366
91.0551806472803
94.3230071876273
97.5945841687009
100.86182429395
104.131868781736
107.405138596323
110.678414020902
113.952825045858
117.229360788599
120.504474098142
123.780493155807
127.059616881361
130.336569720589
133.616793344064
136.897468477089
140.172150383246
143.452293036839
146.736852995074
150.025670194929
153.31612055747
156.60677729822
159.893567185806
163.180965088862
166.468364200672
169.74753992052
173.036436466369
176.322314626986
