# lnPI (bias) matrix in single row (vectorized) notation.
# species_total_upper_bound: 151
# species_total_lower_bound: 97
# volume: 729
0
3.24215510015663
6.48531591946694
9.72708366711599
12.9732480118022
16.21825963339
19.4627405521323
22.7065238626385
25.9507802888151
29.1981760963889
32.4461659882021
35.6935556644687
38.9429262497266
42.1977010783384
45.4523983666005
48.7080566578263
51.9634841960582
55.2174954286501
58.47290248456
61.7296331724548
64.9859112159166
68.243966534283
71.5026279302727
74.7628640076263
78.0233307613316
81.2834576782995
84.5431867797662
87.8048453208629
91.068239360188
94.3346165869103
97.6029550070273
100.871763727939
104.141973568008
107.412916664846
110.684373100824
113.958059639258
117.234691923867
120.506247997655
123.781742364738
127.058809970747
130.335601821526
133.616975968519
136.895270956727
140.174072326318
143.456476955341
146.739015748955
150.026078064675
153.314792560487
156.604078057987
159.889529055635
163.177301169347
166.46406600979
169.74749102901
173.037470842294
176.325977248456
