# lnPI (bias) matrix in single row (vectorized) notation.
# species_total_upper_bound: 151
# species_total_lower_bound: 97
# volume: 729
0
3.24143126922625
6.48211277289936
9.72249038497403
12.9692277865869
16.2129810404415
19.4575109398491
22.6986472552781
25.9415598842589
29.1886612070089
32.4338468523771
35.6813800271108
38.931478829384
42.1853836831401
45.4424884559213
48.6992085043776
51.9539986650911
55.2087537472061
58.465123085778
61.7222671585398
64.9780728859335
68.2353727314805
71.4916065761617
74.7534521641594
78.0128626057224
81.2720515969681
84.5300839302818
87.7895623546351
91.0527683340249
94.3201405543581
97.5899718650951
100.858378968739
104.129013040752
107.400381773776
110.672462644714
113.946053638257
117.221464055429
120.494545406529
123.769753426532
127.047037187666
130.323831998133
133.603787942254
136.884839815666
140.161107711201
143.442256936332
146.725293582988
150.014158499823
153.304970207364
156.596210550684
159.882445516936
163.169004190195
166.455594171897
169.737642211626
173.025807019302
176.31233741617
