# lnPI (bias) matrix in single row (vectorized) notation.
# species_total_upper_bound: 151
# species_total_lower_bound: 97
# volume: 729
0
3.24283824383831
6.48653421246346
9.72851176580392
12.9753944506505
16.2202011023552
19.4645647715893
22.7082812467743
25.9528000797358
29.1999160878557
32.4468868870766
35.6945267271348
38.9434823771219
42.1985433931692
45.451399265357
48.7064202846611
51.9607509285094
55.2146148960741
58.4691083716073
61.7251162580464
64.9812699845413
68.2384116142272
71.4970801782604
74.7568527610951
78.0175293529996
81.2778436658091
84.5379059247908
87.799607282968
91.0635239418222
94.3293596640539
97.5967493125991
100.865065668761
104.134468492703
107.404164651844
110.674953733223
113.947919404382
117.224226602006
120.495378416502
123.771204247378
127.048010272671
130.325336403773
133.605667295463
136.883673246119
140.161965539179
143.44408434008
146.725874199158
150.012445611962
153.301497429247
156.591138197686
159.877170791511
163.164761542974
166.450880943261
169.734762454375
173.025370667901
176.313579234282
