# lnPI (bias) matrix in single row (vectorized) notation.
# species_total_upper_bound: 151
# species_total_lower_bound: 97
# volume: 729
0
3.24369520600497
6.48792710104004
9.73033730321543
12.976305462874
16.2213803356304
19.4666337669764
22.7114408010165
25.9561516229318
29.2025136633671
32.4504595334774
35.6975698567034
38.9459930576537
42.1993645461708
45.4512984194537
48.7058994484159
51.9599519420868
55.213691976952
58.4671177715746
61.7218906343116
64.9780063052824
68.2339798604885
71.4902896076895
74.7503338159338
78.0082333125105
81.2688038539742
84.5287900739458
87.7883059614517
91.053041815797
94.3166795405454
97.5834667693972
100.850513098122
104.118953875595
107.387288067609
110.657393440197
113.931270438318
117.206819705558
120.478646133077
123.753531719691
127.030551380587
130.306932826169
133.585288687689
136.86165461683
140.139485791805
143.421080751222
146.702792147593
149.990556016697
153.27767791199
156.566473244622
159.852865897603
163.140983399523
166.426633963697
169.713139276383
173.004250748985
176.29470210079
