# <N_i^j*N_k^m*U^p> as a function of N_tot.
# number_of_species: 1
# max_order: 2
# species_total_upper_bound: 103
# species_total_lower_bound: 0
# volume: 729
#	N_tot	N_1^0*N_1^0*U^0	N_1^0*N_1^0*U^1	N_1^0*N_1^0*U^2	N_1^0*N_1^1*U^0	N_1^0*N_1^1*U^1	N_1^0*N_1^1*U^2	N_1^0*N_1^2*U^0	N_1^0*N_1^2*U^1	N_1^0*N_1^2*U^2	N_1^1*N_1^0*U^0	N_1^1*N_1^0*U^1	N_1^1*N_1^0*U^2	N_1^1*N_1^1*U^0	N_1^1*N_1^1*U^1	N_1^1*N_1^1*U^2	N_1^1*N_1^2*U^0	N_1^1*N_1^2*U^1	N_1^1*N_1^2*U^2	N_1^2*N_1^0*U^0	N_1^2*N_1^0*U^1	N_1^2*N_1^0*U^2	N_1^2*N_1^1*U^0	N_1^2*N_1^1*U^1	N_1^2*N_1^1*U^2	N_1^2*N_1^2*U^0	N_1^2*N_1^2*U^1	N_1^2*N_1^2*U^2	
0	1	0	0	0	0	0	0	0	0	0	0	0	0	0	0	0	0	0	0	0	0	0	0	0	0	0	0	
1	1	0	0	1	0	0	1	0	0	1	0	0	1	0	0	1	0	0	1	0	0	1	0	0	1	0	0	
2	1	-0.033893017567565	0.033893017567565	2	-0.06778603513513	0.06778603513513	4	-0.13557207027026	0.13557207027026	2	-0.06778603513513	0.06778603513513	4	-0.13557207027026	0.13557207027026	8	-0.27114414054052	0.27114414054052	4	-0.13557207027026	0.13557207027026	8	-0.27114414054052	0.27114414054052	16	-0.54228828108104	0.54228828108104	
3	1	-0.101650521444864	0.109410220588377	3	-0.304951564334593	0.32823066176513	9	-0.91485469300378	0.984691985295389	3	-0.304951564334593	0.32823066176513	9	-0.91485469300378	0.984691985295389	27	-2.74456407901134	2.95407595588617	9	-0.91485469300378	0.984691985295389	27	-2.74456407901134	2.95407595588617	81	-8.23369223703402	8.8622278676585	
4	1	-0.20265684162706	0.240802018907041	4	-0.810627366508242	0.963208075628165	16	-3.24250946603297	3.85283230251266	4	-0.810627366508242	0.963208075628165	16	-3.24250946603297	3.85283230251266	64	-12.9700378641319	15.4113292100506	16	-3.24250946603297	3.85283230251266	64	-12.9700378641319	15.4113292100506	256	-51.8801514565275	61.6453168402026	
5	1	-0.335923707289021	0.446164757751474	5	-1.6796185364451	2.23082378875737	25	-8.39809268222552	11.1541189437868	5	-1.6796185364451	2.23082378875737	25	-8.39809268222552	11.1541189437868	125	-41.9904634111276	55.7705947189342	25	-8.39809268222552	11.1541189437868	125	-41.9904634111276	55.7705947189342	625	-209.952317055638	278.852973594671	
6	1	-0.50282637233102	0.752748871938735	6	-3.01695823398612	4.51649323163241	36	-18.1017494039167	27.0989593897944	6	-3.01695823398612	4.51649323163241	36	-18.1017494039167	27.0989593897944	216	-108.6104964235	162.593756338767	36	-18.1017494039167	27.0989593897944	216	-108.6104964235	162.593756338767	1296	-651.662978541003	975.5625380326	
7	1	-0.704578288387452	1.20079840090503	7	-4.93204801871216	8.40558880633523	49	-34.5243361309851	58.8391216443466	7	-4.93204801871216	8.40558880633523	49	-34.5243361309851	58.8391216443466	343	-241.670352916896	411.873851510426	49	-34.5243361309851	58.8391216443466	343	-241.670352916896	411.873851510426	2401	-1691.69247041827	2883.11696057298	
8	1	-0.937994410677743	1.8248717204728	8	-7.50395528542195	14.5989737637824	64	-60.0316422833756	116.791790110259	8	-7.50395528542195	14.5989737637824	64	-60.0316422833756	116.791790110259	512	-480.253138267005	934.334320882075	64	-60.0316422833756	116.791790110259	512	-480.253138267005	934.334320882075	4096	-3842.02510613604	7474.6745670566	
9	1	-1.20149991601387	2.66728320124605	9	-10.8134992441248	24.0055488112144	81	-97.3214931971231	216.04993930093	9	-10.8134992441248	24.0055488112144	81	-97.3214931971231	216.04993930093	729	-875.893438774108	1944.44945370837	81	-97.3214931971231	216.04993930093	729	-875.893438774108	1944.44945370837	6561	-7883.04094896697	17500.0450833753	
10	1	-1.49499452346485	3.76151795767366	10	-14.9499452346485	37.6151795767366	100	-149.499452346485	376.151795767366	10	-14.9499452346485	37.6151795767366	100	-149.499452346485	376.151795767366	1000	-1494.99452346485	3761.51795767366	100	-149.499452346485	376.151795767366	1000	-1494.99452346485	3761.51795767366	10000	-14949.9452346485	37615.1795767366	
11	1	-1.83133166186086	5.25544540389865	11	-20.1446482804695	57.8098994428852	121	-221.591131085164	635.908893871737	11	-20.1446482804695	57.8098994428852	121	-221.591131085164	635.908893871737	1331	-2437.50244193681	6994.99783258911	121	-221.591131085164	635.908893871737	1331	-2437.50244193681	6994.99783258911	14641	-26812.5268613049	76944.9761584802	
12	1	-2.2062933249657	7.19657169534429	12	-26.4755198995884	86.3588603441315	144	-317.706238795061	1036.30632412958	12	-26.4755198995884	86.3588603441315	144	-317.706238795061	1036.30632412958	1728	-3812.47486554074	12435.6758895549	144	-317.706238795061	1036.30632412958	1728	-3812.47486554074	12435.6758895549	20736	-45749.6983864888	149228.110674659	
13	1	-2.61491048461086	9.63887000109177	13	-33.9938362999412	125.305310014193	169	-441.919871899236	1628.96903018451	13	-33.9938362999412	125.305310014193	169	-441.919871899236	1628.96903018451	2197	-5744.95833469006	21176.5973923986	169	-441.919871899236	1628.96903018451	2197	-5744.95833469006	21176.5973923986	28561	-74684.4583509708	275295.766101182	
14	1	-3.0692253993773	12.7584274524661	14	-42.9691555912823	178.617984334525	196	-601.568178277952	2500.65178068335	14	-42.9691555912823	178.617984334525	196	-601.568178277952	2500.65178068335	2744	-8421.95449589132	35009.1249295669	196	-601.568178277952	2500.65178068335	2744	-8421.95449589132	35009.1249295669	38416	-117907.362942479	490127.749013937	
15	1	-3.54093686668259	16.4082975657494	15	-53.1140530002389	246.124463486241	225	-796.710795003583	3691.86695229362	15	-53.1140530002389	246.124463486241	225	-796.710795003583	3691.86695229362	3375	-11950.6619250537	55378.0042844043	225	-796.710795003583	3691.86695229362	3375	-11950.6619250537	55378.0042844043	50625	-179259.928875806	830670.064266065	
16	1	-4.05158905509723	20.8465277484255	16	-64.8254248815557	333.544443974809	256	-1037.20679810489	5336.71110359694	16	-64.8254248815557	333.544443974809	256	-1037.20679810489	5336.71110359694	4096	-16595.3087696783	85387.377657551	256	-1037.20679810489	5336.71110359694	4096	-16595.3087696783	85387.377657551	65536	-265524.940314852	1366198.04252082	
17	1	-4.59360829153312	26.1445918223112	17	-78.091340956063	444.45806097929	289	-1327.55279625307	7555.78703664793	17	-78.091340956063	444.45806097929	289	-1327.55279625307	7555.78703664793	4913	-22568.3975363022	128448.379623015	289	-1327.55279625307	7555.78703664793	4913	-22568.3975363022	128448.379623015	83521	-383662.758117137	2183622.45359125	
18	1	-5.16814137320548	32.4049239219491	18	-93.0265447176986	583.288630595084	324	-1674.47780491857	10499.1953507115	18	-93.0265447176986	583.288630595084	324	-1674.47780491857	10499.1953507115	5832	-30140.6004885343	188985.516312807	324	-1674.47780491857	10499.1953507115	5832	-30140.6004885343	188985.516312807	104976	-542530.808793618	3401739.29363053	
19	1	-5.77276177760824	39.7417337402251	19	-109.682473774557	755.092941064276	361	-2083.96700171657	14346.7658802212	19	-109.682473774557	755.092941064276	361	-2083.96700171657	14346.7658802212	6859	-39595.3730326149	272588.551724204	361	-2083.96700171657	14346.7658802212	6859	-39595.3730326149	272588.551724204	130321	-752312.087619683	5179182.48275987	
20	1	-6.41564061164403	48.3673929148067	20	-128.312812232881	967.347858296135	400	-2566.25624465761	19346.9571659227	20	-128.312812232881	967.347858296135	400	-2566.25624465761	19346.9571659227	8000	-51325.1248931522	386939.143318454	400	-2566.25624465761	19346.9571659227	8000	-51325.1248931522	386939.143318454	160000	-1026502.49786304	7738782.86636908	
21	1	-7.08677470041819	58.2176368994351	21	-148.822268708782	1222.57037488814	441	-3125.26764288442	25673.9778726509	21	-148.822268708782	1222.57037488814	441	-3125.26764288442	25673.9778726509	9261	-65630.6205005729	539153.535325669	441	-3125.26764288442	25673.9778726509	9261	-65630.6205005729	539153.535325669	194481	-1378243.03051203	11322224.241839	
22	1	-7.80454251474225	69.8107704013696	22	-171.699935324329	1535.83694883013	484	-3777.39857713525	33788.4128742629	22	-171.699935324329	1535.83694883013	484	-3777.39857713525	33788.4128742629	10648	-83102.7686969755	743345.083233783	484	-3777.39857713525	33788.4128742629	10648	-83102.7686969755	743345.083233783	234256	-1828260.91133346	16353591.8311432	
23	1	-8.54291514768671	82.85306104587	23	-196.487048396794	1905.62040405501	529	-4519.20211312627	43829.2692932652	23	-196.487048396794	1905.62040405501	529	-4519.20211312627	43829.2692932652	12167	-103941.648601904	1008073.1937451	529	-4519.20211312627	43829.2692932652	12167	-103941.648601904	1008073.1937451	279841	-2390657.9178438	23185683.4561373	
24	1	-9.33173440762932	97.9797336641194	24	-223.961625783104	2351.51360793887	576	-5375.07901879449	56436.3265905328	24	-223.961625783104	2351.51360793887	576	-5375.07901879449	56436.3265905328	13824	-129001.896451068	1354471.83817279	576	-5375.07901879449	56436.3265905328	13824	-129001.896451068	1354471.83817279	331776	-3096045.51482563	32507324.1161469	
25	1	-10.1624001214675	115.289906811668	25	-254.060003036687	2882.24767029171	625	-6351.50007591717	72056.1917572928	25	-254.060003036687	2882.24767029171	625	-6351.50007591717	72056.1917572928	15625	-158787.501897929	1801404.79393232	625	-6351.50007591717	72056.1917572928	15625	-158787.501897929	1801404.79393232	390625	-3969687.54744823	45035119.848308	
26	1	-11.0044717379318	134.181162423712	26	-286.116265186227	3488.71022301652	676	-7439.02289484191	90706.4657984296	26	-286.116265186227	3488.71022301652	676	-7439.02289484191	90706.4657984296	17576	-193414.59526589	2358368.11075917	676	-7439.02289484191	90706.4657984296	17576	-193414.59526589	2358368.11075917	456976	-5028779.47691313	61317570.8797384	
27	1	-11.8969010093182	155.847540522779	27	-321.216327251593	4207.88359411503	729	-8672.840835793	113612.857041106	27	-321.216327251593	4207.88359411503	729	-8672.840835793	113612.857041106	19683	-234166.702566411	3067547.14010986	729	-8672.840835793	113612.857041106	19683	-234166.702566411	3067547.14010986	531441	-6322500.9692931	82823772.7829662	
28	1	-12.8118484098819	179.834963539542	28	-358.731755476692	5035.37897910719	784	-10044.4891533474	140990.611415001	28	-358.731755476692	5035.37897910719	784	-10044.4891533474	140990.611415001	21952	-281245.696293727	3947737.11962003	784	-10044.4891533474	140990.611415001	21952	-281245.696293727	3947737.11962003	614656	-7874879.49622435	110536639.349361	
29	1	-13.754246638735	206.102418428012	29	-398.873152523315	5976.97013441236	841	-11567.3214231761	173332.133897958	29	-398.873152523315	5976.97013441236	841	-11567.3214231761	173332.133897958	24389	-335452.321272108	5026631.88304079	841	-11567.3214231761	173332.133897958	24389	-335452.321272108	5026631.88304079	707281	-9728117.31689113	145772324.608183	
30	1	-14.7622363533096	236.298598105735	30	-442.867090599288	7088.95794317205	900	-13286.0127179786	212668.738295161	30	-442.867090599288	7088.95794317205	900	-13286.0127179786	212668.738295161	27000	-398580.381539359	6380062.14885484	900	-13286.0127179786	212668.738295161	27000	-398580.381539359	6380062.14885484	810000	-11957411.4461808	191401864.465645	
31	1	-15.7880974491787	269.149701888265	31	-489.431020924541	8343.64075853622	961	-15172.3616486608	258652.863514623	31	-489.431020924541	8343.64075853622	961	-15172.3616486608	258652.863514623	29791	-470343.211108483	8018238.76895331	961	-15172.3616486608	258652.863514623	29791	-470343.211108483	8018238.76895331	923521	-14580639.544363	248565401.837553	
32	1	-16.8122988229642	303.809525822724	32	-537.993562334855	9721.90482632717	1024	-17215.7939947153	311100.954442469	32	-537.993562334855	9721.90482632717	1024	-17215.7939947153	311100.954442469	32768	-550905.407830891	9955230.54215902	1024	-17215.7939947153	311100.954442469	32768	-550905.407830891	9955230.54215902	1048576	-17628973.0505885	318567377.349089	
33	1	-17.9145716584018	343.67864445046	33	-591.18086472726	11341.3952668652	1089	-19508.9685359996	374266.043806551	33	-591.18086472726	11341.3952668652	1089	-19508.9685359996	374266.043806551	35937	-643795.961687986	12350779.4456162	1089	-19508.9685359996	374266.043806551	35937	-643795.961687986	12350779.4456162	1185921	-21245266.7357035	407575721.705334	
34	1	-19.0445021245506	387.118101939974	34	-647.51307223472	13162.0154659591	1156	-22015.4444559805	447508.52584261	34	-647.51307223472	13162.0154659591	1156	-22015.4444559805	447508.52584261	39304	-748525.111503336	15215289.8786487	1156	-22015.4444559805	447508.52584261	39304	-748525.111503336	15215289.8786487	1336336	-25449853.7911134	517319855.874057	
35	1	-20.2197136819617	435.149473264598	35	-707.689978868661	15230.2315642609	1225	-24769.1492604031	533058.104749133	35	-707.689978868661	15230.2315642609	1225	-24769.1492604031	533058.104749133	42875	-866920.224114109	18657033.6662197	1225	-24769.1492604031	533058.104749133	42875	-866920.224114109	18657033.6662197	1500625	-30342207.8439938	652996178.317688	
36	1	-21.4191157620418	486.694258062402	36	-771.088167433505	17520.9932902465	1296	-27759.1740276062	630755.758448873	36	-771.088167433505	17520.9932902465	1296	-27759.1740276062	630755.758448873	46656	-999330.264993822	22707207.3041594	1296	-27759.1740276062	630755.758448873	46656	-999330.264993822	22707207.3041594	1679616	-35975889.5397776	817459462.949739	
37	1	-22.658660804922	543.156501248644	37	-838.370449782115	20096.7905461998	1369	-31019.7066419382	743581.250209394	37	-838.370449782115	20096.7905461998	1369	-31019.7066419382	743581.250209394	50653	-1147729.14575171	27512506.2577476	1369	-31019.7066419382	743581.250209394	50653	-1147729.14575171	27512506.2577476	1874161	-42465978.3928134	1017962731.53666	
38	1	-23.9210007537543	603.757841943526	38	-908.998028642662	22942.797993854	1444	-34541.9250884212	871826.323766452	38	-908.998028642662	22942.797993854	1444	-34541.9250884212	871826.323766452	54872	-1312593.15336	33129400.3031252	1444	-34541.9250884212	871826.323766452	54872	-1312593.15336	33129400.3031252	2085136	-49878539.8276802	1258917211.51876	
39	1	-25.2024560161956	668.786553591696	39	-982.895784631627	26082.6755900762	1521	-38332.9356006334	1017224.34801297	39	-982.895784631627	26082.6755900762	1521	-38332.9356006334	1017224.34801297	59319	-1494984.4884247	39671749.5725058	1521	-38332.9356006334	1017224.34801297	59319	-1494984.4884247	39671749.5725058	2313441	-58304395.0485635	1547198233.32773	
40	1	-26.5275630509269	739.320448431014	40	-1061.10252203708	29572.8179372406	1600	-42444.100881483	1182912.71748962	40	-1061.10252203708	29572.8179372406	1600	-42444.100881483	1182912.71748962	64000	-1697764.03525932	47316508.6995849	1600	-42444.100881483	1182912.71748962	64000	-1697764.03525932	47316508.6995849	2560000	-67910561.4103729	1892660347.9834	
41	1	-27.889593930915	815.214431637915	41	-1143.47335116751	33423.7916971545	1681	-46882.4073978681	1370375.45958334	41	-1143.47335116751	33423.7916971545	1681	-46882.4073978681	1370375.45958334	68921	-1922178.70331259	56185393.8429168	1681	-46882.4073978681	1370375.45958334	68921	-1922178.70331259	56185393.8429168	2825761	-78809326.8358163	2303601147.55959	
42	1	-29.2823160844445	896.873880291557	42	-1229.85727554667	37668.7029722454	1764	-51654.0055729601	1582085.52483431	42	-1229.85727554667	37668.7029722454	1764	-51654.0055729601	1582085.52483431	74088	-2169468.23406433	66447592.0430409	1764	-51654.0055729601	1582085.52483431	74088	-2169468.23406433	66447592.0430409	3111696	-91117665.8307017	2790798865.80772	
43	1	-30.7380197606512	986.950952787874	43	-1321.734849708	42438.8909698786	1849	-56834.598537444	1824872.31170478	43	-1321.734849708	42438.8909698786	1849	-56834.598537444	1824872.31170478	79507	-2443887.73711009	78469509.4033055	1849	-56834.598537444	1824872.31170478	79507	-2443887.73711009	78469509.4033055	3418801	-105087172.695734	3374188904.34214	
44	1	-32.2198474034936	1082.89858246915	44	-1417.67328575372	47647.5376286424	1936	-62377.6245731635	2096491.65566027	44	-1417.67328575372	47647.5376286424	1936	-62377.6245731635	2096491.65566027	85184	-2744615.48121919	92245632.8490517	1936	-62377.6245731635	2096491.65566027	85184	-2744615.48121919	92245632.8490517	3748096	-120763081.173645	4058807845.35827	
45	1	-33.7636817298598	1187.81179187229	45	-1519.36567784369	53451.5306342529	2025	-68371.4555029661	2405318.87854138	45	-1519.36567784369	53451.5306342529	2025	-68371.4555029661	2405318.87854138	91125	-3076715.49763347	108239349.534362	2025	-68371.4555029661	2405318.87854138	91125	-3076715.49763347	108239349.534362	4100625	-138452197.393506	4870770729.0463	
46	1	-35.2967644723902	1296.08347716528	46	-1623.65116572995	59619.8399496029	2116	-74687.9536235776	2742512.63768173	46	-1623.65116572995	59619.8399496029	2116	-74687.9536235776	2742512.63768173	97336	-3435645.86668457	126155581.33336	2116	-74687.9536235776	2742512.63768173	97336	-3435645.86668457	126155581.33336	4477456	-158039709.86749	5803156741.33454	
47	1	-36.9018357141308	1414.94473540525	47	-1734.38627856415	66502.402564047	2209	-81516.155092515	3125612.92051021	47	-1734.38627856415	66502.402564047	2209	-81516.155092515	3125612.92051021	103823	-3831259.28934821	146903807.26398	2209	-81516.155092515	3125612.92051021	103823	-3831259.28934821	146903807.26398	4879681	-180069186.599366	6904478941.40705	
48	1	-38.5256418324922	1540.15784929572	48	-1849.23080795963	73927.5767661948	2304	-88763.0787820621	3548523.68477735	48	-1849.23080795963	73927.5767661948	2304	-88763.0787820621	3548523.68477735	110592	-4260627.78153898	170329136.869313	2304	-88763.0787820621	3548523.68477735	110592	-4260627.78153898	170329136.869313	5308416	-204510133.513871	8175798569.72701	
49	1	-40.1778739218241	1673.09728876414	49	-1968.71582216938	81981.7671494427	2401	-96467.0752862997	4017106.59032269	49	-1968.71582216938	81981.7671494427	2401	-96467.0752862997	4017106.59032269	117649	-4726886.68902869	196838222.925812	2401	-96467.0752862997	4017106.59032269	117649	-4726886.68902869	196838222.925812	5764801	-231617447.762406	9645072923.36479	
50	1	-41.8533972652646	1813.40188583528	50	-2092.66986326323	90670.0942917639	2500	-104633.493163162	4533504.71458819	50	-2092.66986326323	90670.0942917639	2500	-104633.493163162	4533504.71458819	125000	-5231674.65815808	226675235.72941	2500	-104633.493163162	4533504.71458819	125000	-5231674.65815808	226675235.72941	6250000	-261583732.907904	11333761786.4705	
51	1	-43.5236952269171	1958.70335093897	51	-2219.70845657277	99893.8708978873	2601	-113205.131285211	5094587.41579225	51	-2219.70845657277	99893.8708978873	2601	-113205.131285211	5094587.41579225	132651	-5773461.69554577	259823958.205405	2601	-113205.131285211	5094587.41579225	132651	-5773461.69554577	259823958.205405	6765201	-294446546.472835	13251021868.4757	
52	1	-45.3265295746445	2122.38614035637	52	-2356.97953788151	110364.079298531	2704	-122562.935969839	5738932.12352361	52	-2356.97953788151	110364.079298531	2704	-122562.935969839	5738932.12352361	140608	-6373272.67043161	298424470.423228	2704	-122562.935969839	5738932.12352361	140608	-6373272.67043161	298424470.423228	7311616	-331410178.862444	15518072462.0079	
53	1	-47.1586124016699	2295.17864562674	53	-2499.4064572885	121644.468218217	2809	-132468.542236291	6447156.81556551	53	-2499.4064572885	121644.468218217	2809	-132468.542236291	6447156.81556551	148877	-7020832.73852341	341699311.224972	2809	-132468.542236291	6447156.81556551	148877	-7020832.73852341	341699311.224972	7890481	-372104135.141741	18110063494.9125	
54	1	-49.0064086579713	2476.3948334122	54	-2646.34606753045	133725.321004259	2916	-142902.687646644	7221167.33422997	54	-2646.34606753045	133725.321004259	2916	-142902.687646644	7221167.33422997	157464	-7716745.13291879	389943036.048418	2916	-142902.687646644	7221167.33422997	157464	-7716745.13291879	389943036.048418	8503056	-416704237.177614	21056923946.6146	
55	1	-50.8580109780361	2664.76032139852	55	-2797.19060379198	146561.817676919	3025	-153845.483208559	8060899.97223052	55	-2797.19060379198	146561.817676919	3025	-153845.483208559	8060899.97223052	166375	-8461501.57647075	443349498.472679	3025	-153845.483208559	8060899.97223052	166375	-8461501.57647075	443349498.472679	9150625	-465382586.705891	24384222415.8626	
56	1	-52.8036782566997	2870.27480405953	56	-2957.00598237518	160735.389027333	3136	-165592.33501301	9001181.78553067	56	-2957.00598237518	160735.389027333	3136	-165592.33501301	9001181.78553067	175616	-9273170.76072858	504066179.989718	3136	-165592.33501301	9001181.78553067	175616	-9273170.76072858	504066179.989718	9834496	-519297562.6008	28227706079.4242	
57	1	-54.7576750234895	3083.79067796776	57	-3121.1874763389	175776.068644163	3249	-177907.686151317	10019235.9127173	57	-3121.1874763389	175776.068644163	3249	-177907.686151317	10019235.9127173	185193	-10140738.1106251	571096447.024884	3249	-177907.686151317	10019235.9127173	185193	-10140738.1106251	571096447.024884	10556001	-578022072.30563	32552497480.1909	
58	1	-56.7576010616298	3311.34316752228	58	-3291.94086157453	192057.903716292	3364	-190932.569971323	11139358.415545	58	-3291.94086157453	192057.903716292	3364	-190932.569971323	11139358.415545	195112	-11074089.0583367	646082788.101608	3364	-190932.569971323	11139358.415545	195112	-11074089.0583367	646082788.101608	11316496	-642297165.383529	37472801709.8932	
59	1	-58.7182769688613	3541.05808423119	59	-3464.37834116281	208922.42696964	3481	-204398.322128606	12326423.1912088	59	-3464.37834116281	208922.42696964	3481	-204398.322128606	12326423.1912088	205379	-12059501.0055878	727258968.281318	3481	-204398.322128606	12326423.1912088	205379	-12059501.0055878	727258968.281318	12117361	-711510559.329678	42908279128.3018	
60	1	-60.7121432271106	3782.98457969035	60	-3642.72859362663	226979.074781421	3600	-218563.715617598	13618744.4868853	60	-3642.72859362663	226979.074781421	3600	-218563.715617598	13618744.4868853	216000	-13113822.9370559	817124669.213116	3600	-218563.715617598	13618744.4868853	216000	-13113822.9370559	817124669.213116	12960000	-786829376.223353	49027480152.787	
61	1	-62.7744027859016	4041.74663286295	61	-3829.23856994	246546.54460464	3721	-233583.55276634	15039339.220883	61	-3829.23856994	246546.54460464	3721	-233583.55276634	15039339.220883	226981	-14248596.7187467	917399692.473865	3721	-233583.55276634	15039339.220883	226981	-14248596.7187467	917399692.473865	13845841	-869164399.843551	55961381240.561	
62	1	-64.9349603143724	4322.79775309314	62	-4025.96753949109	268013.460691775	3844	-249609.987448448	16616834.56289	62	-4025.96753949109	268013.460691775	3844	-249609.987448448	16616834.56289	238328	-15475819.2218038	1030243742.89918	3844	-249609.987448448	16616834.56289	238328	-15475819.2218038	1030243742.89918	14776336	-959500791.751832	63875112059.7493	
63	1	-67.0871588179529	4611.19207587187	63	-4226.49100553103	290505.100779928	3969	-266268.933348455	18301821.3491355	63	-4226.49100553103	290505.100779928	3969	-266268.933348455	18301821.3491355	250047	-16774942.8009527	1153014744.99553	3969	-266268.933348455	18301821.3491355	250047	-16774942.8009527	1153014744.99553	15752961	-1056821396.46002	72639928934.3095	
64	1	-69.2529569465483	4910.884676179	64	-4432.18924457909	314296.619275456	4096	-283660.111653062	20114983.6336292	64	-4432.18924457909	314296.619275456	4096	-283660.111653062	20114983.6336292	262144	-18154247.145796	1287358952.55227	4096	-283660.111653062	20114983.6336292	262144	-18154247.145796	1287358952.55227	16777216	-1161871817.33094	82390972963.3452	
65	1	-71.4372474062157	5223.23376273463	65	-4643.42108140402	339510.194577751	4225	-301822.370291261	22068162.6475538	65	-4643.42108140402	339510.194577751	4225	-301822.370291261	22068162.6475538	274625	-19618454.068932	1434430572.091	4225	-301822.370291261	22068162.6475538	274625	-19618454.068932	1434430572.091	17850625	-1275199514.48058	93237987185.3161	
66	1	-73.7070084335468	5557.56764016867	66	-4864.66255661409	366799.464251132	4356	-321067.72873653	24208764.6405747	66	-4864.66255661409	366799.464251132	4356	-321067.72873653	24208764.6405747	287496	-21190470.096611	1597778466.27793	4356	-321067.72873653	24208764.6405747	287496	-21190470.096611	1597778466.27793	18974736	-1398571026.37632	105453378774.344	
67	1	-75.9598871967974	5899.45618804184	67	-5089.31244218543	395263.564598804	4489	-340983.933626423	26482658.8281198	67	-5089.31244218543	395263.564598804	4489	-340983.933626423	26482658.8281198	300763	-22845923.5529704	1774338141.48403	4489	-340983.933626423	26482658.8281198	300763	-22845923.5529704	1774338141.48403	20151121	-1530676878.04902	118880655478.691	
68	1	-78.3411597968584	6271.43278611078	68	-5327.19886618637	426457.429455533	4624	-362249.522900673	28999105.2029763	68	-5327.19886618637	426457.429455533	4624	-362249.522900673	28999105.2029763	314432	-24632967.5572458	1971939153.80239	4624	-362249.522900673	28999105.2029763	314432	-24632967.5572458	1971939153.80239	21381376	-1675041793.89271	134091862458.562	
69	1	-80.7312849724763	6658.84180244168	69	-5570.45866310087	459460.084368476	4761	-384361.64775396	31702745.8214248	69	-5570.45866310087	459460.084368476	4761	-384361.64775396	31702745.8214248	328509	-26520953.6950232	2187489461.67831	4761	-384361.64775396	31702745.8214248	328509	-26520953.6950232	2187489461.67831	22667121	-1829945804.9566	150936772855.059	
70	1	-83.2336382111829	7076.75498717318	70	-5826.35467478281	495372.849102123	4900	-407844.827234796	34676099.4371486	70	-5826.35467478281	495372.849102123	4900	-407844.827234796	34676099.4371486	343000	-28549137.9064358	2427326960.6004	4900	-407844.827234796	34676099.4371486	343000	-28549137.9064358	2427326960.6004	24010000	-1998439653.4505	169912887242.028	
71	1	-85.6262845194686	7486.00138872271	71	-6079.46620088227	531506.098599312	5041	-431642.100262641	37736933.0005512	71	-6079.46620088227	531506.098599312	5041	-431642.100262641	37736933.0005512	357911	-30646589.1186475	2679322243.03913	5041	-431642.100262641	37736933.0005512	357911	-30646589.1186475	2679322243.03913	25411681	-2175907827.42397	190231879255.299	
72	1	-88.0255633599011	7907.37053672692	72	-6337.84056191288	569330.678644338	5184	-456324.520457727	40991808.8623924	72	-6337.84056191288	569330.678644338	5184	-456324.520457727	40991808.8623924	373248	-32855365.4729564	2951410238.09225	5184	-456324.520457727	40991808.8623924	373248	-32855365.4729564	2951410238.09225	26873856	-2365586314.05286	212501537142.642	
73	1	-90.4445742301569	8344.4336162358	73	-6602.45391880146	609143.653985213	5329	-481979.136072506	44467486.7409206	73	-6602.45391880146	609143.653985213	5329	-481979.136072506	44467486.7409206	389017	-35184476.933293	3246126532.0872	5329	-481979.136072506	44467486.7409206	389017	-35184476.933293	3246126532.0872	28398241	-2568466816.13039	236967236842.083	
74	1	-92.9997413610678	8820.36502182756	74	-6881.98086071902	652707.011615239	5476	-509266.583693207	48300318.8595277	74	-6881.98086071902	652707.011615239	5476	-509266.583693207	48300318.8595277	405224	-37685727.1932973	3574223595.60505	5476	-509266.583693207	48300318.8595277	405224	-37685727.1932973	3574223595.60505	29986576	-2788743812.304	264492546074.774	
75	1	-95.548754221028	9305.53954684337	75	-7166.1565665771	697915.466013253	5625	-537461.742493283	52343659.9509939	75	-7166.1565665771	697915.466013253	5625	-537461.742493283	52343659.9509939	421875	-40309630.6869962	3925774496.32455	5625	-537461.742493283	52343659.9509939	421875	-40309630.6869962	3925774496.32455	31640625	-3023222301.52471	294433087224.135	
76	1	-98.0580325854995	9795.00869760373	76	-7452.41047649796	744420.661017883	5776	-566383.196213845	56575970.2373591	76	-7452.41047649796	744420.661017883	5776	-566383.196213845	56575970.2373591	438976	-43045122.9122522	4299773738.0393	5776	-566383.196213845	56575970.2373591	438976	-43045122.9122522	4299773738.0393	33362176	-3271429341.33117	326782804090.986	
77	1	-100.711488330154	10328.3762383434	77	-7754.78460142187	795284.970352443	5929	-597118.414309484	61236942.7171381	77	-7754.78460142187	795284.970352443	5929	-597118.414309484	61236942.7171381	456533	-45978117.9018303	4715244589.21963	5929	-597118.414309484	61236942.7171381	456533	-45978117.9018303	4715244589.21963	35153041	-3540315078.44093	363073833369.569	
78	1	-103.394864719409	10883.4335750281	78	-8064.7994481139	848907.818852194	6084	-629054.356952884	66214809.8704712	78	-8064.7994481139	848907.818852194	6084	-629054.356952884	66214809.8704712	474552	-49066239.842325	5164755169.89675	6084	-629054.356952884	66214809.8704712	474552	-49066239.842325	5164755169.89675	37015056	-3827166707.70135	402850903249.507	
79	1	-106.101989713446	11457.107752143	79	-8382.05718736223	905111.5124193	6241	-662182.517801616	71503809.4811247	79	-8382.05718736223	905111.5124193	6241	-662182.517801616	71503809.4811247	493039	-52312418.9063277	5648800949.00885	6241	-662182.517801616	71503809.4811247	493039	-52312418.9063277	5648800949.00885	38950081	-4132681093.59989	446255274971.247	
80	1	-108.843698378172	12053.3885319972	80	-8707.49587025372	964271.082559779	6400	-696599.669620298	77141686.6047823	80	-8707.49587025372	964271.082559779	6400	-696599.669620298	77141686.6047823	512000	-55727973.5696238	6171334928.38258	6400	-696599.669620298	77141686.6047823	512000	-55727973.5696238	6171334928.38258	40960000	-4458237885.56991	493706794270.607	
81	1	-111.585142910623	12665.9304993634	81	-9038.39657576047	1025940.37044843	6561	-732110.122636598	83101170.0063232	81	-9038.39657576047	1025940.37044843	6561	-732110.122636598	83101170.0063232	531441	-59300919.9335644	6731194770.51218	6561	-732110.122636598	83101170.0063232	531441	-59300919.9335644	6731194770.51218	43046721	-4803374514.61872	545226776410.92	
82	1	-114.343399651312	13294.5882105394	82	-9376.15877140757	1090156.23326423	6724	-768845.019255421	89392811.1276668	82	-9376.15877140757	1090156.23326423	6724	-768845.019255421	89392811.1276668	551368	-63045291.5789445	7330210512.46868	6724	-768845.019255421	89392811.1276668	551368	-63045291.5789445	7330210512.46868	45212176	-5169713909.47345	601077262018.163	
83	1	-117.062135974967	13930.3915670116	83	-9716.1572859223	1156222.50006196	6889	-806441.054731551	95966467.5051428	83	-9716.1572859223	1156222.50006196	6889	-806441.054731551	95966467.5051428	571787	-66934607.5427187	7965216802.92685	6889	-806441.054731551	95966467.5051428	571787	-66934607.5427187	7965216802.92685	47458321	-5555572426.04565	661112994642.815	
84	1	-119.789247656375	14581.7677437507	84	-10062.2968031355	1224868.49047506	7056	-845232.931463383	102888953.199905	84	-10062.2968031355	1224868.49047506	7056	-845232.931463383	102888953.199905	592704	-70999566.2429242	8642672068.79199	7056	-845232.931463383	102888953.199905	592704	-70999566.2429242	8642672068.79199	49787136	-5963963564.40563	725984453778.527	
85	1	-122.692345327233	15293.3343483723	85	-10428.8493528148	1299933.41961165	7225	-886452.194989256	110494340.66699	85	-10428.8493528148	1299933.41961165	7225	-886452.194989256	110494340.66699	614125	-75348436.5740868	9392018956.69417	7225	-886452.194989256	110494340.66699	614125	-75348436.5740868	9392018956.69417	52200625	-6404617108.79737	798321611319.321	
86	1	-125.572552081499	16015.410235487	86	-10799.2394790089	1377325.28025189	7396	-928734.595194765	118449974.101662	86	-10799.2394790089	1377325.28025189	7396	-928734.595194765	118449974.101662	636056	-79871175.1867498	10186697772.7429	7396	-928734.595194765	118449974.101662	636056	-79871175.1867498	10186697772.7429	54700816	-6868921066.06048	876056008450.472	
87	1	-128.465736705811	16754.0817366745	87	-11176.5190934055	1457605.11109068	7569	-972357.16112628	126811644.664889	87	-11176.5190934055	1457605.11109068	7569	-972357.16112628	126811644.664889	658503	-84595073.0179864	11032613085.8454	7569	-972357.16112628	126811644.664889	658503	-84595073.0179864	11032613085.8454	57289761	-7359771352.56481	959837338469.172	
88	1	-131.429309205411	17528.2277658995	88	-11565.7792100762	1542484.04339916	7744	-1017788.57048671	135738595.819126	88	-11565.7792100762	1542484.04339916	7744	-1017788.57048671	135738595.819126	681472	-89565394.20283	11944996432.0831	7744	-1017788.57048671	135738595.819126	681472	-89565394.20283	11944996432.0831	59969536	-7881754689.84904	1051159686023.31	
89	1	-134.373064516129	18314.7254586086	89	-11959.2027419355	1630010.56581617	7921	-1064369.04403226	145070940.357639	89	-11959.2027419355	1630010.56581617	7921	-1064369.04403226	145070940.357639	704969	-94728844.918871	12911313691.8299	7921	-1064369.04403226	145070940.357639	704969	-94728844.918871	12911313691.8299	62742241	-8430867197.77952	1149106918573.85	
90	1	-137.22702072178	19097.7743179145	90	-12350.4318649602	1718799.68861231	8100	-1111538.86784642	154691971.975108	90	-12350.4318649602	1718799.68861231	8100	-1111538.86784642	154691971.975108	729000	-100038498.106178	13922277477.7597	8100	-1111538.86784642	154691971.975108	729000	-100038498.106178	13922277477.7597	65610000	-9003464829.55601	1253004972990.68	
91	1	-140.182191679799	19925.4483286627	91	-12756.5794428617	1813215.79790831	8281	-1160848.72930041	165002637.609656	91	-12756.5794428617	1813215.79790831	8281	-1160848.72930041	165002637.609656	753571	-105637234.366338	15015240022.4787	8281	-1160848.72930041	165002637.609656	753571	-105637234.366338	15015240022.4787	68574961	-9612988327.33673	1366386842046.51	
92	1	-143.25946130703	20804.510184495	92	-13179.8704402467	1914014.93697354	8464	-1212548.0805027	176089374.201566	92	-13179.8704402467	1914014.93697354	8464	-1212548.0805027	176089374.201566	778688	-111554423.406248	16200222426.544	8464	-1212548.0805027	176089374.201566	778688	-111554423.406248	16200222426.544	71639296	-10263006953.3748	1490420463242.05	
93	1	-146.434515598833	21733.2637191627	93	-13618.4099506914	2021193.52588213	8649	-1266512.1254143	187970997.907038	93	-13618.4099506914	2021193.52588213	8649	-1266512.1254143	187970997.907038	804357	-117785627.66353	17481302805.3546	8649	-1266512.1254143	187970997.907038	804357	-117785627.66353	17481302805.3546	74805201	-10954063372.7083	1625761160898.46	
94	1	-149.49313283013	22644.1395105439	94	-14052.3544860322	2128549.11399113	8836	-1320921.32168703	200083616.715166	94	-14052.3544860322	2128549.11399113	8836	-1320921.32168703	200083616.715166	830584	-124166604.238581	18807859971.2256	8836	-1320921.32168703	200083616.715166	830584	-124166604.238581	18807859971.2256	78074896	-11671660798.4266	1767938837283.58	
95	1	-152.542211309734	23570.3934913681	95	-14491.5100744247	2239187.38167997	9025	-1376693.45707035	212722801.259597	95	-14491.5100744247	2239187.38167997	9025	-1376693.45707035	212722801.259597	857375	-130785878.421683	20208666119.726	9025	-1376693.45707035	212722801.259597	857375	-130785878.421683	20208666119.726	81450625	-12424658450.0599	1919823281368.77	
96	1	-155.592172920564	24518.4042226066	96	-14936.8486003742	2353766.80537023	9216	-1433937.46563592	225961613.315542	96	-14936.8486003742	2353766.80537023	9216	-1433937.46563592	225961613.315542	884736	-137657996.701048	21692314878.2921	9216	-1433937.46563592	225961613.315542	884736	-137657996.701048	21692314878.2921	84934656	-13215167683.3006	2082462228316.04	
97	1	-158.79739073916	25533.2825981409	97	-15403.3469016985	2476728.41201967	9409	-1494124.64946476	240242655.965908	97	-15403.3469016985	2476728.41201967	9409	-1494124.64946476	240242655.965908	912673	-144930090.998081	23303537628.569	9409	-1494124.64946476	240242655.965908	912673	-144930090.998081	23303537628.569	88529281	-14058218826.8139	2260443149984.72	
98	1	-161.94521743195	26551.2370834047	98	-15870.6313083311	2602021.23417367	9604	-1555321.86821645	254998080.949019	98	-15870.6313083311	2602021.23417367	9604	-1555321.86821645	254998080.949019	941192	-152421543.085212	24989811933.0039	9604	-1555321.86821645	254998080.949019	941192	-152421543.085212	24989811933.0039	92236816	-14937311222.3508	2449001569422.45	
99	1	-165.242155848256	27637.2852969777	99	-16358.9734289773	2736091.24440079	9801	-1619538.36946875	270873033.195678	99	-16358.9734289773	2736091.24440079	9801	-1619538.36946875	270873033.195678	970299	-160334298.577407	26816430286.5462	9801	-1619538.36946875	270873033.195678	970299	-160334298.577407	26816430286.5462	96059601	-15873095559.1633	2654826598351.94	
100	1	-168.464847059924	28714.9659427587	100	-16846.4847059924	2871496.59427587	10000	-1684648.47059924	287149659.427587	100	-16846.4847059924	2871496.59427587	10000	-1684648.47059924	287149659.427587	1000000	-168464847.059924	28714965942.7587	10000	-1684648.47059924	287149659.427587	1000000	-168464847.059924	28714965942.7587	100000000	-16846484705.9924	2871496594275.87	
101	1	-171.649237014851	29809.0443214482	101	-17336.5729385	3010713.47646627	10201	-1750993.8667885	304082061.123093	101	-17336.5729385	3010713.47646627	10201	-1750993.8667885	304082061.123093	1030301	-176850380.545638	30712288173.2163	10201	-1750993.8667885	304082061.123093	1030301	-176850380.545638	30712288173.2163	104060401	-17861888435.1089	3101941105518.83	
102	1	-174.856740279307	30927.6624825336	102	-17835.3875084893	3154621.57321843	10404	-1819209.5258659	321771400.468279	102	-17835.3875084893	3154621.57321843	10404	-1819209.5258659	321771400.468279	1061208	-185559371.638322	32820682847.7645	10404	-1819209.5258659	321771400.468279	1061208	-185559371.638322	32820682847.7645	108243216	-18927055907.1089	3347709650465.53	
103	1	-178.166323638374	32101.6630638895	103	-18351.1313347525	3306471.29558062	10609	-1890166.52747951	340566543.444804	103	-18351.1313347525	3306471.29558062	10609	-1890166.52747951	340566543.444804	1092727	-194687152.330389	35078353975.0655	10609	-1890166.52747951	340566543.444804	1092727	-194687152.330389	35078353975.0655	112550881	-20052776690.0303	3613070459407.28	
