# lnPI (bias) matrix in single row (vectorized) notation.
# species_total_upper_bound: 103
# species_total_lower_bound: 0
# volume: 729
0
6.59172937790166
12.5054575194825
18.0278185361752
23.2781256868762
28.3183883792359
33.1897071828064
37.9212108047549
42.535219520221
47.0459316240187
51.4659074282423
55.8041732698237
60.0661083130999
64.2622549941711
68.4005523368479
72.4837371749342
76.51658977189
80.5019669194938
84.4448464830682
88.348302612031
92.212909507537
96.0409393349656
99.8379766074128
103.603344515095
107.340786761437
111.051309776752
114.735582310054
118.398521310189
122.039099121982
125.656019040416
129.254565807131
132.833870082067
136.392570696957
139.934827260678
143.461979681671
146.975118704833
150.470877460063
153.953275603902
157.422066878867
160.877037065877
164.321742117914
167.753074940991
171.17070472297
174.581282192088
177.981041156831
181.373179720346
184.757594231956
188.134182988299
191.500364937637
194.859594250778
198.20897409605
201.554168460889
204.892853914944
208.224753464484
211.549869190773
214.871094146173
218.185836191132
221.496506070325
224.803581994552
228.105880387917
231.404063133824
234.698944414471
237.988610493447
241.272416201379
244.554780595578
247.835888029788
251.111408913036
254.383398263778
257.655840496675
260.923063735654
264.188671658678
267.453386599556
270.715190224937
273.972786183167
277.231913148992
280.488998188724
283.742583822005
286.997563723144
290.249793185214
293.500538841124
296.749563134302
299.996277004002
303.246186569429
306.492812497695
309.740672228417
312.987373858916
316.227642773555
319.469853046182
322.719210741041
325.963518596633
329.207223910226
332.446262959076
335.692939917499
338.935653881918
342.179895793875
345.421705931447
348.66347525911
351.905021899228
355.150734516811
358.394606237726
361.637811563254
364.879404522482
368.125890229658
371.368957836413
