# lnPI (bias) matrix in single row (vectorized) notation.
# species_total_upper_bound: 103
# species_total_lower_bound: 0
# volume: 729
0
6.59135900835129
12.5051828512221
18.0275118924364
23.2772894207085
28.3170447610791
33.1891133916873
37.9213338661786
42.5349005891189
47.0449308740466
51.4644875931105
55.8027340334229
60.0638988382711
64.2606849033576
68.3991445320789
72.4824192372136
76.5150588077445
80.5003211560991
84.4435174058127
88.3468335605175
92.2115541742506
96.0393606124631
99.8360222582523
103.60120245376
107.338841136562
111.049398878701
114.733802657976
118.397286837387
122.036919986942
125.653956362404
129.251768026763
132.830904108809
136.389812298551
139.931664474965
143.458518318634
146.97150132174
150.468230722707
153.950825663906
157.419908708711
160.875699905321
164.32106173556
167.752774605455
171.170556029216
174.581901758368
177.981911401234
181.373161302697
184.75711764306
188.133620050738
191.500548737473
194.859504701725
198.209403956766
201.554123186811
204.892279957119
208.224907487298
211.550401894216
214.872473069128
218.18759970697
221.498071241705
224.804651950495
228.106973782325
231.404527314599
234.699301907728
237.989211310086
241.272955514727
244.555551743283
247.836207651742
251.112379676975
254.384830743974
257.656606205534
260.92400159877
264.190353659351
267.454237943249
270.716380963992
273.974376946737
277.233920245681
280.49000402004
283.743779252006
286.998496283575
290.250871927306
293.500997381858
296.749390880719
299.99634987008
303.246109972333
306.491938722156
309.739853013241
312.987635801558
316.227038017101
319.468062743563
322.715623188994
325.95809661858
329.201558636073
332.440961272682
335.687008808089
338.928609862499
342.173196591942
345.414419186383
348.655490207621
351.896216318009
355.141463900211
358.385725910265
361.628846486196
364.870041160108
368.11560181668
371.360023312351
