# lnPI (bias) matrix in single row (vectorized) notation.
# species_total_upper_bound: 103
# species_total_lower_bound: 0
# volume: 729
0
6.59180477434912
12.5062304006571
18.0285941352058
23.2790584696512
28.3198209208227
33.1913640743562
37.922871928513
42.536945129735
47.0477478382782
51.4674166751374
55.805123330545
60.0669883476594
64.2626574375207
68.4013112754522
72.4853870348455
76.5189602408706
80.5047014443731
84.4475282683535
88.3510321870965
92.2155215451344
96.0440470735369
99.8414559306711
103.607728837993
107.345386010286
111.055026238447
114.739022243523
118.402164153072
122.042130650288
125.658639523429
129.255469190532
132.834568485708
136.393140959862
139.935701787891
143.462842661564
146.974955239963
150.470518420898
153.95283479302
157.420899044765
160.875819010762
164.320356025812
167.751801840741
171.168736009816
174.579761144771
177.980276938553
181.372663089106
184.757746568928
188.134223767581
191.501056247899
194.860375363805
198.209777222734
201.555264955024
204.894737511556
208.226475719819
211.551680977
214.871599241162
218.186191633786
221.497326387695
224.805311135994
228.105875756991
231.403385597357
234.697766128466
237.987408629823
241.269535019331
244.549882580373
247.829914319598
251.104806954944
254.37549329792
257.648113862765
260.914066359266
264.179973042235
267.444676463553
270.70668785618
273.964023352715
277.222439073674
280.479497848573
283.732897501305
286.987723030004
290.237816857688
293.48849403259
296.737552692126
299.9844386028
303.234438178805
306.4824142425
309.72962833497
312.974598792018
316.215571354323
319.459630840954
322.708030042751
325.953626792838
329.198312465761
332.437067368088
335.683577107389
338.925922367764
342.169499560115
345.412113302203
348.653848044194
351.894641657424
355.138580776766
358.382378685122
361.624760806792
364.86531461234
368.111287522957
371.353701648703
