# lnPI (bias) matrix in single row (vectorized) notation.
# species_total_upper_bound: 103
# species_total_lower_bound: 0
# volume: 729
0
6.59102341223233
12.5051146580435
18.0263530630595
23.2759028800126
28.3162707833713
33.1873985467836
37.9199521948893
42.5342403956429
47.0455842058956
51.4655301928948
55.8024564839411
60.0641908626225
64.2605060390523
68.3989840018993
72.4842871820651
76.5184315289401
80.5049130750898
84.4485380972771
88.3517916066758
92.2166099729318
96.0451901439066
99.8422189546656
103.608955023589
107.346480374608
111.055735878776
114.739763286413
118.403976880351
122.04358189359
125.659413097247
129.256304311829
132.835465667516
136.394043866805
139.936340992369
143.46295151861
146.976190386809
150.472400535816
153.955774518058
157.423011102558
160.879423702191
164.324409272515
167.755031593218
171.171645402625
174.582579344118
177.983460030017
181.375147723091
184.761247163902
188.138813076254
191.504996898276
194.864591247672
198.214289802356
201.562238164126
204.900563618734
208.232816890204
211.557521422891
214.878432331946
218.191851732589
221.502855464595
224.811519301441
228.112848103981
231.411214994024
234.705399355875
237.995092126941
241.276875286511
244.556902857099
247.839859524614
251.116439811813
254.387213199222
257.658200387505
260.924724946543
264.189525377676
267.455389899838
270.719770768076
273.977711550945
277.234031885831
280.489745758741
283.743441464868
286.998811233471
290.249627271694
293.50173556425
296.749506753108
299.999541772103
303.249405028593
306.496030626526
309.744769866544
312.989780075262
316.229749712007
319.474051031887
322.722501835534
325.96803443041
329.211811465399
332.449493343429
335.694539535297
338.936669345851
342.180122469958
345.422509069615
348.663062971889
351.904097848611
355.145376135668
358.387009535861
361.626816359376
364.866478527522
368.113524287277
371.355880793738
