# <P(U)> as a function of N_tot.
# number_of_species: 1
# species_total_upper_bound: 496
# species_total_lower_bound: 473
# volume: 729
# Bin widths for each
10	10	10	10	10	10	10	10	10	10	10	10	10	10	10	10	10	10	10	10	10	10	10	10	
# Bin lower bound for each
-2470	-2480	-2490	-2500	-2510	-2520	-2530	-2540	-2550	-2560	-2570	-2580	-2590	-2600	-2610	-2620	-2630	-2640	-2640	-2660	-2660	-2670	-2680	-2690	
# Bin upper bound for each
-2320	-2330	-2330	-2330	-2350	-2350	-2360	-2370	-2390	-2400	-2400	-2410	-2420	-2430	-2450	-2450	-2470	-2480	-2490	-2500	-2510	-2520	-2530	-2540	
# Normalized histogram for each
1.06503525132374e-06	6.3067994550733e-05	0.000529369645361499	0.00323839990819208	0.0145893052769872	0.0478694985350794	0.113273784573406	0.189832491114295	0.229523112699924	0.19787108972602	0.123442764715772	0.056067400030148	0.0186677493833882	0.00438361911881349	0.00062393158055204	2.33506622580051e-05	
6.87329367521886e-07	6.27033991281346e-05	0.00051193239333537	0.00306738031995893	0.0141355541498222	0.0466304293983569	0.111522707110707	0.190251019795323	0.22993591009163	0.19946520560984	0.124270481644869	0.0562272680624825	0.0188716895906811	0.00433393399599785	0.000657290704059912	5.58064044402425e-05	
5.24718953297673e-06	7.62816719503915e-05	0.000534142962785276	0.0029547909000204	0.0135471397041807	0.0462008854021037	0.11020761135716	0.187763746199903	0.229511261448721	0.200906928425214	0.126802431011969	0.0570110615512553	0.019124602474253	0.00457438851641296	0.000714545430119405	6.24810401868688e-05	2.4547142330154e-06	
8.37418981503916e-06	6.2739582873107e-05	0.000477166491946565	0.00301274130593189	0.013450027843465	0.044361783562638	0.108986175033802	0.187006820973352	0.229551400571788	0.201338965155817	0.128282065324238	0.0583774607143791	0.0195310837560397	0.00466920283986442	0.000791647397834144	8.30782650920733e-05	9.24789376951588e-06	1.90973541962125e-08	
2.43982815429473e-06	7.03935604516888e-05	0.000496925935425596	0.00280152673316855	0.0128698509578894	0.0444190500450607	0.107405658432334	0.184384281780462	0.229519081334787	0.202879572698104	0.129718633595406	0.0602645924671328	0.0194743278475565	0.00478867402283575	0.000787969373831183	0.000105702106684601	1.13192807158313e-05	
3.4132894558395e-06	6.96454263933462e-05	0.000447460765419228	0.00278991300308085	0.0130214319394689	0.0442372386261068	0.10724810870228	0.184452161958207	0.228278698320727	0.202740165860757	0.129959840763889	0.0608423189689972	0.0200543406183799	0.0048892626501842	0.000844648312293777	0.000109664455076287	1.09798122355676e-05	7.06527048201743e-07	
2.64339851087217e-06	4.97720980875931e-05	0.000467395722643997	0.00300836849482012	0.0126534533320043	0.0444801047635508	0.107154511910706	0.183936651178542	0.226950979560614	0.203535045882159	0.130802416906411	0.0604785050454524	0.0203920762972257	0.00512924570761616	0.00086271477922488	8.35885475059578e-05	9.37334823314672e-06	3.15302669224752e-06	
1.51199067803544e-06	3.24364792627602e-05	0.000508176263137576	0.00290799075043982	0.0131571954849467	0.0441170446818493	0.106580132555652	0.182940658973179	0.228065835326328	0.203157148746367	0.130316950285133	0.0613736415340264	0.0205083895584263	0.00524257567764153	0.000932598703024857	0.000150110244327851	7.02742837149803e-06	5.7531720768015e-07	
2.56549331286763e-06	2.02044519825653e-05	0.000409630123721106	0.00280098461725918	0.0132461045261039	0.0443685664562694	0.107087582036238	0.181609912574044	0.227563796534693	0.203853750534492	0.131385259525184	0.060726385479285	0.0207706534955702	0.00518164796580199	0.00082873540583007	0.000133038471999431	1.11823082131498e-05	
6.36831713970929e-06	2.30558878591426e-05	0.000391281253095627	0.00282065330764444	0.0130729177328801	0.044134582845249	0.105045133238165	0.182337584682673	0.229243837823088	0.204046236657796	0.131695231451422	0.0604183649940534	0.0206335720719721	0.00521973644196388	0.000790440491910219	0.000106355195922137	1.46476071645527e-05	
2.26067706354745e-06	2.89509443738087e-05	0.000414988919065305	0.00288080695833925	0.0126769917388292	0.0433938770889584	0.105483434510451	0.18363589251559	0.228328945018068	0.203730441740486	0.131671217560307	0.0613667737507351	0.0205204703023088	0.00492174621130989	0.00080086031755212	0.000126902512047219	1.45730382496469e-05	8.66196264348708e-07	
5.7656005051991e-06	5.30521658475897e-05	0.000427998624013756	0.00270967381544801	0.0126538800849572	0.0433367449430067	0.106540630671627	0.181948809263796	0.227184952322276	0.205421015382449	0.132113243614125	0.0613576837989909	0.0203566023432399	0.00499200669819719	0.000789460009890909	8.98060688182844e-05	1.79544928305118e-05	7.2009997983336e-07	
4.80810573011011e-06	7.01318588308746e-05	0.000461529972678445	0.00263337734677173	0.012171681113844	0.0425532629354388	0.10629313543517	0.181499631893256	0.227305154393888	0.204609705365688	0.13306489457426	0.0622140167738621	0.0210564052902826	0.00507864117015881	0.000863281412391754	0.000105065300362967	1.13891402264332e-05	3.88791715851589e-06	
3.21475239560143e-06	7.47875755960232e-05	0.000473315658557186	0.00275107135479358	0.012471455999002	0.0430351866409812	0.105286225575937	0.182934819950514	0.226819284409901	0.204874748354653	0.132256504062225	0.062252860788637	0.0209023875522628	0.00493206637772549	0.000830413439280583	9.9589848201368e-05	1.95198608728423e-06	1.15673249616843e-07	
9.08396131267899e-06	7.4379744667746e-05	0.000564009108557293	0.00287178274405513	0.0129554032061052	0.0430443458687092	0.105503676738153	0.183093268966539	0.226765894894661	0.203416178579363	0.133115493397524	0.0609841253830696	0.021502660219787	0.00510833292652776	0.000868754840348851	0.000110912858146121	1.16965624741116e-05	
2.41849446905431e-06	4.33697480383191e-05	0.000448222842997928	0.00289110379794853	0.0133808436974579	0.0435843558322467	0.105532225001619	0.183029420471766	0.226352689269158	0.20451903465275	0.133102908393634	0.0604053255651291	0.0205907835907204	0.00501479626758547	0.00096181221706224	0.000124134986944377	1.65263788718711e-05	2.87916008220751e-08	
3.82334196820779e-08	3.3377775382454e-05	0.000429695845451953	0.00295237510949514	0.0135617285036553	0.0431689240370628	0.105451379762153	0.183965274649507	0.226650746653045	0.203781412332678	0.133127352696467	0.0606195218110834	0.0201461590035113	0.00510491185841866	0.000890289073184486	0.00010854945765488	8.26319782878909e-06	
4.30552311596372e-07	2.82011764095624e-05	0.000403599736890439	0.00298019220649319	0.0135043976349991	0.0443171799849262	0.107699235462998	0.182540306764599	0.224829853261123	0.203194618739063	0.132838237722025	0.0614329977865353	0.0202952983213966	0.00500887337218755	0.000846389301965295	7.77816670471713e-05	2.40630903036639e-06	
2.1546790060647e-05	0.000400825482313882	0.0032201009314636	0.0136855229196617	0.0461022522832533	0.108567747803619	0.183833359209463	0.22492503367917	0.201635865223415	0.131497352713513	0.0601556881893932	0.0200930406475223	0.00489642121661464	0.000878280275183481	8.34611035623604e-05	3.50153179170594e-06	
1.49783715880547e-06	4.89721425350399e-05	0.000414187637199209	0.00299202244796662	0.0134228225257686	0.0468529407072602	0.108645708659688	0.183077445289893	0.227419597230637	0.201756739500465	0.130549860538284	0.0595387655353946	0.0197246514063371	0.00472899049793504	0.000728405342885001	9.38739720290085e-05	3.51872856354302e-06	
3.4605762337658e-05	0.000396192655740986	0.00314607021912729	0.0142304936020604	0.0471090076152113	0.109865095163261	0.185497183127327	0.226934948242101	0.201154363787588	0.127730041122981	0.0593472117200454	0.0190641943162431	0.00465700979041967	0.000776195425159388	5.53146470897272e-05	2.07280330504992e-06	
1.47325401974874e-05	0.000502321302437625	0.00316297408437191	0.0143108606708874	0.047456475692824	0.111083534736208	0.186203944571193	0.22579408989188	0.199436781967325	0.128854180940508	0.0590826822565559	0.0187485054143902	0.00452740233833998	0.000726038892892721	9.38828973000168e-05	1.59180268843715e-06	
2.21783382790469e-05	0.000450795083607521	0.00314646432332388	0.0144187604331298	0.0469267052719524	0.11110523574091	0.187062844534557	0.226127371997828	0.200094678032776	0.128774631625346	0.0580757032333129	0.0184219792333249	0.0045875437667112	0.000702023443806478	7.99090797345702e-05	3.1758613993538e-06	
8.51778329364526e-06	0.00034919087583275	0.00329457533212388	0.0151298344628088	0.0473422362778499	0.110739265629706	0.188832057089453	0.228370770655908	0.199920222499031	0.12697265491863	0.0564065916725399	0.0176554910465981	0.00421497391792139	0.000713529257421708	4.63889376345832e-05	3.69964324875501e-06	
