# <N_i^j*N_k^m*U^p> as a function of N_tot.
# number_of_species: 1
# max_order: 2
# species_total_upper_bound: 496
# species_total_lower_bound: 473
# volume: 729
#	N_tot	N_1^0*N_1^0*U^0	N_1^0*N_1^0*U^1	N_1^0*N_1^0*U^2	N_1^0*N_1^1*U^0	N_1^0*N_1^1*U^1	N_1^0*N_1^1*U^2	N_1^0*N_1^2*U^0	N_1^0*N_1^2*U^1	N_1^0*N_1^2*U^2	N_1^1*N_1^0*U^0	N_1^1*N_1^0*U^1	N_1^1*N_1^0*U^2	N_1^1*N_1^1*U^0	N_1^1*N_1^1*U^1	N_1^1*N_1^1*U^2	N_1^1*N_1^2*U^0	N_1^1*N_1^2*U^1	N_1^1*N_1^2*U^2	N_1^2*N_1^0*U^0	N_1^2*N_1^0*U^1	N_1^2*N_1^0*U^2	N_1^2*N_1^1*U^0	N_1^2*N_1^1*U^1	N_1^2*N_1^1*U^2	N_1^2*N_1^2*U^0	N_1^2*N_1^2*U^1	N_1^2*N_1^2*U^2	
473	1	-2389.86269396115	5711738.7982131	473	-1130405.05424362	2701652451.87502	223729	-534681590.655993	1277881609692.82	473	-1130405.05424362	2701652451.87502	223729	-534681590.655993	1277881609692.82	105823816.52009	-252904392368.016	604438001300545	223729	-534681590.655993	1277881609692.82	105823816.52009	-252904392368.016	604438001300545	50054665286.9356	-119623777602644	2.85899174630455e+17	
474	1	-2399.67631779867	5758739.34909228	474	-1137446.57463657	2729642450.92311	224676	-539149676.376944	1293850522238.41	474	-1137446.57463657	2729642450.92311	224676	-539149676.376944	1293850522238.41	106496424	-255556946613.615	613285147718809	224676	-539149676.376944	1293850522238.41	106496424	-255556946613.615	613285147718809	50479304919.2506	-121133992689813	2.90697159678289e+17	
475	1	-2409.45152770017	5805750.9871272	475	-1144489.47565758	2757731720.18773	225625	-543632500.938756	1309922566581.83	475	-1144489.47565758	2757731720.18773	225625	-543632500.938756	1309922566581.83	107171875.482754	-258225438114.063	622213219372822	225625	-543632500.938756	1309922566581.83	107171875.482754	-258225438114.063	622213219372822	50906640455.0871	-122657083032045	2.95551279000045e+17	
476	1	-2419.23545268869	5852994.82488343	476	-1151556.07547982	2786025538.30116	226576	-548140691.928393	1326148155075.29	476	-1151556.07547982	2786025538.30116	226576	-548140691.928393	1326148155075.29	107850176	-260914969350.551	631246522124623	226576	-548140691.928393	1326148155075.29	107850176	-260914969350.551	631246522124623	51336683591.0079	-124195525425183	3.00473344561709e+17	
477	1	-2429.02397704348	5900452.31014121	477	-1158644.43704974	2814515750.5631	227529	-552673396.471709	1342524013123.73	477	-1158644.43704974	2814515750.5631	227529	-552673396.471709	1342524013123.73	108531332.510247	-263625210112.032	640383954695105	227529	-552673396.471709	1342524013123.73	108531332.510247	-263625210112.032	640383954695105	51769445652.8565	-125749225220966	3.05463146312107e+17	
478	1	-2439.0103556992	5949068.35684368	478	-1165846.95002422	2843654675.95337	228484	-557274842.105438	1359266934154.81	478	-1165846.95002422	2843654675.95337	228484	-557274842.105438	1359266934154.81	109215352	-266377374506.571	649729594638376	228484	-557274842.105438	1359266934154.81	109215352	-266377374506.571	649729594638376	52204938240.2727	-127328385028913	3.10570746228437e+17	
479	1	-2448.9669299778	5997736.95226092	479	-1173055.15945937	2872915999.68844	229441	-561893421.374802	1376126763796.27	479	-1173055.15945937	2872915999.68844	229441	-561893421.374802	1376126763796.27	109902239.494485	-269146948760.372	659164719905634	229441	-561893421.374802	1376126763796.27	109902239.494485	-269146948760.372	659164719905634	52643172403.8738	-128921388505468	3.15739900802015e+17	
480	1	-2458.93673306647	6046668.87241885	480	-1180289.63187191	2902401064.96421	230400	-566539023.298516	1393152507547.35	480	-1180289.63187191	2902401064.96421	230400	-566539023.298516	1393152507547.35	110592000	-271938731183.287	668713203875969	230400	-566539023.298516	1393152507547.35	110592000	-271938731183.287	668713203875969	53084160000	-130530590968263	3.20982337865558e+17	
481	1	-2468.91024701321	6095816.18863524	481	-1187545.82881335	2932087587.20939	231361	-571209543.655618	1410334128976.59	481	-1187545.82881335	2932087587.20939	231361	-571209543.655618	1410334128976.59	111284640.500975	-274751790488.592	678370716076699	231361	-571209543.655618	1410334128976.59	111284640.500975	-274751790488.592	678370716076699	53527912430.9367	-132155611228667	3.2629631452911e+17	
482	1	-2478.88599555942	6145171.47992449	482	-1194823.04985964	2961972651.89653	232324	-575904710.035129	1427670819077.06	482	-1194823.04985964	2961972651.89653	232324	-575904710.035129	1427670819077.06	111980168	-277586070275.619	688137334613163	232324	-575904710.035129	1427670819077.06	111980168	-277586070275.619	688137334613163	53974440960.2653	-133796485827601	3.31682195284601e+17	
483	1	-2488.86485501372	6194743.65267345	483	-1202121.72497163	2992061185.7315	233289	-580624793.158939	1445165552816.36	483	-1202121.72497163	2992061185.7315	233289	-580624793.158939	1445165552816.36	112678587.50476	-280441775091.781	698014961562696	233289	-580624793.158939	1445165552816.36	112678587.50476	-280441775091.781	698014961562696	54423757618.9983	-135453377372211	3.37141226505436e+17	
484	1	-2498.81662713973	6244378.94493039	484	-1209427.24753563	3022279407.92715	234256	-585362787.807245	1462783233809.03	484	-1209427.24753563	3022279407.92715	234256	-585362787.807245	1462783233809.03	113379904	-283315589318.846	707987085287062	234256	-585362787.807245	1462783233809.03	113379904	-283315589318.846	707987085287062	54875873347.3116	-137124745216359	3.42665749277817e+17	
485	1	-2508.6550283415	6293644.72210986	485	-1216697.68874563	3052417688.76927	235225	-590098379.040151	1480422579789.95	485	-1216697.68874563	3052417688.76927	235225	-590098379.040151	1480422579789.95	114084124.49545	-286197713892.137	718004951267115	235225	-590098379.040151	1480422579789.95	114084124.49545	-286197713892.137	718004951267115	55330800639.7395	-138805891210359	3.48232401305669e+17	
486	1	-2518.72453052564	6344268.31280691	486	-1224100.12183546	3083314400.45039	236196	-594912659.208819	1498490798274.49	486	-1224100.12183546	3083314400.45039	236196	-594912659.208819	1498490798274.49	114791256	-289127552396.919	728266528106227	236196	-594912659.208819	1498490798274.49	114791256	-289127552396.919	728266528106227	55788550343.4465	-140515990454540	3.53937532712286e+17	
487	1	-2528.73485737433	6394796.4595727	487	-1231493.8755413	3114265875.24149	237169	-599737517.387464	1516647481199.88	487	-1231493.8755413	3114265875.24149	237169	-599737517.387464	1516647481199.88	115501303.511067	-292072170972.484	738607323251727	237169	-599737517.387464	1516647481199.88	115501303.511067	-292072170972.484	738607323251727	56249134342.1577	-142239147247177	3.59701766494714e+17	
488	1	-2538.72501904439	6445421.21555192	488	-1238897.80929366	3145365553.20519	238144	-604582130.935307	1534938389723.46	488	-1238897.80929366	3145365553.20519	238144	-604582130.935307	1534938389723.46	116214272	-295036079897.181	749049934440586	238144	-604582130.935307	1534938389723.46	116214272	-295036079897.181	749049934440586	56712564736	-143977607014740	3.65536367845931e+17	
489	1	-2548.78945728215	6496623.93203859	489	-1246358.04461097	3176849103.40394	239121	-609469083.818055	1553479211993.22	489	-1246358.04461097	3176849103.40394	239121	-609469083.818055	1553479211993.22	116930168.478278	-298030381978.569	759651334563688	239121	-609469083.818055	1553479211993.22	116930168.478278	-298030381978.569	759651334563688	57178852547.3029	-145736856840546	3.71469502531316e+17	
490	1	-2558.81430261597	6547828.37758359	490	-1253819.00828183	3208435904.68712	240100	-614371314.056488	1572133593664.6	490	-1253819.00828183	3208435904.68712	240100	-614371314.056488	1572133593664.6	117649000	-301041943860.293	770345461048470	240100	-614371314.056488	1572133593664.6	117649000	-301041943860.293	770345461048470	57648010171.1813	-147510552524348	3.77469275832916e+17	
491	1	-2569.00837156616	6600103.05930304	491	-1261383.11043899	3240650603.74984	241081	-619339107.223323	1591159445521.11	491	-1261383.11043899	3240650603.74984	241081	-619339107.223323	1591159445521.11	118370771.531312	-304095501648.519	781259287788317	241081	-619339107.223323	1591159445521.11	118370771.531312	-304095501648.519	781259287788317	58120048628.027	-149310891306684	3.83598310082818e+17	
492	1	-2579.02191022008	6651650.73064366	492	-1268878.77982828	3272612162.09289	242064	-624288359.675514	1610125182658.11	492	-1268878.77982828	3272612162.09289	242064	-624288359.675514	1610125182658.11	119095488	-307149872953.671	792181589838611	242064	-624288359.675514	1610125182658.11	119095488	-307149872953.671	792181589838611	58594979901.7436	-151117737502854	3.89753342188192e+17	
493	1	-2589.22464080185	6704381.83170387	493	-1276487.74791531	3305260241.35972	243049	-629308459.724506	1629493299902.39	493	-1276487.74791531	3305260241.35972	243049	-629308459.724506	1629493299902.39	119823156.463215	-310249070654.815	803340197138554	243049	-629308459.724506	1629493299902.39	119823156.463215	-310249070654.815	803340197138554	59072816352.2277	-152952791837774	3.96046717189475e+17	
494	1	-2599.31536926656	6756738.03204696	494	-1284061.79241768	3337828589.4451	244036	-634326525.456033	1648887322202.08	494	-1284061.79241768	3337828589.4451	244036	-634326525.456033	1648887322202.08	120553784	-313357303591.215	814550337195427	244036	-634326525.456033	1648887322202.08	120553784	-313357303591.215	814550337195427	59553569501.0027	-154798507951543	4.02387866485869e+17	
495	1	-2609.3251563597	6808874.86582371	495	-1291615.95239805	3370393057.82636	245025	-639349896.429657	1668344563921.82	495	-1291615.95239805	3370393057.82636	245025	-639349896.429657	1668344563921.82	121287375.543113	-316478198717.723	825830559352616	245025	-639349896.429657	1668344563921.82	121287375.543113	-316478198717.723	825830559352616	60037250841.3828	-156656708461461	4.08786126956852e+17	
496	1	-2619.55106450391	6862341.78559431	496	-1299297.32799394	3403721531.56669	246016	-644451474.684994	1688245876950.45	496	-1299297.32799394	3403721531.56669	246016	-644451474.684994	1688245876950.45	122023936	-319647931443.551	837369954842154	246016	-644451474.684994	1688245876950.45	122023936	-319647931443.551	837369954842154	60523872256	-158545374029557	4.15335497613124e+17	
