# <N_i^j*N_k^m*U^p> as a function of N_tot.
# number_of_species: 1
# max_order: 2
# species_total_upper_bound: 496
# species_total_lower_bound: 473
# volume: 729
#	N_tot	N_1^0*N_1^0*U^0	N_1^0*N_1^0*U^1	N_1^0*N_1^0*U^2	N_1^0*N_1^1*U^0	N_1^0*N_1^1*U^1	N_1^0*N_1^1*U^2	N_1^0*N_1^2*U^0	N_1^0*N_1^2*U^1	N_1^0*N_1^2*U^2	N_1^1*N_1^0*U^0	N_1^1*N_1^0*U^1	N_1^1*N_1^0*U^2	N_1^1*N_1^1*U^0	N_1^1*N_1^1*U^1	N_1^1*N_1^1*U^2	N_1^1*N_1^2*U^0	N_1^1*N_1^2*U^1	N_1^1*N_1^2*U^2	N_1^2*N_1^0*U^0	N_1^2*N_1^0*U^1	N_1^2*N_1^0*U^2	N_1^2*N_1^1*U^0	N_1^2*N_1^1*U^1	N_1^2*N_1^1*U^2	N_1^2*N_1^2*U^0	N_1^2*N_1^2*U^1	N_1^2*N_1^2*U^2	
473	1	-2389.83655844287	5711611.20521451	473	-1130392.69214348	2701592099.24835	223729	-534675743.382164	1277853063587.69	473	-1130392.69214348	2701592099.24835	223729	-534675743.382164	1277853063587.69	105823816.817246	-252901626612.342	604424498983063	223729	-534675743.382164	1277853063587.69	105823816.817246	-252901626612.342	604424498983063	50054665327.4651	-119622469399377	2.85892787957635e+17	
474	1	-2399.65134445852	5758618.47367875	474	-1137434.73727334	2729585155.11933	224676	-539144065.464841	1293823364195.73	474	-1137434.73727334	2729585155.11933	224676	-539144065.464841	1293823364195.73	106496424	-255554287039.339	613272274339392	224676	-539144065.464841	1293823364195.73	106496424	-255554287039.339	613272274339392	50479305041.226	-121132732051460	2.90691058085115e+17	
475	1	-2409.43245806171	5805657.61598368	475	-1144480.41757931	2757687367.69168	225625	-543628198.349398	1309901499411.15	475	-1144480.41757931	2757687367.69168	225625	-543628198.349398	1309901499411.15	107171875.188222	-258223394344.515	622203212393489	225625	-543628198.349398	1309901499411.15	107171875.188222	-258223394344.515	622203212393489	50906640495.5657	-122656112258848	2.95546525847789e+17	
476	1	-2419.19841456121	5852816.38601577	476	-1151538.44533113	2785940603.45387	226576	-548132299.97762	1326107725213.69	476	-1151538.44533113	2785940603.45387	226576	-548132299.97762	1326107725213.69	107850176	-260910974778.542	631227277374182	226576	-548132299.97762	1326107725213.69	107850176	-260910974778.542	631227277374182	51336683631.7348	-124193624005319	3.00464184098132e+17	
477	1	-2429.00919880944	5900381.49720213	477	-1158637.3878321	2814481974.04882	227529	-552670033.997311	1342507901931.6	477	-1158637.3878321	2814481974.04882	227529	-552670033.997311	1342507901931.6	108531332.803104	-263623606220.216	640376268989772	227529	-552670033.997311	1342507901931.6	108531332.803104	-263623606220.216	640376268989772	51769445811.7587	-125748460164628	3.05459480299811e+17	
478	1	-2438.95693629548	5948809.72578172	478	-1165821.41554924	2843531049.38721	228484	-557262636.629415	1359207841284.29	478	-1165821.41554924	2843531049.38721	228484	-557262636.629415	1359207841284.29	109215352	-266371540292.393	649701347985578	228484	-557262636.629415	1359207841284.29	109215352	-266371540292.393	649701347985578	52204938240.4292	-127325596271530	3.10557244459971e+17	
479	1	-2448.96936648658	5997750.62826183	479	-1173056.32654707	2872922551.67636	229441	-561893980.414189	1376129901899.63	479	-1173056.32654707	2872922551.67636	229441	-561893980.414189	1376129901899.63	109902239.204819	-269147216559.601	659166222878426	229441	-561893980.414189	1376129901899.63	109902239.204819	-269147216559.601	659166222878426	52643172433.5982	-128921516765044	3.15740620835985e+17	
480	1	-2458.91361273245	6046557.26069348	480	-1180278.53411158	2902347485.67639	230400	-566533696.373557	1393126792617.85	480	-1180278.53411158	2902347485.67639	230400	-566533696.373557	1393126792617.85	110592000	-271936174259.308	668700860431839	230400	-566533696.373557	1393126792617.85	110592000	-271936174259.308	668700860431839	53084160000	-130529363644487	3.2097641306049e+17	
481	1	-2468.89594750576	6095749.2566393	481	-1187538.95075027	2932055391.74462	231361	-571206235.309883	1410318644167.17	481	-1187538.95075027	2932055391.74462	231361	-571206235.309883	1410318644167.17	111284640.788143	-274750199171.921	678363267659166	231361	-571206235.309883	1410318644167.17	111284640.788143	-274750199171.921	678363267659166	53527912421.1556	-132154845804602	3.26292731659395e+17	
482	1	-2478.92786118256	6145382.69049286	482	-1194843.22908999	2962074456.2666	232324	-575914436.420143	1427719888064.48	482	-1194843.22908999	2962074456.2666	232324	-575914436.420143	1427719888064.48	111980168	-277590758379.741	688160986265137	232324	-575914436.420143	1427719888064.48	111980168	-277590758379.741	688160986265137	53974440960.4183	-133798745503808	3.31693595352329e+17	
483	1	-2488.98667053607	6195353.04603034	483	-1202180.56186892	2992355521.50012	233289	-580653211.378213	1445307716470.93	483	-1202180.56186892	2992355521.50012	233289	-580653211.378213	1445307716470.93	112678587.2141	-280455501080.51	698083627349426	233289	-580653211.378213	1445307716470.93	112678587.2141	-280455501080.51	698083627349426	54423757498.6815	-135460007030274	3.37174391858264e+17	
484	1	-2498.96671473601	6245130.954283	484	-1209499.88993223	3022643378.44337	234256	-585397946.727198	1462959396433.55	484	-1209499.88993223	3022643378.44337	234256	-585397946.727198	1462959396433.55	113379904	-283332606216.307	708072348079592	234256	-585397946.727198	1462959396433.55	113379904	-283332606216.307	708072348079592	54875873387.1303	-137132981421515	3.4270701643231e+17	
485	1	-2508.7743450783	6294243.68777206	485	-1216755.55736298	3052708188.30777	235225	-590126445.320877	1480563471326.84	485	-1216755.55736298	3052708188.30777	235225	-590126445.320877	1480563471326.84	114084124.788775	-286211325986.271	718073283747011	235225	-590126445.320877	1480563471326.84	114084124.788775	-286211325986.271	718073283747011	55330800639.5853	-138812493097136	3.48265542605012e+17	
486	1	-2518.82566256295	6344778.33701116	486	-1224149.2720056	3083562273.06491	236196	-594936546.193165	1498611264098.38	486	-1224149.2720056	3083562273.06491	236196	-594936546.193165	1498611264098.38	114791256	-289139161461.79	728325074419798	236196	-594936546.193165	1498611264098.38	114791256	-289139161461.79	728325074419798	55788550462.382	-140521632459891	3.53965986227896e+17	
487	1	-2528.8321503642	6395288.81138176	487	-1231541.25722736	3114505651.73027	237169	-599760592.269669	1516764251602.1	487	-1231541.25722736	3114505651.73027	237169	-599760592.269669	1516764251602.1	115501303.220374	-292083408423.738	738664190674077	237169	-599760592.269669	1516764251602.1	115501303.220374	-292083408423.738	738664190674077	56249134498.022	-142244619902722	3.59729460893757e+17	
488	1	-2538.86515585073	6446133.15653991	488	-1238966.19605516	3145712977.99401	238144	-604615503.674916	1535107934467.37	488	-1238966.19605516	3145712977.99401	238144	-604615503.674916	1535107934467.37	116214272	-295052365793.197	749132672109669	238144	-604615503.674916	1535107934467.37	116214272	-295052365793.197	749132672109669	56712564736	-143985554506698	3.65576743965452e+17	
489	1	-2548.93794244252	6497382.15844759	489	-1246430.65385439	3177219874.99164	239121	-609504589.737224	1553660519165.37	489	-1246430.65385439	3177219874.99164	239121	-609504589.737224	1553660519165.37	116930168.764123	-298047744380.544	759739994022580	239121	-609504589.737224	1553660519165.37	116930168.764123	-298047744380.544	759739994022580	57178852664.0263	-145745346861027	3.71512856812271e+17	
490	1	-2559.0253704119	6548907.67005194	490	-1253922.43150183	3208964757.1773	240100	-614421991.432812	1572392731678.31	490	-1253922.43150183	3208964757.1773	240100	-614421991.432812	1572392731678.31	117649000	-301066775801.831	770472438792668	240100	-614421991.432812	1572392731678.31	117649000	-301066775801.831	770472438792668	57648010138.9519	-147522720173663	3.77531494939757e+17	
491	1	-2569.21476987226	6601163.09102657	491	-1261484.45200728	3241171078.21376	241081	-619388865.933382	1591414999215.91	491	-1261484.45200728	3241171078.21376	241081	-619388865.933382	1591414999215.91	118370771.254209	-304119933170.883	781384764981821	241081	-619388865.933382	1591414999215.91	118370771.254209	-304119933170.883	781384764981821	58120048620.9481	-149322887181794	3.83659919298882e+17	
492	1	-2579.22778151812	6652710.91901819	492	-1268980.06850692	3273133772.79134	242064	-624338193.705403	1610381816355.21	492	-1268980.06850692	3273133772.79134	242064	-624338193.705403	1610381816355.21	119095488	-307174391325.792	792307853243568	242064	-624338193.705403	1610381816355.21	119095488	-307174391325.792	792307853243568	58594979937.7779	-151129800519774	3.89815463777532e+17	
493	1	-2589.40345853667	6705305.47220652	493	-1276575.90505858	3305715597.21826	243049	-629351921.197143	1629717789836.82	493	-1276575.90505858	3305715597.21826	243049	-629351921.197143	1629717789836.82	119823156.736504	-310270497138.039	803450870364110	243049	-629351921.197143	1629717789836.82	119823156.736504	-310270497138.039	803450870364110	59072816422.866	-152963355093538	3.96101279188758e+17	
494	1	-2599.49653571515	6757679.38434433	494	-1284151.28864329	3338293616.68642	244036	-634370736.590036	1649117046308.84	494	-1284151.28864329	3338293616.68642	244036	-634370736.590036	1649117046308.84	120553784	-313379143898.318	814663820644783	244036	-634370736.590036	1649117046308.84	120553784	-313379143898.318	814663820644783	59553569404.6875	-154809297066526	4.02443927469835e+17	
495	1	-2609.42056790591	6809371.40438657	495	-1291663.18111343	3370638845.48765	245025	-639373274.652996	1668466228230.06	495	-1291663.18111343	3370638845.48765	245025	-639373274.652996	1668466228230.06	121287375.265364	-316489770965.961	825890783153172	245025	-639373274.652996	1668466228230.06	121287375.265364	-316489770965.961	825890783153172	60037250701.1869	-156662436557538	4.08815937663489e+17	
496	1	-2619.59602064428	6862578.41174127	496	-1299319.62623956	3403838896.88449	246016	-644462534.614822	1688304090757.52	496	-1299319.62623956	3403838896.88449	246016	-644462534.614822	1688304090757.52	122023936	-319653417168.952	837398828739137	246016	-644462534.614822	1688304090757.52	122023936	-319653417168.952	837398828739137	60523872256	-158548094918143	4.15349819069385e+17	
