# <N_i^j*N_k^m*U^p> as a function of N_tot.
# number_of_species: 1
# max_order: 2
# species_total_upper_bound: 496
# species_total_lower_bound: 473
# volume: 729
#	N_tot	N_1^0*N_1^0*U^0	N_1^0*N_1^0*U^1	N_1^0*N_1^0*U^2	N_1^0*N_1^1*U^0	N_1^0*N_1^1*U^1	N_1^0*N_1^1*U^2	N_1^0*N_1^2*U^0	N_1^0*N_1^2*U^1	N_1^0*N_1^2*U^2	N_1^1*N_1^0*U^0	N_1^1*N_1^0*U^1	N_1^1*N_1^0*U^2	N_1^1*N_1^1*U^0	N_1^1*N_1^1*U^1	N_1^1*N_1^1*U^2	N_1^1*N_1^2*U^0	N_1^1*N_1^2*U^1	N_1^1*N_1^2*U^2	N_1^2*N_1^0*U^0	N_1^2*N_1^0*U^1	N_1^2*N_1^0*U^2	N_1^2*N_1^1*U^0	N_1^2*N_1^1*U^1	N_1^2*N_1^1*U^2	N_1^2*N_1^2*U^0	N_1^2*N_1^2*U^1	N_1^2*N_1^2*U^2	
473	1	-2389.80415732855	5711458.50626574	473	-1130377.3664164	2701519873.9301	223729	-534668494.317889	1277818900227.28	473	-1130377.3664164	2701519873.9301	223729	-534668494.317889	1277818900227.28	105823816.485599	-252898197797.732	604408339725935	223729	-534668494.317889	1277818900227.28	105823816.485599	-252898197797.732	604408339725935	50054665282.2314	-119620847569104	2.85885144728522e+17	
474	1	-2399.6266261697	5758500.6358903	474	-1137423.02080444	2729529300.97302	224676	-539138511.86182	1293796889140.7	474	-1137423.02080444	2729529300.97302	224676	-539138511.86182	1293796889140.7	106496424	-255551654629.861	613259725740920	224676	-539138511.86182	1293796889140.7	106496424	-255551654629.861	613259725740920	50479304905.1126	-121131484290946	2.90685109582975e+17	
475	1	-2409.4218261058	5805607.71512523	475	-1144475.36740026	2757663666.13402	225625	-543625799.51624	1309890240888.73	475	-1144475.36740026	2757663666.13402	225625	-543625799.51624	1309890240888.73	107171875.51719	-258222254905.157	622197864677937	225625	-543625799.51624	1309890240888.73	107171875.51719	-258222254905.157	622197864677937	50906640450.3543	-122655571023797	2.95543985485608e+17	
476	1	-2419.20665725645	5852855.25017967	476	-1151542.36885407	2785959100.50089	226576	-548134167.574538	1326116530784.22	476	-1151542.36885407	2785959100.50089	226576	-548134167.574538	1326116530784.22	107850176	-260911863760.79	631231468981736	226576	-548134167.574538	1326116530784.22	107850176	-260911863760.79	631231468981736	51336683586.3188	-124194047164891	3.00466179251976e+17	
477	1	-2429.00622146612	5900365.7329442	477	-1158635.96763934	2814474453.08826	227529	-552669356.564177	1342504314183.95	477	-1158635.96763934	2814474453.08826	227529	-552669356.564177	1342504314183.95	108531332.476497	-263623283069.762	640374558413267	227529	-552669356.564177	1342504314183.95	108531332.476497	-263623283069.762	640374558413267	51769445634.5442	-125748306018398	3.05458664282508e+17	
478	1	-2438.96468907734	5948844.91502883	478	-1165825.12137897	2843547870.85888	228484	-557264408.013294	1359215881254.6	478	-1165825.12137897	2843547870.85888	228484	-557264408.013294	1359215881254.6	109215352	-266372387011.012	649705191397630	228484	-557264408.013294	1359215881254.6	109215352	-266372387011.012	649705191397630	52204938240.2545	-127326001005893	3.10559081448525e+17	
479	1	-2448.92558115257	5997533.84007678	479	-1173035.35337208	2872818708.81862	229441	-561883934.261253	1376080161496.86	479	-1173035.35337208	2872818708.81862	229441	-561883934.261253	1376080161496.86	109902239.528141	-269142404429.835	659142397433891	229441	-561883934.261253	1376080161496.86	109902239.528141	-269142404429.835	659142397433891	52643172400.4202	-128919211773036	3.15729208313662e+17	
480	1	-2458.87288530557	6046354.19519563	480	-1180258.98494667	2902250020.54887	230400	-566524312.774403	1393080005858.4	480	-1180258.98494667	2902250020.54887	230400	-566524312.774403	1393080005858.4	110592000	-271931670131.713	668678403104602	230400	-566524312.774403	1393080005858.4	110592000	-271931670131.713	668678403104602	53084160000	-130527201663631	3.20965633487517e+17	
481	1	-2468.85714050255	6095553.47466802	481	-1187520.28458173	2931961221.92239	231361	-571197256.880216	1410273347129.04	481	-1187520.28458173	2931961221.92239	231361	-571197256.880216	1410273347129.04	111284640.467428	-274745880550.326	678341480032468	231361	-571197256.880216	1410273347129.04	111284640.467428	-274745880550.326	678341480032468	53527912432.0793	-132152768549645	3.26282252027138e+17	
482	1	-2478.839657051	6144941.27597482	482	-1194800.71469858	2961861693.49025	232324	-575893944.487075	1427617337216.5	482	-1194800.71469858	2961861693.49025	232324	-575893944.487075	1427617337216.5	111980168	-277580881283.398	688111556297761	232324	-575893944.487075	1427617337216.5	111980168	-277580881283.398	688111556297761	53974440970.931	-133793984740291	3.31669770135609e+17	
483	1	-2488.82566014305	6194547.71725493	483	-1202102.79384909	2991966549.06819	233289	-580615649.426109	1445119843369.13	483	-1202102.79384909	2991966549.06819	233289	-580615649.426109	1445119843369.13	112678587.538496	-280437358674.735	697992883806998	233289	-580615649.426109	1445119843369.13	112678587.538496	-280437358674.735	697992883806998	54423757610.8716	-135451244240889	3.37130562986904e+17	
484	1	-2498.7887011842	6244238.80849423	484	-1209413.73137315	3022211582.12609	234256	-585356245.984607	1462750406021.34	484	-1209413.73137315	3022211582.12609	234256	-585356245.984607	1462750406021.34	113379904	-283312423083.056	707971196627403	234256	-585356245.984607	1462750406021.34	113379904	-283312423083.056	707971196627403	54875873342.6528	-137123212744499	3.42658059170452e+17	
485	1	-2508.64381109717	6293588.15773379	485	-1216692.24838213	3052390254.90438	235225	-590095740.463073	1480409274452.94	485	-1216692.24838213	3052390254.90438	235225	-590095740.463073	1480409274452.94	114084124.461141	-286196434196.65	717998498166882	235225	-590095740.463073	1480409274452.94	114084124.461141	-286196434196.65	717998498166882	55330800612.7506	-138805270552378	3.48229271544842e+17	
486	1	-2518.7086854219	6344188.17642907	486	-1224092.42111504	3083275454.07174	236196	-594908916.658012	1498471870366.35	486	-1224092.42111504	3083275454.07174	236196	-594908916.658012	1498471870366.35	114791256	-289125733519.215	728257329149273	236196	-594908916.658012	1498471870366.35	114791256	-289125733519.215	728257329149273	55788550329.766	-140515106479478	3.53933062018691e+17	
487	1	-2528.72291002023	6394736.1640667	487	-1231488.05717985	3114236511.20148	237169	-599734683.846119	1516633180994.31	487	-1231488.05717985	3114236511.20148	237169	-599734683.846119	1516633180994.31	115501303.544785	-292070791041.938	738600359021082	237169	-599734683.846119	1516633180994.31	115501303.544785	-292070791041.938	738600359021082	56249134367.9395	-142238475217853	3.59698374917097e+17	
488	1	-2538.73882166275	6445491.74876359	488	-1238904.54497142	3145399973.68504	238144	-604585417.946054	1534955186751.4	488	-1238904.54497142	3145399973.68504	238144	-604585417.946054	1534955186751.4	116214272	-295037683957.836	749058131412413	238144	-604585417.946054	1534955186751.4	116214272	-295037683957.836	749058131412413	56712564736	-143978389804232	3.65540367949955e+17	
489	1	-2548.80762074997	6496716.47612618	489	-1246366.92654673	3176894357.58143	239121	-609473427.083803	1553501341303.46	489	-1246366.92654673	3176894357.58143	239121	-609473427.083803	1553501341303.46	116930168.447331	-298032505834.346	759662155770026	239121	-609473427.083803	1553501341303.46	116930168.447331	-298032505834.346	759662155770026	57178852599.4416	-145737895459671	3.71474794124535e+17	
490	1	-2558.81873581506	6547851.23032752	490	-1253821.18054938	3208447102.61424	240100	-614372378.469207	1572139080620.65	490	-1253821.18054938	3208447102.61424	240100	-614372378.469207	1572139080620.65	117649000	-301042465417.065	770348149644144	240100	-614372378.469207	1572139080620.65	117649000	-301042465417.065	770348149644144	57648010110.1387	-147510808084535	3.77470593244052e+17	
491	1	-2568.99341715269	6600026.62119298	491	-1261375.76782197	3240613072.75959	241081	-619335501.999752	1591141017732.98	491	-1261375.76782197	3240613072.75959	241081	-619335501.999752	1591141017732.98	118370771.561234	-304093731485.064	781250239705339	241081	-619335501.999752	1591141017732.98	118370771.561234	-304093731485.064	781250239705339	58120048628.7914	-149310022156615	3.83593867482903e+17	
492	1	-2579.02323710774	6651657.60199232	492	-1268879.43265701	3272615543.00354	242064	-624288680.867249	1610126845933.39	492	-1268879.43265701	3272615543.00354	242064	-624288680.867249	1610126845933.39	119095488	-307150030975.197	792182408210280	242064	-624288680.867249	1610126845933.39	119095488	-307150030975.197	792182408210280	58594979897.9393	-151117815253675	3.8975374482709e+17	
493	1	-2589.19501463311	6704228.1889251	493	-1276473.14221412	3305184495.35598	243049	-629301259.115774	1629455957175.15	493	-1276473.14221412	3305184495.35598	243049	-629301259.115774	1629455957175.15	119823156.435047	-310245520756.278	803321787208088	243049	-629301259.115774	1629455957175.15	119823156.435047	-310245520756.278	803321787208088	59072816400.8606	-152951041737863	3.96037641082826e+17	
494	1	-2599.30266500288	6756671.30559049	494	-1284055.51651142	3337795626.65489	244036	-634323425.157965	1648871038517.96	494	-1284055.51651142	3337795626.65489	244036	-634323425.157965	1648871038517.96	120553784	-313355772041.802	814542293083056	244036	-634323425.157965	1648871038517.96	120553784	-313355772041.802	814542293083056	59553569456.8201	-154797751366629	4.02383892676598e+17	
495	1	-2609.3334194214	6808916.80207663	495	-1291620.04261359	3370413816.21926	245025	-639351921.0845	1668354839355.14	495	-1291620.04261359	3370413816.21926	245025	-639351921.0845	1668354839355.14	121287375.570553	-316479200916.579	825835645699400	245025	-639351921.0845	1668354839355.14	121287375.570553	-316479200916.579	825835645699400	60037250855.2332	-156657204582260	4.08788644704215e+17	
496	1	-2619.55441609143	6862358.97703399	496	-1299298.99038135	3403730059.0087	246016	-644452299.229149	1688250106317.3	496	-1299298.99038135	3403730059.0087	246016	-644452299.229149	1688250106317.3	122023936	-319648340417.571	837372052623557	246016	-644452299.229149	1688250106317.3	122023936	-319648340417.571	837372052623557	60523872256	-158545576888210	4.15336538113369e+17	
