# <P(U)> as a function of N_tot.
# number_of_species: 1
# species_total_upper_bound: 348
# species_total_lower_bound: 320
# volume: 729
# Bin widths for each
10	10	10	10	10	10	10	10	10	10	10	10	10	10	10	10	10	10	10	10	10	10	10	10	10	10	10	10	10	
# Bin lower bound for each
-1330	-1330	-1340	-1340	-1380	-1380	-1390	-1390	-1400	-1400	-1400	-1410	-1410	-1420	-1420	-1420	-1430	-1430	-1440	-1440	-1450	-1460	-1460	-1460	-1460	-1470	-1470	-1460	-1460	
# Bin upper bound for each
-1090	-1090	-1100	-1100	-1110	-1120	-1130	-1130	-1140	-1140	-1150	-1160	-1170	-1170	-1180	-1190	-1190	-1210	-1220	-1220	-1220	-1230	-1240	-1240	-1250	-1250	-1270	-1280	-1290	
# Normalized histogram for each
3.97592972146624e-05	8.94584187329905e-05	0.000816059575330946	0.00292727825742952	0.00474229017527886	0.0117200468364521	0.0202822114916297	0.0306355324863278	0.0512209086192192	0.0693789796571556	0.0954143614557469	0.112840861424933	0.132190717396879	0.141802527498524	0.115913261117196	0.0897397157607842	0.0577871565542207	0.0328024141845269	0.0168002910380556	0.00898560117051371	0.0012931711419069	0.0012633516689959	0.000730577086319422	0.000446298111234586	0.000137169575390585	
0.000157326673500647	0.000382927186444971	0.00180678305542253	0.00428245184220629	0.0078208177820699	0.016106689253104	0.0238137173027678	0.0426098021443922	0.0640853878151976	0.0823699135989615	0.111592106356789	0.121168254445715	0.138845242006024	0.131396467175125	0.099781721608967	0.0701380121032696	0.0425484546364863	0.0227233148235369	0.0119004270578131	0.00374912431379844	0.00122398173031636	0.000675812062899006	0.00041557989226586	0.000274084833708675	0.000131600299217522	
4.92588513229942e-06	0.000213783414741795	0.0011615237141962	0.00286193926186596	0.00607755707623103	0.0127609980237349	0.0196680741562451	0.0312330672698577	0.0535896895313119	0.0728548262837349	0.0980881654624519	0.121755073169098	0.131844271097073	0.142076319693886	0.112837250725583	0.0856680386898722	0.0517267197742762	0.0295523552627172	0.0147392334928663	0.008018355818357	0.00206887175556576	0.000711297813104037	0.000194079874212597	0.000181272572868619	0.000112310181016427	
0.000182755939815011	0.000338839391116481	0.00199055793906621	0.00480203580238254	0.00843146998011418	0.017583097150094	0.02470070010343	0.0419321155531232	0.0646353426278723	0.0866055702034716	0.11225067397427	0.134763242149645	0.139165190624324	0.129873285922162	0.0984758154619428	0.0642866245373064	0.0359643932157044	0.0190698414172377	0.00876833363134077	0.00432291887908373	0.00101948178318428	0.000488995622748274	0.000162010670971145	0.000177816590090281	8.89082950451407e-06	
9.86970021772559e-07	0	0	7.69836616982596e-05	0.000281286456205179	0.00118831190621416	0.00314053860928028	0.00619126294657926	0.0121111091371711	0.021896916903046	0.0347867453873956	0.0550699663048435	0.07718993843281	0.101542436750026	0.125522847369034	0.139210147630976	0.137456301902286	0.111602622181954	0.07821441331541	0.0455763016654132	0.0274278969050594	0.0135382677886542	0.00464862880254875	0.00205289764528692	0.000870507559203397	0.000194433094289194	0.00017370672383197	3.45439507620396e-05	
3.33899325425157e-05	0	8.74030587142323e-05	0.000382020110559959	0.000616731695197055	0.00193268786010797	0.0046745905559522	0.00830132646417309	0.0168815570707601	0.0297406093269866	0.0473371037768924	0.0664793556921487	0.0938885620821962	0.117585593618987	0.136390017981461	0.139348955238831	0.122301430562198	0.0919431074831749	0.0570152739300245	0.0349661337698903	0.0183585705573467	0.00729177203318174	0.00277234645786829	0.00074047085697226	0.000483171965026992	0.000257298891945268	0.000190519026860237	
8.91076757351878e-06	5.74249465848988e-05	2.97025585783959e-06	0.000134651598888728	0.000496032728259212	0.00120691396356882	0.00346034807438313	0.00594645222739487	0.0119582500836622	0.0230343341775461	0.0406657729496819	0.0600536230190869	0.0774801141370318	0.111247962899524	0.131935794949377	0.135712970315263	0.133237757100397	0.105023296706778	0.0721217725694891	0.0439479056725946	0.0228175054999238	0.0120226056272487	0.00497814881773916	0.00149304861120737	0.000728702770456647	0.000117820149027637	0.000108909381454118	
0.000226104224216745	0	5.6034525131976e-05	0.000300816924392714	0.000935874875888442	0.00236426373583162	0.00483273202717183	0.00792741071340798	0.0155117328431132	0.0328568760260708	0.0508891794382785	0.071814633858616	0.0951603865399172	0.124653224934381	0.137016210689814	0.137134178111145	0.121093557995734	0.0863295419914867	0.0537312112304985	0.0311060428811577	0.0154812579259361	0.00716258859844873	0.00240063702407518	0.000782517228158823	0.000167120513551508	5.40684014431348e-05	1.17967421330476e-05	
1.57863008454551e-05	0.000215088349019325	8.87979422556848e-06	0.000284153415218191	0.000363084919445467	0.00124514447918527	0.00306254236401828	0.00658584738396329	0.0110069982644936	0.0265318385021958	0.0423161660600452	0.0621881588930646	0.0847349430755858	0.113783709918829	0.134131265064818	0.137767047478286	0.130240928550216	0.101360877797259	0.0664662464221829	0.0408648130260661	0.0221205540596939	0.00929023804755031	0.00380943172276888	0.000958031132558555	0.000546600666773882	7.00517100017069e-05	3.15726016909102e-05	
0.000147137279081383	0.000148138212952685	0.000233217592013348	0.000355331524312183	0.00058254351309772	0.00287568301225043	0.00464733596445484	0.0093106868708505	0.0199946550131272	0.0371546653027274	0.0500176664828285	0.076249140448038	0.0994517885186879	0.126696207561655	0.136076959803497	0.132947039587936	0.118757801028359	0.083940316315122	0.0518113399802015	0.0296746864824882	0.0118320392926601	0.00524289161787948	0.0011430664810268	0.000414386622718997	0.000160149419408308	0.000116108329071023	1.90177435547366e-05	
0.000302449431681169	0.000159399024804941	0.00027077398444429	0.000389301464427451	0.00177893398836796	0.00403913041701237	0.00643931188667138	0.0135673093035897	0.0272316885261312	0.0468306160567951	0.0671999722073495	0.0906919143822879	0.113416493303197	0.136022544744124	0.136989156779159	0.123794800322068	0.101252099775615	0.0633958531730624	0.0384264046528167	0.0187539083414736	0.0059437444057073	0.00238485464035084	0.000266686829962112	0.000284057236511368	4.08715448217796e-05	0.000127723577568061	
7.29377607904832e-05	9.21852254435274e-05	0.000273516602964312	0.000326193874646328	0.00114167856126215	0.00298943516795439	0.00571953607532039	0.0101180882607687	0.0207102719666755	0.0369551321338448	0.0583431174611986	0.0838135913439086	0.10353312539318	0.129334858272814	0.137827042282628	0.13059506069536	0.110562502089363	0.0789034618084715	0.0488510783138816	0.0237635276753216	0.0103227192007642	0.00402778523476335	0.00124905915353703	0.000260347285043808	4.76121494048988e-05	0.000166136010689434	
0.000240205591865573	0.000135680982852939	0.000160807090788668	0.00092866094930456	0.00198496252692262	0.00398801585155897	0.0086323256423992	0.0163570962661599	0.0263201005848353	0.0489848549871807	0.0714244794624219	0.096079221613277	0.121788255253115	0.136348332279712	0.133030680987878	0.118562062994168	0.095945550719059	0.0619348510172556	0.0323764976416635	0.0158003017143041	0.00580513597747093	0.00214174944044158	0.000670364559725261	0.000291462852054461	6.8343013585184e-05	
3.26137875280923e-05	9.88296591760374e-05	0.000332067654831486	0.000478335550412021	0.00143500665123606	0.003072614103783	0.00622528023149859	0.0124248647516114	0.0238456201659943	0.037131291249029	0.0639872628335254	0.0887510105332651	0.109146487297424	0.134225501609935	0.137424617677463	0.122247346917799	0.106928749745514	0.0716732454276458	0.0445810709577187	0.0223760231340466	0.0088314183439707	0.00356577410307143	0.00068785442786522	0.000223355029737844	0.000245097554756573	2.86606011610508e-05	
3.56305468596127e-05	0.000209824331506608	0.000315726234672679	0.000828410214485995	0.00244465140953454	0.00498728682293301	0.00939359778457178	0.0178598116133809	0.0316696177337191	0.0535893322142702	0.0787177753870121	0.104305456719278	0.122342431329544	0.141403784162024	0.130265279318744	0.111733436002094	0.0855331072113258	0.0548453089910716	0.0302156934743643	0.0126854644194349	0.00474678063163062	0.00127973047470776	0.000284054637464134	0.000258321464732192	4.94868706383509e-05	
0.000252648384230022	0.000398142395381941	0.00105974691906601	0.00143134648808915	0.00277716609124441	0.00778098039369893	0.0149809678104331	0.0241775656099345	0.0420271248024034	0.0664072023467791	0.0962364238358513	0.11763289108397	0.134579011112597	0.140096969792297	0.11944173554694	0.0951058960464952	0.0682298097567497	0.0402595691804362	0.0167721170558304	0.00735924437488695	0.00245766910729593	0.000396176260096105	0.000104205170149348	3.53904351450615e-05	
7.81175065287448e-05	0.000389598703447157	0.000700091071169004	0.00113220943006852	0.00185405474356198	0.00484822955076501	0.0110036912993908	0.0193543538643939	0.0323129604853965	0.0582726933828539	0.0857898322649034	0.111725833261643	0.129630563523871	0.139391296523178	0.130286157281194	0.105743416622417	0.0775242090108049	0.0494543146078748	0.0252200886584258	0.00982105158029738	0.00380501474838747	0.00126075722562215	0.000329280122456608	0	7.21845313493464e-05	
0.000130780731242625	0.000394323719958824	0.000955095643317352	0.00111361774179326	0.0024917692354182	0.00834024390606377	0.0169985227721948	0.0259669104934694	0.0453284032960707	0.0746173425157259	0.103700203007362	0.122559378910418	0.139561864735075	0.135682036374877	0.118848971042966	0.0892974795977105	0.0611865577223545	0.0313844032088836	0.0140638824241596	0.0051499866742361	0.00175265995127427	0.000430981955231378	4.45843401963494e-05	
4.11046583322079e-05	0.000131143433726568	0.000580358628357125	0.000962044741441912	0.00214135696263978	0.00496779156414969	0.0114867946391696	0.0223746356854985	0.0376048902799227	0.0647437516025923	0.0938468283841367	0.11393428343815	0.136125905525836	0.139662863507089	0.127666175368131	0.101093971121041	0.0686721825203419	0.0417378658069921	0.0209878428079571	0.00757010790951495	0.0026806109326647	0.000682141591846402	0.00030534889046783	
0.000140056160547758	0.000168659179251173	0.000645047387311504	0.00176845560466288	0.00320452440577229	0.0084457810054257	0.0170010425307162	0.0325383995526093	0.0509005512492122	0.0822425555712269	0.107438856115966	0.129939568725657	0.139794788135468	0.134709368672199	0.115364851229782	0.0817592631862382	0.0492080415907618	0.0268503440745888	0.0117193471804821	0.00415335557793386	0.00148439803960828	0.000344222535430757	0.000178522289148902	
2.28376925192656e-05	7.94354522409238e-06	0.00031476297950466	0.00122827068027528	0.00230759988759884	0.005675663062614	0.0126024344980226	0.0264768291750529	0.0448681222551328	0.0744181104887564	0.0994531862056365	0.123529078836708	0.136705434477171	0.135624119383541	0.120449962119219	0.0965964887544223	0.0609478436750018	0.0320561767518248	0.0173328156789696	0.00587425169321631	0.00245852724685659	0.000819178101234526	0.000229369868345667	9.92943153011547e-07	
8.93156633871278e-06	2.38175102365674e-05	0.000100232022245555	0.00064307277638732	0.00158783401577116	0.00415020115872187	0.00990609946589233	0.0194340959567792	0.03726050997259	0.0607803013312003	0.0908360144572287	0.113712733039452	0.136881216122073	0.137505433369523	0.129017468158966	0.102951187997563	0.0772183529794713	0.0427226589868428	0.0225522050052498	0.00833712097905845	0.00308337517937562	0.000867354331114997	0.000379095371265365	4.0688246654136e-05	
5.78401298810089e-05	1.39614106609332e-05	0.000280225456837302	0.00096832355369758	0.00325500317123471	0.00638933986461421	0.0145278450363196	0.0273623704081918	0.0512962172555058	0.0777002365461863	0.107029171370332	0.13166308323793	0.140893570172044	0.135309005907671	0.115857769126135	0.0859633971702215	0.0549082336422129	0.0278649811919854	0.0115191610388885	0.00460128205639612	0.00203836595649624	0.000383938793175662	0.000116677503380656	
4.72700557983617e-05	0	0.000783895091989498	0.00231721752694886	0.00488654201815564	0.0121405259975459	0.021770815073633	0.0415129569192529	0.0653616848623555	0.0972522310481544	0.120270778636298	0.141776684438895	0.139485071525503	0.125038160722129	0.0976392546300035	0.0661623214324403	0.037062678124403	0.0172634182946933	0.00580929289905283	0.00252500881389582	0.000832149940616992	5.81027769188196e-05	3.93917131653014e-06	
3.14584119793633e-05	9.63413866868e-05	0.00152376683025041	0.0044208899584749	0.00766405561847238	0.0172215144079527	0.0319617465710331	0.0548172659494149	0.0833874024789229	0.120133776896942	0.133708081666038	0.143806231911413	0.1295349267019	0.109833113124449	0.0780935415880206	0.0469723244620612	0.0240352098276079	0.00833451302378256	0.00306916131873663	0.00104500912293947	0.000250684220460551	5.89845224613062e-05	
3.4964253906527e-05	3.39930246313456e-05	0.0007896094007224	0.00276703220499154	0.00679666246771877	0.0126599736019883	0.0252558460718146	0.0457429564024891	0.0710658172942912	0.109445884561631	0.130964440382548	0.140546588411487	0.1428940495696	0.117790686493989	0.0889043853915462	0.0561836711106881	0.0296088956831772	0.0128318811836954	0.0036362824062788	0.00147335481045004	0.000539032247725624	4.85614637590652e-06	2.91368782554391e-05	
3.05744947564741e-05	3.1529947717614e-05	0.00134814412816828	0.00529703121655915	0.0101507322591494	0.0205403277585838	0.039033119821445	0.062814344024215	0.0922155425444095	0.123735935732412	0.139424473354328	0.147718760509983	0.128724355642523	0.100240391965023	0.0681257070351912	0.0357167425933286	0.0173013422203198	0.00497982083346073	0.00163382456354909	0.000838887699880759	9.84116549974012e-05	
0.000314432147081166	0.00368279854226564	0.00854159254593883	0.0139513639816533	0.03099608642557	0.052559208438705	0.0822610267603873	0.109501235612566	0.135336596247969	0.150507226169986	0.136734713501351	0.110873390578574	0.080399434599075	0.0480985028414281	0.0232362471994384	0.00968104849178342	0.00205967479831149	0.00109522390068944	0.00017019721722742	
0.00126149507636092	0.00677970297265364	0.0109459689757898	0.0230763152157252	0.0465163218421446	0.0709521955250723	0.0988126713134116	0.124161581810098	0.147360714282314	0.146403882167791	0.120464687182544	0.0925699368109976	0.0583353406179517	0.031633536156353	0.0156320661575622	0.00330178484892049	0.00123578913895582	0.000556009905354547	
