# <P(U)> as a function of N_tot.
# number_of_species: 1
# species_total_upper_bound: 348
# species_total_lower_bound: 320
# volume: 729
# Bin widths for each
10	10	10	10	10	10	10	10	10	10	10	10	10	10	10	10	10	10	10	10	10	10	10	10	10	10	10	10	10	
# Bin lower bound for each
-1350	-1350	-1350	-1350	-1380	-1380	-1390	-1390	-1400	-1400	-1400	-1410	-1410	-1420	-1420	-1420	-1430	-1430	-1440	-1440	-1450	-1460	-1460	-1460	-1470	-1480	-1480	-1490	-1490	
# Bin upper bound for each
-1090	-1090	-1100	-1100	-1110	-1120	-1130	-1130	-1140	-1140	-1150	-1160	-1170	-1170	-1180	-1190	-1190	-1210	-1220	-1220	-1220	-1230	-1240	-1240	-1250	-1250	-1270	-1280	-1290	
# Normalized histogram for each
6.12354871895361e-06	4.23081547854977e-05	6.62456634141345e-05	0.000101873583233501	0.000570046717109863	0.00196677251127846	0.00357503907937455	0.00853010336550238	0.0156311931344999	0.0252869160917953	0.0442136918095866	0.0653299145375273	0.0910966941743898	0.113553974071781	0.130895864043858	0.137420783547027	0.121315293729931	0.0999624793469402	0.0696459030118953	0.0391762379588765	0.0183444819032435	0.00939853391109943	0.0022267449887104	0.000906841896652312	0.000409164391675537	0.000249952124982743	7.68227021105089e-05	
1.11347911001842e-05	3.78582897406262e-05	0.000169248824722799	0.00031678480680024	0.00118028785661952	0.00297632966107923	0.00597492890435883	0.0126524631271393	0.019711363945101	0.0362871707163902	0.0591235137837579	0.0792418543435707	0.106574982796748	0.121819068552455	0.136846582621263	0.132179991671176	0.107707947791191	0.0817009729580463	0.0519204174210488	0.0253438980231292	0.0117126867582837	0.00445502991918369	0.00119420634549475	0.000399182260941602	0.000233830613103868	0.000154216856737551	7.40463608162247e-05	
3.82573075615846e-05	5.82176419415417e-05	0.000171326203427966	0.000745740270584511	0.00201155814251346	0.00437685776653838	0.00933921867488885	0.0160708414445294	0.0269946888876937	0.0468790631062605	0.069030044184418	0.0945898068116859	0.119282958254624	0.132666916910118	0.138550779922343	0.118347040353697	0.0959282581226086	0.0628584196848818	0.0352943068136265	0.0160564256474772	0.00764868924365303	0.00221559711617524	0.000570532891027109	0.000109227385356988	0.000102019486830892	6.3207725536531e-05	
7.59533400760539e-05	0.000115046970997552	0.000237912668179404	0.0014129555175913	0.00350893261542534	0.00589531954296195	0.0131337845482982	0.0213786313096422	0.0363330620979988	0.0569599787330648	0.0824562863396242	0.109816801660697	0.133662241081486	0.139196223778645	0.13021418283421	0.107444935224646	0.0750441339169082	0.0452888544616723	0.0223219047757338	0.00997110980674901	0.00399536908017713	0.00104435842604574	0.000294877673236444	9.15907924446532e-05	0.000100526479512424	5.02632397562121e-06	
5.58946497641246e-07	0	5.81304357546896e-05	0.000100610369575424	0.000196749167169719	0.000883135466273168	0.00219833657522302	0.00468676638272185	0.00929024973729515	0.0174430433518904	0.0299802132939835	0.0483114226306258	0.0715853958459096	0.0999278959018043	0.123313658416616	0.140056341806962	0.135854182037695	0.115925503610794	0.087775840096586	0.0568096451807633	0.0329789612538288	0.0145393162966441	0.00539830527421915	0.00174447201913833	0.00071321573099023	0.000110112460035325	9.83745835848593e-05	1.95631274174436e-05	
1.90751685066724e-05	0	8.52772239121824e-05	0.000319228555302841	0.000414043363468359	0.00146373866570318	0.00347055859947869	0.00664545208710395	0.0134104044945585	0.0252022248378891	0.0406710644280647	0.0602348938691286	0.0886703597688987	0.116253614463915	0.135367494341968	0.140386507796695	0.12661872440982	0.0983498857172993	0.0682189739579067	0.0412433194832649	0.0206023040559419	0.00812209454326753	0.00287025182588635	0.000819110177051226	0.000285566493232242	0.000146991004374946	0.000108840667361601	
5.11295366811818e-06	3.2950145861206e-05	1.70431788937273e-06	0.000144298914633557	0.000388584478776981	0.000806710467636424	0.00249455328407855	0.00488571128286848	0.00951123003462606	0.0193417356205279	0.0341693012580707	0.0524367485023307	0.0758341925936026	0.10583700471812	0.130492235411749	0.140473857183842	0.134132658423449	0.109646723306831	0.0808585217314734	0.0520112371359506	0.0274190662042284	0.012121676935182	0.00478686084528486	0.00153104557061983	0.0005061824131437	6.76046096117848e-05	6.24916559436666e-05	
0.000129830542917462	0	3.44333179041963e-05	0.000264741411427346	0.00058988224934238	0.00160594736782686	0.00360646668999853	0.0068742450071689	0.0129187035009088	0.0283662801856012	0.0445109904376983	0.0667385438657891	0.0928214999379071	0.120252435733881	0.139283335403096	0.140474389514208	0.121261727084909	0.0934108177066281	0.062840240694537	0.0360138636440611	0.0176733237747948	0.00684602097609989	0.00260677150953408	0.000741727536493672	9.59617056346456e-05	3.10464341759147e-05	6.77376745656322e-06	
9.05966867659191e-06	0.000123437985718565	5.09606363058295e-06	0.000182325832116412	0.000343134951125919	0.000921821287843227	0.00234702041652959	0.00512720624165874	0.00980199527878016	0.022324156077707	0.0371689894335952	0.0561727769413313	0.080623124011576	0.109958331186381	0.131708330761709	0.142342116870858	0.132943843077479	0.107043949018979	0.0732547822310453	0.0458458871086011	0.0255669512346347	0.0106700247838561	0.00401966174594537	0.00102091141399345	0.000416744759123228	4.02022797523766e-05	1.81193373531838e-05	
8.43032991838064e-05	8.48767910149888e-05	0.000149681367938595	0.000278143538123443	0.000453058546634062	0.00201066236012534	0.00357973601024027	0.00824910649972702	0.0167855324068764	0.0307299862820754	0.0449933016154118	0.0714978000853356	0.0981313342172754	0.123891440290325	0.136644178140327	0.138501718181526	0.120664401756261	0.0893001335088983	0.0573302578878066	0.0332407335189918	0.0149796066304832	0.0061822419401458	0.00170269724678042	0.000362446837307249	9.51996439762712e-05	6.65250524171534e-05	1.08963447924648e-05	
0.000172226298373916	9.07679140078747e-05	0.000177462908797447	0.000317105853424947	0.00112645308666183	0.00314545732773443	0.00548854956946335	0.0120954063871519	0.0222881776537542	0.0393467270312085	0.060826721142931	0.0867211778416903	0.111938366259006	0.133292099874961	0.141355316235994	0.12984466467947	0.107190506141671	0.0695776790062543	0.0422216261537271	0.0212065266784937	0.00785375194409162	0.00296973995574482	0.000441038966781853	0.000216446564172624	2.32738241045833e-05	7.27307003268227e-05	
4.19286479233964e-05	5.29931522365148e-05	0.000157232429712736	0.000285930085144272	0.00071103998770093	0.00226938806885383	0.00459235163227644	0.0089465252506547	0.0174033005998708	0.0312997356748154	0.0516339652329981	0.0769641096597199	0.102706552457688	0.127895770040001	0.137902740677718	0.135454573512858	0.117082255272091	0.0855326947367318	0.0532627767363556	0.0274219180842335	0.0117242981755797	0.00490448712237284	0.00142207997540186	0.000208478554952443	2.73700896166615e-05	9.55041424921806e-05	
0.000139281609932236	7.86737127232294e-05	9.32429187830867e-05	0.00072787753475047	0.00143535818101714	0.00291092737075949	0.00707014431672755	0.0140301454356426	0.0238288106632602	0.0417769069925196	0.0656546701881409	0.0926834612703882	0.120046178555527	0.135917871637136	0.137861986493763	0.124215885329858	0.102191325145051	0.0651406685983491	0.0365523896994548	0.0175669658987335	0.00712259345854303	0.00217081170291874	0.000575192255243166	0.000169002790294345	3.96282404828118e-05	
1.89610603024921e-05	5.74577584924003e-05	0.000210295396082185	0.000427485723183459	0.00126004864373834	0.00224947124497747	0.00447653396414291	0.0100740687964726	0.0200975747654718	0.0332806828739681	0.0563367576242136	0.081563586490302	0.108999091592838	0.130926121388708	0.140491114444938	0.129269614211372	0.113504929013812	0.0791233554871297	0.0477703804105817	0.0244683864539887	0.0103923847785205	0.00376118487091253	0.000944030972030138	0.000137324042796837	0.000142495241061153	1.66627499627961e-05	
2.07791368231124e-05	0.000122366027958329	0.000304183475160562	0.000857139393953387	0.00196247403329395	0.00375467458428739	0.00708337686370098	0.0143231744518204	0.0275704513747996	0.0462953396436493	0.0707535380809428	0.0995661200791685	0.123555633541452	0.138384433655968	0.136399448891116	0.119900237055319	0.0941698936858552	0.0591795588704692	0.0338313207392524	0.0143197112623499	0.00578468081225646	0.00143491483728493	0.000247040848897003	0.000150648741967565	2.88599122543228e-05	
0.000148159848911544	0.000285942743424614	0.000843992291075877	0.00128443635554444	0.00242301885204365	0.00557473050184681	0.0115351378088369	0.0193386075164893	0.0371725566451998	0.0598692619045286	0.089297728081134	0.11754206846138	0.133471846457971	0.141876603023268	0.128290863725799	0.103310075503873	0.0733541141453454	0.0432978422276323	0.0197582976721609	0.00789282681497256	0.00287268687597752	0.000464656958064998	7.3791675722481e-05	2.07539087969478e-05	
4.57629848124818e-05	0.000234028428661299	0.000588546741385842	0.000798824760207752	0.00171524301303492	0.00367262435077386	0.0081266951130925	0.0162296398163456	0.0283811604797814	0.051303202366236	0.0767949227416546	0.106656139249232	0.1303509383729	0.138685594391659	0.139182035885131	0.114796737041255	0.0850606446440509	0.0532872305052581	0.027369161309308	0.0110740630463318	0.00401961204574445	0.00128194285303826	0.000302962545024405	0	4.22873150798883e-05	
7.69946873665717e-05	0.000296312887744079	0.00083410911313786	0.000960683712823815	0.00226317717410832	0.0060452495444481	0.0139902846703577	0.0228481734760302	0.0405447024155333	0.0675820868360083	0.0963798497903645	0.119781568405113	0.138687263912123	0.139604783936575	0.126828915471499	0.0977733369730822	0.0660935228802546	0.0351194934216206	0.0159828138525108	0.00581018243074561	0.00175571218919228	0.000659121187304743	8.16610320554548e-05	
3.24015008838088e-05	8.85255292004062e-05	0.000470400361045296	0.00102354026899032	0.00199327090258431	0.00431576419807732	0.00886701787579232	0.0191840029161351	0.0327087365439749	0.0577811336475122	0.0867527042234778	0.110873307238553	0.136122176802261	0.140425211839277	0.134261404894362	0.107688123982029	0.0769859660999297	0.0448905436798269	0.022773047737247	0.00884734553597001	0.00271246850255885	0.000880626506163518	0.000322279214147884	
0.000150703535307104	0.000128592591902973	0.000528917040904082	0.00162980927565713	0.00329860363573734	0.00675198387530359	0.0141754421897747	0.0278126574677384	0.0455136313966086	0.0759796020728428	0.104063991397679	0.126803351088033	0.13957300277085	0.13795948576928	0.123579226419552	0.0886515001111366	0.0561548138433125	0.028994429205996	0.0123152136091693	0.00413998321895769	0.00128767151982479	0.000399160715137734	0.000108227249293904	
1.34341164644443e-05	0.000158873029492558	0.000274523249490818	0.0010355951518026	0.00235213856531813	0.00552609460304814	0.0100709146121717	0.0225056496300653	0.0392614974133485	0.0656022952480026	0.092461182704568	0.120568274808286	0.134918831652414	0.139523229047597	0.126519588402035	0.104609712632567	0.0705396250946959	0.0358556568436018	0.0187183969711324	0.0062719801128349	0.00241113185935765	0.000638996670091393	0.000161793489593525	5.84092020193229e-07	
5.26398597206227e-06	4.62060990881022e-05	0.000169032438436222	0.000473758737485604	0.00133997687355496	0.00391699045054456	0.00878968679868354	0.0166540818409446	0.0337292825596541	0.0525883896355626	0.0817105146950017	0.111847419272388	0.13339525340536	0.138567412066577	0.134225208526955	0.111986037569653	0.0840921759036948	0.0491831755989685	0.0238131027629493	0.00927572817010395	0.00298526493348954	0.000901311375883107	0.000280745918509988	2.39803805393948e-05	
3.41484811285484e-05	4.18024510366713e-05	0.000258468676128151	0.000856655862793758	0.0031192871210181	0.00609668141527791	0.0134809960758685	0.0247140800664129	0.0447845554662592	0.0684806575348918	0.100738608096134	0.131058337969873	0.138956057381224	0.137485317625032	0.121512071193695	0.0953119434312747	0.0620030439249558	0.0312052353154172	0.0128733886185467	0.00476076928285246	0.00168976104894714	0.000448640389999205	8.94925712334373e-05	
4.3836654106004e-05	2.74709699064292e-05	0.000564616104885332	0.00199193756257682	0.00456661038040279	0.0109328615340374	0.0188602820625672	0.0378199272077746	0.0577469011869212	0.0865364776488591	0.117402742537979	0.139962253718371	0.14092958255231	0.132538077978978	0.108783287363295	0.0720522626435139	0.0417880211374501	0.0180910949051872	0.00635163893559928	0.00217079111132932	0.000773863067151325	6.31247819126458e-05	2.33795488565355e-06	
2.45335701017559e-05	5.31560685538045e-05	9.69660151640829e-05	0.00127516151266984	0.00363213664030281	0.007690690094279	0.0154690000817786	0.0289379300676426	0.050886713319392	0.0726579202542145	0.108211736392631	0.133468462679767	0.142811663960186	0.134541514305408	0.12084068366882	0.0883786814958468	0.0514071754851221	0.0260137621645618	0.00922286996039581	0.00307253758893419	0.000989520660770821	0.000252929425096674	6.42545883617416e-05	
2.56824378236936e-05	9.45580665326899e-05	4.78627250350653e-05	0.000573185316883343	0.00250578876311628	0.00561219635624576	0.0118582819733218	0.0224517038838267	0.0433828907101369	0.0638768924016757	0.0957785660210841	0.125527000705683	0.143237960043964	0.144290356302966	0.126342418106586	0.0987174540765909	0.0632681018869004	0.0324427558890122	0.01447263740542	0.00377006513416447	0.00117322045512782	0.000501974921099465	3.09356637421763e-05	1.75107530616092e-05	
6.21715295067822e-05	0.000234160059731152	8.59942651121847e-05	0.00117254342565128	0.00462044862278441	0.00864649094009744	0.0183231699345456	0.0344889296909726	0.0577428248535047	0.0809781266614179	0.113596100043869	0.138417066375371	0.149152985540762	0.135952284803709	0.108639808953281	0.0792315134119096	0.0407147982766284	0.0196194753768786	0.00601901751552109	0.00155777449166059	0.000590920051480351	0.000153395175605519	
1.6946943794e-05	0.000175313211662069	0.000122719248163448	0.000293357440847861	0.00295227448438924	0.00773949391750812	0.0125156101805551	0.0265044357164437	0.0478412223304619	0.0724142908317618	0.0986978319015114	0.128635484679671	0.14979520494991	0.142080254882035	0.120754571438088	0.0909402222854648	0.0573151482886801	0.0268363620638573	0.0110342135420106	0.00227439673262924	0.00090344741743186	0.000157197513123655	
0.000141471254664493	0.000198871476843939	8.52306329331166e-05	0.00133296071505602	0.00551621933146715	0.00966700913533233	0.0206495849789996	0.0394507668437763	0.0633588290818516	0.0883285055301345	0.116585649248695	0.143665798512465	0.149927061131816	0.131890055962318	0.10098786362171	0.0685532592889794	0.0369060236604875	0.0169823485619795	0.00429052165785757	0.00103552320012616	0.000446446172506801	
