# <P(U)> as a function of N_tot.
# number_of_species: 1
# species_total_upper_bound: 348
# species_total_lower_bound: 320
# volume: 729
# Bin widths for each
10	10	10	10	10	10	10	10	10	10	10	10	10	10	10	10	10	10	10	10	10	10	10	10	10	10	10	10	10	
# Bin lower bound for each
-1350	-1350	-1350	-1350	-1380	-1380	-1390	-1390	-1400	-1400	-1400	-1410	-1410	-1420	-1420	-1420	-1430	-1430	-1440	-1440	-1450	-1460	-1470	-1470	-1480	-1480	-1480	-1490	-1490	
# Bin upper bound for each
-1090	-1090	-1100	-1100	-1110	-1120	-1130	-1130	-1140	-1140	-1150	-1160	-1170	-1170	-1180	-1190	-1190	-1200	-1200	-1210	-1210	-1220	-1220	-1230	-1230	-1250	-1260	-1270	-1270	
# Normalized histogram for each
2.08119025919711e-06	1.43791326999073e-05	3.25422476892639e-05	0.000138872150022789	0.000633627834368284	0.00171111679128897	0.00408443048323157	0.00801409609082466	0.0164168071627758	0.0268004329632536	0.0453116743232395	0.0673624527167763	0.0899348530689137	0.112883192061508	0.131169854072615	0.129667802302818	0.118348776080388	0.100738311704406	0.0686338707660313	0.0417443250198612	0.0217145715671192	0.00953241898446618	0.00346423578599083	0.0012498493502051	0.000284177069937642	8.51396015126091e-05	2.61094777972001e-05	
3.78395436853748e-06	2.49740988323474e-05	0.000102923558824219	0.000272066319097845	0.0012144601545821	0.00291496924780285	0.00608819338125838	0.0126620573057185	0.0213261776233588	0.03751298842337	0.0588855194877434	0.081376398265738	0.103967173439062	0.124570994173467	0.132610194427143	0.125774670058099	0.107073232382476	0.082848734910536	0.0517694149022718	0.0282296239733186	0.0133889549399146	0.00489946411638233	0.00183502867102225	0.00047148071431977	9.89504067372551e-05	5.24077680042441e-05	2.51632965507742e-05	
2.38949985492322e-05	5.84099964536788e-05	0.000214675701251832	0.000645354603674899	0.0019203234548375	0.00452658508231448	0.00900234588200043	0.0172026921698365	0.0287267189701635	0.0492265416541028	0.0719977167001386	0.0952640492161113	0.117035427179992	0.132572865522362	0.131607014509574	0.115716840474335	0.0944827206921205	0.0630338683158009	0.0365210399255083	0.0184778506638448	0.00785519630879165	0.00280766232953479	0.000901751730965074	0.000121940349739336	3.48942835957042e-05	2.16192844016863e-05	
3.58365479797051e-05	8.15853326346477e-05	0.000270489689272348	0.00118737158173182	0.00339475044133281	0.00669171285546567	0.0133508297018647	0.0235873108883442	0.0388994291123535	0.0624406099761706	0.0859972310548088	0.10965488069956	0.128131480482139	0.133647449571972	0.125318502085668	0.104136242930621	0.0749250720686323	0.0460146994657495	0.0249740709231971	0.0109907642734778	0.00447861539778282	0.00134653922834381	0.000360652919029798	4.78456039516275e-05	3.4311588491207e-05	1.71557942456035e-06	
1.90794144375074e-07	0	1.98425910150077e-05	5.32315662806456e-05	0.000187741438065073	0.000783019168515303	0.0020552345232083	0.00487765230094876	0.00996155307196698	0.019091434468603	0.0323170937625388	0.0521703692496314	0.0779871065133114	0.101830269147576	0.121019771806387	0.134213950066501	0.129424635454398	0.11231631532243	0.0869200883529524	0.0574296098393303	0.0323928390378557	0.0159158567296243	0.00613307777093675	0.00199589754430765	0.000747722251805914	0.000114094898336294	3.47245342762634e-05	6.67779505312758e-06	
6.45260222060612e-06	0	4.8584299072799e-05	0.000138351382906525	0.000345404001220681	0.00136719254109548	0.00337547009105001	0.00718060757702509	0.0146517720363957	0.0263450259546435	0.0435328604461557	0.066247348739617	0.0931389480588295	0.113148277762511	0.131801801870192	0.135014818211217	0.121981700420102	0.0969171364414126	0.0680648949592271	0.0415763934963843	0.0211248707581732	0.00935114909458604	0.00320960025749679	0.00109827085443081	0.000226600207394227	6.7372758479858e-05	3.9095178160143e-05	
1.71505013663233e-06	1.10525453249639e-05	2.66785576809473e-06	7.03170556019254e-05	0.000204090966259247	0.000765674605443188	0.00238258576203489	0.00556819611026629	0.0106392182420355	0.0212616671049573	0.035199117320863	0.0560830922735086	0.0817760678092712	0.106148264178701	0.126350030299219	0.135713441800726	0.129615104637114	0.107797761287888	0.0812152464145924	0.0518354847684492	0.027458905493115	0.0125924697865334	0.00507140325402179	0.00167350781110057	0.000429905900915837	0.000109382086491884	2.36295796602676e-05	
4.37607035351228e-05	4.37607035351228e-06	3.00617006893452e-05	0.000179989676279244	0.000460438706760857	0.00143877582666347	0.00370101393550091	0.00828713566598178	0.0153662856504658	0.0289857581741665	0.0473077939525371	0.0719096809521264	0.0974750644852019	0.117956976378924	0.1341543348687	0.134447341318457	0.119238213672861	0.0919362912651543	0.0624079003671523	0.0362768621749032	0.0175857143754101	0.00721918423579637	0.00256076221251834	0.000836209965377673	0.000168383576646016	1.94069206981849e-05	2.28316714096293e-06	
3.0513690348596e-06	4.15749030999621e-05	9.34481766925753e-06	0.000108705021866873	0.000290642900570377	0.000744724755070422	0.00231503554463504	0.00577166452943694	0.0118576200694644	0.0233118872946333	0.0393584649172659	0.0607704935665698	0.0869910983936831	0.112247470605781	0.127764063569171	0.136022784572583	0.127701701214521	0.104221416491277	0.0739283782660138	0.0463686038537265	0.0242034591845064	0.010364928479724	0.00392787479012302	0.00122569679919017	0.000360633677807469	7.8382042082956e-05	1.02983704926512e-05	
2.81868492816572e-05	2.83785965556821e-05	8.93542296955935e-05	0.000211113748701392	0.00039499938449125	0.00155257767777944	0.00411969018242452	0.00891931619854126	0.01809672422792	0.0316914142090099	0.0520018607155471	0.0774108672384059	0.101127512320721	0.123244985137669	0.132652298148603	0.132590747273641	0.115787741903567	0.087677975026068	0.0564628610457359	0.0324946435399001	0.0144991618726652	0.00618500007094649	0.00202120801549625	0.000476683723225849	0.000178133217569112	5.29222476308666e-05	3.6431982064727e-06	
5.69149774839734e-05	5.3453931555894e-05	0.000161515476643708	0.000298803631790861	0.000854493783576952	0.00299688121305814	0.0066463618638886	0.0132963770540346	0.0243084637955368	0.0432834558159031	0.0666803185700496	0.0921228517480205	0.115613931863542	0.130638524517665	0.133931517437903	0.124624572656968	0.101212519756804	0.0683566184812161	0.0418801939723962	0.0202638470679173	0.00854089994885343	0.00308475332356549	0.000795656002799602	0.000234582001792053	3.76869445501986e-05	2.48041624845695e-05	
1.38855112597032e-05	2.6228187934995e-05	0.000117833991384426	0.000254567706427892	0.000491971378104207	0.00190270075122544	0.00490640683275152	0.0102644784900895	0.0188501600980163	0.0333896403671869	0.0572707911906459	0.0827534043127241	0.106259260623525	0.126874037777462	0.134174345322251	0.13093207844311	0.11182947203622	0.0820492931792633	0.0508707276258611	0.0274792339286296	0.0122983201809899	0.00497332728285037	0.00153203474232059	0.00036989459161265	8.33130675582193e-05	3.25923805956923e-05	
4.61530380671803e-05	3.70769176104545e-05	0.000165880584517606	0.000599603276981568	0.00113277707657774	0.00297638818296841	0.00781801567426692	0.0154944824911981	0.0262583751349832	0.0453701744005512	0.0719662970818921	0.0978071706758659	0.121186291427662	0.131994985346893	0.134221724601925	0.121299839487844	0.0956916621736652	0.0623734170859706	0.0358325235631536	0.0173670599394719	0.00713981705630902	0.0022620781921295	0.000782670557683187	0.000156032028277329	1.95040035346661e-05	
6.34611967474021e-06	2.76921585806846e-05	0.000116922447340668	0.000382882553709326	0.000877110661711822	0.00204671974843212	0.00515054918935052	0.0116983985470847	0.0210556558541608	0.0368871090694127	0.061261400900149	0.0859479987415452	0.112960353290405	0.129929877300661	0.138468292863038	0.128187963603273	0.106087697989319	0.0749247888665215	0.0451805259510141	0.0236714110000946	0.00995283102321757	0.00376094128723922	0.00112230164914497	0.000227306468349786	6.13458235224887e-05	5.57689304749898e-06	
6.92836913119021e-06	8.75668876303207e-05	0.000267512030343178	0.000637025050673322	0.00147439544205689	0.00340971988603603	0.00827420483492391	0.0165578399500542	0.0295304413294155	0.0506837145604296	0.0766779932671648	0.102276392659932	0.125802054954284	0.138671693070168	0.132900169129189	0.114948764710275	0.087469698007786	0.0567962682264222	0.0319719216293677	0.0137131670576063	0.00564662084192002	0.0016062269102476	0.000454770451583402	0.00012528800845569	9.62273490443085e-06	
7.75051161107817e-05	0.000226716960593384	0.000618687971747162	0.00106593694601237	0.0024080704279906	0.00598007055478201	0.0126406785505268	0.0225916783085407	0.0399603622214165	0.0659381056899192	0.0931936205364978	0.11959696566504	0.135757072293525	0.138214622296888	0.122941668992464	0.0982563861509761	0.0689691162406656	0.0408312800598084	0.0194143551071813	0.00734095215711621	0.00302598528137256	0.000694453571536256	0.000224011046315202	3.1697852972988e-05	
1.56683842568717e-05	0.000113934300337006	0.000392483353792503	0.000847253370927139	0.00189045826348651	0.00439430475510315	0.0092420254694422	0.017380300314567	0.0317126162990657	0.0545515108771471	0.0830766748825742	0.109928029888313	0.132164368701455	0.139056523406051	0.133311642615374	0.109657024871722	0.0791783421920959	0.0503945531280092	0.0257089170128864	0.0110642005274636	0.00441925810780854	0.00109330503481283	0.000356504101054502	3.40448843112275e-05	1.60552579422266e-05	
6.324726498965e-05	0.000200732935531176	0.000774586169095805	0.00130717441879524	0.00315638561163287	0.00690513585146148	0.014693805142504	0.0253719874392474	0.0434628263235888	0.0717065866820157	0.100483128117169	0.1245822643485	0.13993688771393	0.137463688260401	0.121393290969235	0.0907019771519255	0.0603716355299224	0.0332755816386248	0.0156305588416495	0.00564790363276478	0.00209333020953549	0.000619746066087607	0.00014095655703486	1.65831243570424e-05	
2.13686566853864e-05	0.000127441898429962	0.0004577897801608	0.00105668969861339	0.00241889343470162	0.00539009926607327	0.0102958423139445	0.0208771775816225	0.0356469620700569	0.0604045721994932	0.0901780413373776	0.116272636337805	0.137312485224825	0.139957578403719	0.130073708389835	0.102896819804856	0.0709835973421241	0.0423303463416475	0.0210515920226762	0.00848162411031309	0.00264316807468788	0.000782939880535733	0.000309556756307219	8.47045850591893e-06	2.05986150030301e-05	
9.70501013913087e-05	0.000233460482472134	0.000736654646345958	0.00191032416277405	0.00378225275859607	0.00790775030919043	0.0163549679811842	0.0294001995025941	0.0488613495559427	0.0786437682451296	0.106361701676092	0.129836828487581	0.141813930066044	0.138130078006672	0.116261776730743	0.0826797404536851	0.052096224307288	0.0276544553328355	0.0116041436341501	0.00405179349745026	0.00113874691533102	0.000343437734545784	7.64052488090621e-05	2.29601631522182e-05	
4.42053426577136e-06	0.000117624650897916	0.00045493063509047	0.00138670237945828	0.002784167798868	0.00630771800297175	0.0121876051678736	0.0241858961508871	0.0415207329783965	0.0672111483567817	0.0951998571590841	0.12311360907601	0.138388669132812	0.140415387995097	0.125317725900352	0.0967624199234633	0.0640483521881933	0.0341960998971553	0.0172024129966783	0.00640304778539882	0.00206977102209095	0.000532001689028484	0.00016163779641364	1.80665313470656e-05	9.99425138348308e-06	
1.72935747644471e-06	3.15127362374369e-05	0.000154489267895727	0.000834895359461363	0.00223087114461368	0.00491060662978011	0.00996840079588874	0.0187735204626223	0.034514900816545	0.0555586833440778	0.0852646253202914	0.112547545321175	0.133974284454325	0.141743134691007	0.13322412761121	0.108227802495847	0.0769462237077616	0.0446633469408147	0.0232875277778045	0.00916232806103479	0.00299409424421794	0.000721142067677444	0.000209444405480526	3.47793003596103e-05	1.99836863944722e-05	
7.14232491555649e-06	1.13891127031847e-05	6.58252107082368e-05	0.000456529687170029	0.00134082672603933	0.00397557247664556	0.00764209462383691	0.0154845604169265	0.0279552527552966	0.0475910482346296	0.0735616998424442	0.102919357746701	0.129731066372274	0.138657428230252	0.137991068619211	0.117825775917084	0.0891315820867403	0.0551669315761412	0.030408544845886	0.0132644555830396	0.00478362037114609	0.00155509647350603	0.000316385690178299	0.000111767733138033	4.18887704506961e-05	3.08857293645686e-06	
3.29172667811649e-05	5.27446263043226e-05	0.000157271385732232	0.000755557146877614	0.0024901623571997	0.00555647313238786	0.012549563586342	0.0218466702163415	0.0401074758385337	0.0621221973642317	0.0914482095894351	0.118940287308064	0.13804827942794	0.139815224409135	0.12998027658974	0.102228325712312	0.0666557327441335	0.0386017515065906	0.0185942132599991	0.00704121511299092	0.00228091633970773	0.000538803682575909	0.000112034206237649	3.83072285932854e-05	5.38996181212056e-06	
2.62770501460791e-05	1.77756515694065e-05	0.000111870676724852	0.000343533787939182	0.00152600104451274	0.00425475677402065	0.00921010607620074	0.017541863108548	0.0325675054520049	0.054079328482255	0.0792716774553923	0.11050929367096	0.132087388967387	0.142384901206986	0.134200759368106	0.113643025114484	0.0807551715070217	0.0472577289788912	0.025555204121478	0.00993716886811027	0.00342432470396295	0.000888975792074339	0.000294650746123314	9.29357435313534e-05	1.70027971533453e-05	7.72854416061151e-07	
3.29512593065629e-05	0.000119279704741301	0.000192119330576861	0.000872533930643958	0.0028677230467852	0.00653475500353311	0.0146735233548313	0.0261087665187457	0.0459105463877616	0.0695797635332845	0.100463379492716	0.126296203301947	0.141680780147078	0.139114821264469	0.122902608988217	0.0919812243339076	0.0575571786245374	0.0319421029031216	0.0146924077022701	0.00458273011010923	0.00146045376774526	0.000333944633791073	5.95435036592277e-05	4.06591562203788e-05	
0.000119578240061666	0.000195970117340227	0.000429560355149292	0.00183570832736722	0.00522420632102477	0.0106443827593898	0.0218872325372583	0.0371707903565044	0.0620983428336933	0.0862393276900593	0.117024870354539	0.139285425005633	0.14504744549785	0.130793066688573	0.101718855626646	0.0715694001011137	0.039138744923683	0.0196371270665634	0.00698409858928387	0.00216354080573853	0.000587718412630533	0.000169866360280216	3.47410296166318e-05	
3.8055425699196e-05	0.000248229553418614	0.000379202033743765	0.00111500465551147	0.00346845263161962	0.0082968555014237	0.0164121267380898	0.0303037093415445	0.0519087597022018	0.0762692546931805	0.104229754320353	0.132604806960473	0.146802378367519	0.13864402916166	0.114547990403078	0.08234460057257	0.0511689004106895	0.0257358992091426	0.0110828217422044	0.00319144004048943	0.000912750692531478	0.000222537311702913	7.24405311532919e-05	
8.04127753199726e-05	0.000305299221131092	0.000828559385892637	0.00216094905542883	0.00616562069139982	0.0113828323341693	0.0256324378210139	0.043034108675365	0.0672762519336098	0.0923908160915582	0.122752794776786	0.14421992778625	0.145495759187977	0.124796779795386	0.0937543705209074	0.0622279455940244	0.0342190986497387	0.0162441501148768	0.00510005523087989	0.00139798956519196	0.00044746439089535	6.9255021806675e-05	1.71213803910947e-05	
