# <P(U)> as a function of N_tot.
# number_of_species: 1
# species_total_upper_bound: 348
# species_total_lower_bound: 320
# volume: 729
# Bin widths for each
10	10	10	10	10	10	10	10	10	10	10	10	10	10	10	10	10	10	10	10	10	10	10	10	10	10	10	10	10	
# Bin lower bound for each
-1350	-1350	-1350	-1350	-1380	-1380	-1390	-1390	-1400	-1400	-1400	-1410	-1410	-1420	-1420	-1420	-1430	-1430	-1440	-1440	-1450	-1460	-1460	-1460	-1470	-1480	-1480	-1490	-1490	
# Bin upper bound for each
-1090	-1090	-1100	-1100	-1110	-1120	-1130	-1130	-1140	-1140	-1150	-1160	-1170	-1170	-1180	-1190	-1190	-1210	-1220	-1220	-1220	-1230	-1240	-1240	-1250	-1250	-1270	-1280	-1290	
# Normalized histogram for each
4.37526400740772e-06	3.02290967784533e-05	6.84132190249207e-05	0.000210410423628971	0.000729873586690288	0.00218842750625066	0.00403995968393093	0.00792996713778979	0.0163662716466187	0.0272563037610565	0.0467811182697501	0.0686291979663773	0.093979875376571	0.113200410161113	0.128973634659091	0.132841765792913	0.119583522596648	0.0985050916140508	0.0668623868099314	0.0400933283587907	0.0197897168567785	0.0085604029061299	0.00206631786531665	0.000783172257325982	0.000292347185949516	0.000178590321756915	5.48896757292968e-05	
7.9428906164676e-06	5.24230780686861e-05	0.000165609269353349	0.000428121804227604	0.00151590067415284	0.00315888759816916	0.00606836843098124	0.0120938452526336	0.0211332519187045	0.0389193697316296	0.0611543005788382	0.0839591338277783	0.107625373564074	0.122164437692987	0.132734042236321	0.12924155323226	0.106198830409357	0.0789999900713867	0.0503714294224526	0.0264148770341246	0.0120505564987738	0.00381735323027433	0.001097310338665	0.000297461253586712	0.00016680070294582	0.000110009035038076	5.28202225995095e-05	
4.97868451301155e-05	9.996882395174e-05	0.000308204279376906	0.000864157383329863	0.00225739877959008	0.00468826124975255	0.00918014105482519	0.0166770125838227	0.0290032080904414	0.0501057180191632	0.0731613737850133	0.0979070163494467	0.119349736386558	0.131287515474423	0.133716402276128	0.116593283754592	0.0926707046695714	0.060293449987336	0.0355027621820705	0.0166165571290218	0.00707012714216792	0.00191995460704152	0.000481667969949293	7.78413372272442e-05	7.27045992376291e-05	4.50452408320093e-05	
7.49683179103299e-05	0.000149537868172201	0.000365271165988629	0.00144314011977385	0.0037376491690081	0.0066239294085558	0.0131366026431915	0.0228836802744797	0.0398859365018347	0.062119625509326	0.0864376730153135	0.112840079019797	0.130667784279463	0.134870396526574	0.125391689522699	0.105260702325533	0.0724261741514025	0.0441064932931269	0.0229407040482094	0.00980888661679944	0.00346967730924351	0.000978177041670422	0.000240456892020899	6.53978943473091e-05	7.17781767226563e-05	3.58890883613282e-06	
3.99376333916955e-07	0	4.15351387273634e-05	0.000111425997162831	0.000246015821692844	0.000958503201400693	0.00217500351451174	0.00527536199470906	0.0098082833846665	0.0181388743338403	0.0330176396539164	0.0531298324536404	0.0772697355809168	0.103054270451263	0.123920086393089	0.135521569517042	0.130622020652549	0.112592974810536	0.0858555280074635	0.0548463519368155	0.031985651207075	0.0142142031004384	0.00490474075683413	0.00153560200391069	0.000611445167226859	7.86771377816402e-05	7.02902347693841e-05	1.39781716870934e-05	
1.35935512193016e-05	0	6.67683251065694e-05	0.000269472162406155	0.000447387759247013	0.00157805137242892	0.00372823132705844	0.00706824682370683	0.0140961128040857	0.0263487001766362	0.0448867057467937	0.0671493443510399	0.0938530761006978	0.11619687620193	0.133427501993055	0.136200986252122	0.122157248601264	0.095211231791638	0.065823173486498	0.039782327263946	0.0200636817893591	0.00792224168854296	0.00256678231846812	0.000706864663403681	0.000253079938876997	0.000104750306454618	7.75632040160148e-05	
3.62203646988277e-06	2.33420128059112e-05	1.20734548996092e-06	0.000102221918150025	0.000313104930396533	0.000953802937069129	0.0025366328744079	0.00556666760571316	0.0105662852796413	0.0201739382402537	0.0362791221793391	0.058485022879197	0.0828854752313073	0.107175254246838	0.129932106938615	0.137310597676262	0.129608135898808	0.105313125052821	0.0794119422566897	0.0491212537075568	0.0266267974355982	0.0112866680886514	0.00454766801218614	0.00123913892119656	0.000442693346319005	4.99036135850515e-05	4.42693346319005e-05	
9.20630079226222e-05	0	2.44167107968694e-05	0.000238563272703839	0.000583199141492437	0.00178161934027649	0.00368091922111493	0.00814037127009725	0.0144646996404339	0.0295037923955155	0.047604980848893	0.0746855147663061	0.0984221601263905	0.119492580722246	0.137117042904164	0.135629624915292	0.117178997305756	0.0901653091375738	0.0604065422375073	0.0343278940106609	0.0170032370154133	0.00640878617325698	0.00231398369043774	0.000593205990179679	0.000113677801087064	2.20150671119314e-05	4.80328736987594e-06	
6.44534428612172e-06	8.78178158984085e-05	3.62550616094347e-06	0.0001297125537582	0.000331129562699504	0.00097163565113285	0.00247581787390651	0.00554702442624351	0.0111049253709698	0.0235802920707763	0.0397029179684919	0.0621415784325889	0.0884949798824691	0.11287731448285	0.129459171160952	0.138808948716007	0.127075199443122	0.104873808215558	0.0708290968622453	0.0431056569175463	0.0238497880287398	0.00970386865677414	0.00356185838611802	0.000901945366039159	0.000328712558592208	3.3838057502139e-05	1.28906885722434e-05	
5.97724742470091e-05	6.01790897180772e-05	0.00011913833302295	0.000197208503468023	0.000490378258108116	0.00208187121186862	0.00410071702572168	0.00865562353262642	0.0176475180598261	0.0321498654509406	0.0504125927184928	0.0792660265454844	0.103247800413609	0.122925142905007	0.13526429599004	0.134679989558115	0.114644012221235	0.0871543666842053	0.0536647032560954	0.031680224581857	0.0139408114255694	0.00553078363746815	0.00156546956361214	0.000324072530441267	8.01032478004136e-05	4.96070874703069e-05	7.7256939502937e-06	
0.000121381717616916	6.39714457710774e-05	0.000158698394316711	0.000373576840368279	0.000979255208341877	0.00342657308245591	0.00628519454700835	0.013245779934946	0.0241110839551413	0.042383953336931	0.0673069825653206	0.0944148827108146	0.116392764993513	0.132935534825891	0.135755199320262	0.124839866348887	0.101425497049932	0.0659369274350567	0.0394158422825012	0.0197138672051203	0.00720826970361537	0.00273354908660257	0.000525714060759751	0.00017469125575948	1.96835217757161e-05	5.12591712909274e-05	
2.95011841447525e-05	3.72862188496177e-05	0.00012374107794049	0.000240106859844791	0.00063550467511821	0.0021146612690426	0.00487916806660712	0.00978414966934089	0.0184038220423014	0.0333674782223898	0.056862712961673	0.0838460529874046	0.109565758958936	0.12857599423088	0.13585131403191	0.13025469355645	0.111294036663416	0.0808922469249113	0.0495931295020036	0.0262400740807513	0.011459161346893	0.0043977251309115	0.00124683476878447	0.000218390710404904	1.92577174278245e-05	6.71971416630473e-05	
9.81802556630289e-05	5.54574665879034e-05	9.73586635654304e-05	0.00062564238232131	0.00123855008712984	0.00303496120852911	0.00752372963375889	0.0140927692501082	0.0253300951650127	0.0452574006962171	0.0728370150244547	0.0994438643091355	0.123677955615952	0.135525724459372	0.135027839648227	0.118791536615484	0.0965908857502245	0.06058707684926	0.0344304600340632	0.0165218062866584	0.00645607070292955	0.00210902691453553	0.00049952799533993	0.000119130854151792	2.79341313183513e-05	
1.34689534500724e-05	4.08150104547649e-05	0.00015101553868263	0.000380395897438409	0.000979968401018906	0.00225013152637119	0.00454311881371988	0.0112396375790332	0.0204777070453647	0.0360094511238209	0.061596381177913	0.0876204399939757	0.115506479586985	0.13232512094508	0.139446932119332	0.125500034896834	0.10700226400863	0.0746551437729151	0.0436838975396304	0.0224870300100527	0.00953357014202399	0.00342274677673659	0.000918337735232211	0.000102853826346008	0.000101221225927817	1.18363530318818e-05	
1.46777021241897e-05	8.64353569535614e-05	0.000230358380560199	0.000691482855628491	0.00168426631875076	0.00377053859012517	0.00786602519672198	0.0155004688710401	0.0291115913075386	0.0505332898438456	0.0770086027643006	0.104271211318139	0.127515391201533	0.13959921718922	0.133153667386961	0.114880743670241	0.0878162840950789	0.055358176703225	0.0311844090186325	0.0127634851388266	0.00526807192074041	0.00133363232356179	0.000231173808455987	0.000106413340400375	2.03856973947079e-05	
0.000104126108466992	0.000200959337741744	0.000677022285013012	0.00112756015511144	0.00268215890292408	0.00598704865687449	0.0127515992676329	0.0210849292246332	0.0402911317373542	0.0652518210927083	0.0954463667483604	0.122436907478888	0.135950207462155	0.138695571318079	0.123371206335405	0.0972594575475425	0.0683346831912505	0.0403794566075714	0.0179886968475719	0.00678521376846972	0.00264690998682825	0.000471201027809774	6.1179153223797e-05	1.45857583844814e-05	
3.20364128301373e-05	0.000164237306281083	0.000448509779621922	0.000815103668209821	0.00182850867659606	0.00452402812067103	0.00922567584665345	0.0173122341788784	0.0310339569755031	0.054723464928644	0.0834548554225076	0.112106763170615	0.134140515761915	0.137365244304007	0.133439769921782	0.110081980774908	0.0790082824265271	0.0506025278757344	0.0248257867980781	0.00967905191683185	0.00379449006141259	0.00114438932919807	0.000218983075041445	0	2.9603267551899e-05	
5.34643046784912e-05	0.000236134012330003	0.000765106602558105	0.000937245462318399	0.00289517310486254	0.00687826380341013	0.0148578112766749	0.0247325063377478	0.0433263384201379	0.0718774922162858	0.102573698721353	0.124940004544466	0.14051269837991	0.137127435815495	0.121486291468758	0.0912749089992981	0.0609476872030352	0.0327626828874127	0.014417945860911	0.00496488974809807	0.0018202165547359	0.000555299709956147	5.67045655680967e-05	
4.45978539191268e-05	0.000114106220838126	0.000453612406078326	0.000974322484269212	0.00214069698811809	0.00564865971395499	0.0100272850473842	0.0209308576569091	0.0344978462450817	0.0609568288756238	0.0928189821323319	0.116839546966161	0.137395139798201	0.13821115999018	0.129101144316646	0.102902918507667	0.0720673194560348	0.043170320811247	0.0208440726438773	0.00769292890981551	0.00217725919268242	0.000761377776367075	0.000229016006611732	
0.000150866842356989	0.000217472948291192	0.000556522101992405	0.00173376496229934	0.00406216997878234	0.00809384559581168	0.0157972831128644	0.0293351747647922	0.048559462400452	0.0811326568934912	0.108271033887261	0.128912105619629	0.140322213056081	0.134742948580086	0.118385532190811	0.0837748328427486	0.0527227452629416	0.0272800152792802	0.0111288370734401	0.00333471895433229	0.001088568466262	0.000310159758356258	8.70694276368796e-05	
9.23164608277174e-06	0.000130045796992089	0.000313073214980955	0.00124386396567433	0.00257763613667653	0.00657373476276676	0.0120589380395997	0.0240669013377859	0.0408865591246794	0.0691502470468767	0.0996608373504373	0.124685823001248	0.136042754562641	0.136877616469257	0.122682555801287	0.0981946111269432	0.0656743316087548	0.0340611616621779	0.017113063581959	0.00554661379207925	0.00176886366464239	0.000522190067551567	0.000158944862990331	4.0137591664225e-07	
3.61554539899753e-06	3.17364540578672e-05	0.000132971725229798	0.000474038174535232	0.00191784597053491	0.00455598893000344	0.0102914491146132	0.0182906424462619	0.0346698665582539	0.0561646856825607	0.0884981064585291	0.117001459475159	0.134300237300296	0.137367826707712	0.1308011928086	0.106975953811006	0.0782171022528463	0.0459077851128713	0.0224067400193874	0.00867851413939374	0.00237019087267616	0.000672893171480096	0.000231394905535842	3.77623630561964e-05	
2.33520404650599e-05	6.48220433599077e-05	0.000256872445115659	0.000926431812243153	0.00371700064781781	0.00745292450084007	0.015232777568191	0.0272928986042324	0.0487361110719674	0.0752443005922963	0.106300098682502	0.132174964760563	0.136814773628138	0.135042434281118	0.115553143406088	0.0895595040187654	0.0572938286596372	0.0297468759600004	0.0124885101921591	0.00439702817101585	0.00129201203193754	0.00030921322546838	8.01216560783952e-05	
2.99468383725211e-05	7.22717032723509e-05	0.000572982840860904	0.00220528517775245	0.00499912555231952	0.0122790023150903	0.0211097260143793	0.0406290752655885	0.063737652918539	0.0938230453299303	0.120056875035437	0.137738686284108	0.138227418686348	0.128106185898792	0.103134515607893	0.0677876633400388	0.0391437120823115	0.0173843393208377	0.00644935111190614	0.00193177072061676	0.000528661520069573	4.51199031479318e-05	7.58653238770535e-06	
1.67945115536243e-05	5.27827505971049e-05	0.000177541979281171	0.00128837895775661	0.00388992877127755	0.00870355567800443	0.0173131420651731	0.0314581194865518	0.0551843657492731	0.080660440168153	0.113265784741546	0.133445989850517	0.140159395909417	0.132404730134192	0.11419748026345	0.0821107662016053	0.0483282063421674	0.0246315504093262	0.00888709569712618	0.00288345768602821	0.000714966348997148	0.000173143416731412	5.23828812743995e-05	
1.75297477827857e-05	6.45413441093474e-05	5.97605038049513e-05	0.000775292936029568	0.00260515956253718	0.00603581088430008	0.0134473085661901	0.0246448333658032	0.0475382855667626	0.0699624186111739	0.102941053434257	0.128009389570358	0.141524028304168	0.139383407057875	0.122860424562523	0.0914590686365322	0.0585015491914603	0.0312854205486094	0.0136720080604968	0.00371710333666797	0.00111831822786999	0.000344220501916519	2.11153780110828e-05	1.19521007609903e-05	
4.24419596285734e-05	0.000159851492806683	0.000243942104407221	0.00131173421020273	0.00434097949696362	0.00971444890900365	0.0201742103613913	0.0366313776977419	0.0626970873709388	0.087578785366647	0.12111031339619	0.139377412151093	0.144568817455942	0.131219432864356	0.102253390398597	0.0724515983166012	0.0388066272921633	0.0189552931470118	0.00608109984173512	0.00170521480788072	0.000471224748025656	0.000104716610672368	
1.1573436648205e-05	0.000119725206705569	0.000169211625477205	0.000583460840678475	0.00279039548428447	0.00746007762982403	0.0144759747427704	0.0289044584868809	0.0515788163008263	0.0767470501704488	0.106261708127506	0.134464576903092	0.146488579412532	0.138074690969287	0.11436830187354	0.0847071800802797	0.0529927709920191	0.0255014690282863	0.0107030343954556	0.0026399408078578	0.000815328657664927	0.000141674827934924	
9.69984543852842e-05	0.000136354384648166	0.000254024640787691	0.00141283814297254	0.0047107855920722	0.0103927483319446	0.0234084302787831	0.0421585495391778	0.0670927178012836	0.0936245778182026	0.12586742060438	0.145054827978807	0.144741173140651	0.126706616248672	0.0952357857510861	0.0632306686850826	0.0342694744273911	0.0153969144950674	0.00469965462189684	0.00111071180964133	0.000398727253067377	
