# <P(U)> as a function of N_tot.
# number_of_species: 1
# species_total_upper_bound: 348
# species_total_lower_bound: 320
# volume: 729
# Bin widths for each
10	10	10	10	10	10	10	10	10	10	10	10	10	10	10	10	10	10	10	10	10	10	10	10	10	10	10	10	10	
# Bin lower bound for each
-1330	-1330	-1340	-1340	-1380	-1380	-1390	-1390	-1400	-1400	-1400	-1410	-1410	-1420	-1420	-1420	-1430	-1430	-1440	-1440	-1450	-1460	-1460	-1460	-1460	-1470	-1470	-1460	-1460	
# Bin upper bound for each
-1090	-1090	-1100	-1100	-1110	-1120	-1130	-1130	-1140	-1140	-1150	-1160	-1170	-1170	-1180	-1190	-1190	-1210	-1220	-1220	-1220	-1230	-1240	-1240	-1250	-1250	-1270	-1280	-1290	
# Normalized histogram for each
4.22258958751634e-05	9.50082657191176e-05	0.000866686512837728	0.00307193392491813	0.0050016573664131	0.0122265081506536	0.0213536355440701	0.0319755596514675	0.0535909957499636	0.0719867072879785	0.0973950844834612	0.112908878627996	0.131911587419217	0.139339122503658	0.113355417476876	0.0877211317384612	0.0554784932955834	0.0326015585578168	0.0166633941597363	0.0088927736713094	0.00116965731574203	0.00113587659904189	0.000596440779236683	0.000473985681198709	0.000145679340769314	
0.000166818096930757	0.000406028952906936	0.00189060509854858	0.00433307383851589	0.00810064482014071	0.016857021153374	0.0249146499862559	0.0443547287160043	0.0665845515950538	0.0845285133045301	0.113098473037369	0.120939972763536	0.137580864810195	0.128386984411426	0.0981593354134885	0.0677606716369367	0.0411306280124306	0.0226694252854268	0.0119521494354414	0.00361649044100829	0.0011960542798809	0.000501503461213219	0.000440651576798226	0.000290620206602639	0.000139539665986105	
5.21440050558827e-06	0.000226304981942531	0.00122955563921771	0.00289816380100596	0.00631151037196405	0.0129379705344656	0.0204998941476697	0.0322990396117149	0.0550192254946641	0.075094667441179	0.100504441104911	0.121830296292666	0.132007763199473	0.140219401115673	0.110818525304964	0.083683827953984	0.0490164076326309	0.0293800182086866	0.0149236142469936	0.00808440654386406	0.00189908466413525	0.000701858308052182	9.80307295050595e-05	0.000191889938605648	0.000118888331527413	
0.000193365979085118	0.000358510977438894	0.00210089523222209	0.00473171776928826	0.0087275995965445	0.0177499516585052	0.025837875691806	0.0435993247869055	0.0666799061391085	0.0889452147146284	0.11352359848861	0.133982764297324	0.137375553314136	0.127762651099834	0.0971627462149916	0.0623809100743675	0.0349511620250122	0.0188317559198733	0.00903280427704641	0.00436275457676368	0.000942789800728519	0.000397184173255917	0.000171416327405185	0.000188139871542277	9.40699357711383e-06	
1.04366920695752e-06	0	0	8.14061981426863e-05	0.000297445723982892	0.00122318031055421	0.00326459727936311	0.0062693209261938	0.0124186198935875	0.02230738562951	0.0360587711003822	0.0567307270825897	0.0797144103582081	0.104214544991536	0.12519647072821	0.136713360426986	0.136280237706099	0.109544563631468	0.0770634905725361	0.0444258671325606	0.0268348226492917	0.0134435030548198	0.00481653339010894	0.00202158725387671	0.000653336923555405	0.000204559164563673	0.000183685780424523	3.65284222435131e-05	
3.52743200874803e-05	0	9.23357202289926e-05	0.000403579721000878	0.000500065361240162	0.00204176064506357	0.00476203321180984	0.00859344686131175	0.0172315053627341	0.0309034168366405	0.0485966008005196	0.0687309752104528	0.0967356729199045	0.119376599016054	0.134981335734754	0.137267941660424	0.119728304736926	0.0903385712240397	0.0558900852186074	0.0340739557245034	0.0180915762848671	0.00723331057793861	0.00278148388689808	0.000725198521798492	0.000411879561021461	0.000271819760674113	0.000201271120499152	
9.45173628395536e-06	6.09111893854901e-05	3.15057876131845e-06	0.00014282623717977	0.000484138936322602	0.00121927398063024	0.00361266364631183	0.00624339691201274	0.0123397668151639	0.0241071784886884	0.0423343268158361	0.0614898456846523	0.0799322835604901	0.113073221550799	0.13214472498598	0.132901914081617	0.131102933608904	0.102894751765899	0.0714656282359069	0.0429528904459749	0.0225476420018357	0.0116728943106849	0.00484138936322602	0.00140935889922979	0.000772941989443461	0.000124972957532299	0.000115521221248343	
0.000240061706295984	0	5.94935532994394e-05	0.000319386444028569	0.000900753271884495	0.00247263557484863	0.00492648371181323	0.00826021018968006	0.0160987467735185	0.0345594919876796	0.0530181497087425	0.0737845310498942	0.0970485978830733	0.126785980813851	0.135513789457534	0.133467002474723	0.119269961913688	0.0839224412814285	0.0529169062934786	0.0305974300872468	0.0156186233609265	0.00693152083265925	0.00226179877192781	0.000778634925638277	0.000177436913349205	5.74060602012135e-05	1.25249585893557e-05	
1.67760957411784e-05	0.000228574304473556	9.43655385441285e-06	0.000301969723341211	0.000374316636225043	0.00116069612409278	0.00304800689497535	0.00675971807771107	0.0115692150255102	0.0277256437302488	0.0444283440525595	0.0646036961932942	0.0871119741480365	0.115533825851544	0.135404062750986	0.13369394949137	0.128024677636835	0.0989653342951628	0.0645586104359898	0.0400246189205002	0.0218330401011599	0.0094564754681055	0.00357121138090335	0.000906957676007457	0.000580872315038302	7.44439248514791e-05	3.35521914823568e-05	
0.000156401281000968	0.000157465235293492	0.000247901350157997	0.000377703773845876	0.000589430678058071	0.00275776952622115	0.00474630009894775	0.00972347827937312	0.0210545914947494	0.0390322271755205	0.0521933417740374	0.0784027918160636	0.101733181542521	0.128030939790827	0.133643298683889	0.129703475938674	0.116566832288885	0.0817787187862409	0.0507910500164913	0.029401312919597	0.0118088286927194	0.00522933534775346	0.00118098926470119	0.000378767728138399	0.000170232686803775	0.000123418697932737	2.02151315579483e-05	
0.000320908605012462	0.000169127508047109	0.000287299933541563	0.000413061413884284	0.00182245731427686	0.00381946289006387	0.00666427430747164	0.014121062771241	0.0285652024488796	0.0492041791840899	0.0697369091514244	0.0930808418646958	0.113982183067518	0.136116203607837	0.133752755097948	0.121861790301405	0.0984300413820319	0.0622432595641064	0.0377414539111278	0.0185574074053997	0.0060538974675324	0.00230598852318077	0.000269953522459808	0.000301393892545488	4.33660277043868e-05	0.000135518836576209	
7.74082846216616e-05	9.78354708412668e-05	0.000290281067331231	0.000346187050669098	0.00121165467734184	0.00280497520247104	0.00577121766457055	0.0104339916979615	0.021803333501768	0.0387471469133984	0.0610041789722545	0.0860092051351796	0.106447142505427	0.129955608499	0.136021407691158	0.127448440169309	0.107423346983711	0.0764288547981848	0.0482092345933324	0.0232859171752857	0.0102028419591607	0.00417037133399202	0.00130626480299054	0.000276304571496764	5.0530408016918e-05	0.000176318870527118	
0.000254264786454815	0.000143622368917992	0.000170219103902805	0.000983015325038698	0.00197879708287011	0.003959721904539	0.00889394817892156	0.0171134031586282	0.0276435824738155	0.0511136052938141	0.0737655125456799	0.098310043459065	0.123285441479204	0.135010346129909	0.129136723175863	0.115800056385078	0.0946599075497492	0.0613288792667812	0.0315150032182049	0.015670796253052	0.00593745511800971	0.00223518960812371	0.000709600889394818	0.000308522125823834	7.23431191586921e-05	
3.43882538061545e-05	0.00010420682971562	0.000350134947844482	0.000504361055823599	0.00146514802580161	0.00281566853891604	0.00642747725685941	0.0129581192751373	0.0247001448474933	0.0388993674645436	0.0657117847503725	0.0907339287016871	0.111740983504059	0.134542479914134	0.136147265091754	0.119041713993935	0.104259975198775	0.0699926013150902	0.0443139543365672	0.0217125350395465	0.00865854548107083	0.00363577628877797	0.000725279534820712	0.0002355074351573	0.000258432937694737	3.02199806175297e-05	
3.75460330008771e-05	0.000221104416560721	0.000332699570202217	0.000872945267270393	0.0023841730955557	0.00505932794686819	0.00975049618125556	0.0184768200178761	0.0327161530334587	0.0555368404804641	0.0802598602661805	0.106524353295655	0.124377491987572	0.141142838667825	0.128215530916551	0.108979446675768	0.0819327446254418	0.0539807660016499	0.0302829615059297	0.0123985344531785	0.00455349944671749	0.00134018478905909	0.000299325318645881	0.000272208739256359	5.21472680567738e-05	
0.000266303857882853	0.000419661721566364	0.00111702552061368	0.00150870979407562	0.00279463620509749	0.00754976618106797	0.0156880949741105	0.024995259376849	0.0436147691912341	0.0680722398434092	0.0977480226679502	0.120456384712708	0.136121683247622	0.137900841706707	0.117432747913867	0.092103831563328	0.0659625330159793	0.0393621970793617	0.016861075390933	0.0070772581686377	0.00238222789600264	0.000417589318003073	0.000109837388854406	3.73032641392324e-05	
8.24942932745222e-05	0.000411427234812174	0.000739315944789389	0.00119564513670035	0.00193913800773149	0.00491102102873516	0.0113069393364117	0.0202549595777963	0.0334206310917859	0.0600777743666213	0.0871369467922251	0.11439034628807	0.132295784854883	0.139047786124669	0.126401097696216	0.102720014368626	0.0748912432829805	0.0487447292411987	0.024999947788422	0.00981577666810771	0.00367047393493602	0.00112254892746976	0.000347729109625518	0	7.62289039119003e-05	
0.000138507933776419	0.000417622406386475	0.0010115276375793	0.00117941604215678	0.00255610095969209	0.00843639233001824	0.0178077132130273	0.0271874285162652	0.0466771736826531	0.0769275162799287	0.105389847368454	0.12475262692888	0.140766032817986	0.13259931123782	0.115708688434797	0.0867070158465668	0.0592520151855062	0.0309764599470732	0.0142925497421864	0.00509016656628339	0.00162432031428709	0.000454347994887798	4.72186137874155e-05	
4.34898311455532e-05	0.000138753270797717	0.000614034996888406	0.00101786914323997	0.0022656131082493	0.00518668010019229	0.011613855860203	0.0235135020393624	0.0387742908827711	0.0667889904456983	0.0953234970380319	0.115191101566359	0.138601056388708	0.138950010510043	0.1237389243308	0.0982010741988293	0.0668956440792219	0.0408504125838862	0.0211629802131623	0.00758483364621851	0.00268187292064245	0.000538445528468754	0.000323067317081252	
0.000148497663776191	0.000178824651448793	0.000683925859926964	0.00187504444472331	0.00339766837752707	0.00877181974475134	0.0174463839773112	0.0341325017464162	0.0527271282225039	0.083882356386027	0.109306829637624	0.132460961846558	0.141468077185321	0.131806317216108	0.111049062791505	0.0784203613303718	0.0477357243548718	0.0265664412011997	0.0118944537168338	0.0042248631102522	0.00126850469127127	0.000364969610266836	0.000189282233404863	
2.42238111638067e-05	8.42567344828058e-06	0.000333867310388118	0.00130281975694039	0.00232337945336337	0.00592219522496022	0.0130439957071194	0.0273665873600153	0.0466192511893365	0.0765293387215515	0.100741564584367	0.124681009269294	0.138381154296198	0.134960330876196	0.116603948059936	0.0929551891089745	0.0592809319637401	0.0317869062928195	0.0175148686806133	0.00601066479616716	0.0025045314325014	0.000860471900905655	0.000243291320819102	1.05320918103507e-06	
9.46770460761624e-06	2.52472122869766e-05	0.000106248685041027	0.000681674731748369	0.00168314748579844	0.00433305280875237	0.0104754891647381	0.0202493162213339	0.038494634967389	0.0628108563012834	0.0927835051546392	0.113971176099306	0.137870818430465	0.13800441826215	0.126022512097623	0.0984904270986745	0.0756848306332842	0.0423953292657269	0.0228339995792131	0.00847780349253103	0.00326320218809173	0.000887860298758679	0.000401851462234378	4.31306543235851e-05	
6.11680782782662e-05	1.47647085499263e-05	0.000296348793037807	0.00102403800014132	0.00343701322601499	0.00667786675272383	0.0152424523337204	0.0283081647783659	0.05339445922673	0.0792580101180438	0.107854086713133	0.131710691863696	0.140986092699168	0.134828154611809	0.112310919451133	0.0834469688580658	0.0541210938117943	0.0280139252294067	0.0115576029284745	0.00477111010570477	0.00215564744828924	0.000406029485122974	0.000123390778595813	
4.99317079868888e-05	0	0.000828034157449239	0.00244769393527394	0.00515128787398069	0.0128210062695501	0.0226284259133082	0.0425875859371505	0.0672403265117605	0.097601925699538	0.120465446737951	0.141968328733721	0.139505031139702	0.122776868720178	0.0946101841959903	0.0653054728272685	0.0370097980574485	0.0174490514535848	0.00594187325043976	0.00266718540163298	0.000879006109352521	6.13743910672174e-05	4.16097566557406e-06	
3.316148086738e-05	0.000101557035156351	0.00160625922951372	0.00466022435814399	0.00807896577631545	0.0180388092955776	0.0330081090183683	0.0564626026581	0.0848146325034327	0.120385502215083	0.132633487914195	0.14290007513148	0.129130806497578	0.107664965413612	0.0763822896966243	0.0467411072825721	0.0241913002927537	0.00850281095365165	0.00323531697712376	0.00110158294256328	0.000264255550661934	6.21777766263375e-05	
3.69397850720172e-05	3.59136799311278e-05	0.000834223479543055	0.0029233735463938	0.00717657935538023	0.0133414190418435	0.026321649074094	0.0474901981306417	0.0734804152442284	0.110576168297661	0.130465164243519	0.13896849754607	0.140774442594035	0.116672258939685	0.0876714493427284	0.0550382275470238	0.0292706752490101	0.0129299508803469	0.00383045049094	0.00155660149872917	0.000569488353193598	5.13052570444683e-06	3.0783154226681e-05	
3.22532850474778e-05	3.32612002052115e-05	0.00142216828756223	0.00558788163447554	0.0106314890837749	0.0213284926528025	0.0401603794598986	0.064335224518141	0.0942289801813642	0.123243833827044	0.137883801493126	0.145848347069537	0.127531504908043	0.0995638751112486	0.0676915819933941	0.0355269934797968	0.0171315339359994	0.00510609818907884	0.0017235349197246	0.000884949508490173	0.000103815261246569	
0.000331702547008946	0.00388507876160325	0.00893568115168747	0.0145198478834436	0.0321284855394934	0.0540421556405156	0.0837320695500105	0.110205381696309	0.135119590433577	0.149060226835852	0.133918563474376	0.109724565160277	0.0796075969012693	0.0482216381642546	0.0232749692388999	0.00981007746826763	0.00214744431809767	0.00115537981970394	0.000179545415353466	
0.00133478531111579	0.00717358958524946	0.0114348287294153	0.0235577015097681	0.0476704722319323	0.0730606073122058	0.10088055535128	0.123112538016197	0.145938877913987	0.144932500158663	0.119484944125383	0.0917657346003552	0.0571801879579195	0.0318706436888832	0.0152659144186028	0.00344022025468711	0.00130758591232324	0.000588312922031412	
