# <N_i^j*N_k^m*U^p> as a function of N_tot.
# number_of_species: 1
# max_order: 2
# species_total_upper_bound: 348
# species_total_lower_bound: 320
# volume: 729
#	N_tot	N_1^0*N_1^0*U^0	N_1^0*N_1^0*U^1	N_1^0*N_1^0*U^2	N_1^0*N_1^1*U^0	N_1^0*N_1^1*U^1	N_1^0*N_1^1*U^2	N_1^0*N_1^2*U^0	N_1^0*N_1^2*U^1	N_1^0*N_1^2*U^2	N_1^1*N_1^0*U^0	N_1^1*N_1^0*U^1	N_1^1*N_1^0*U^2	N_1^1*N_1^1*U^0	N_1^1*N_1^1*U^1	N_1^1*N_1^1*U^2	N_1^1*N_1^2*U^0	N_1^1*N_1^2*U^1	N_1^1*N_1^2*U^2	N_1^2*N_1^0*U^0	N_1^2*N_1^0*U^1	N_1^2*N_1^0*U^2	N_1^2*N_1^1*U^0	N_1^2*N_1^1*U^1	N_1^2*N_1^1*U^2	N_1^2*N_1^2*U^0	N_1^2*N_1^2*U^1	N_1^2*N_1^2*U^2	
320	1	-1207.62562586407	1459257.86145829	320	-386440.200276501	466962515.666654	102400	-123660864.08848	149428005013.329	320	-386440.200276501	466962515.666654	102400	-123660864.08848	149428005013.329	32768000	-39571476508.3137	47816961604265.4	102400	-123660864.08848	149428005013.329	32768000	-39571476508.3137	47816961604265.4	10485760000	-12662872482660.4	1.53014277133649e+16	
321	1	-1213.64740618363	1473837.76418601	321	-389580.817384946	473101922.303708	103041	-125055442.380568	151865717058.963	321	-389580.817384946	473101922.303708	103041	-125055442.380568	151865717058.963	33076161	-40142797004.1713	48748895176151.8	103041	-125055442.380568	151865717058.963	33076161	-40142797004.1713	48748895176151.8	10617447680.6592	-12885837838293	1.56483953515397e+16	
322	1	-1219.22302560815	1487384.19308088	322	-392589.814245825	478937710.172043	103684	-126413920.187156	154217942672.687	322	-392589.814245825	478937710.172043	103684	-126413920.187156	154217942672.687	33386248	-40705282300.2641	49658177541445.7	103684	-126413920.187156	154217942672.687	33386248	-40705282300.2641	49658177541445.7	10750371856	-13107100900673.8	1.59899331683477e+16	
323	1	-1225.05851969029	1501634.21229279	323	-395693.901859963	485027850.57057	104329	-127809130.300768	156663995733.794	323	-395693.901859963	485027850.57057	104329	-127809130.300768	156663995733.794	33698267	-41282349087.1478	50602470622124.4	104329	-127809130.300768	156663995733.794	33698267	-41282349087.1478	50602470622124.4	10884540240.6442	-13334198755142.8	1.63445980109797e+16	
324	1	-1230.93117377384	1516056.40839625	324	-398821.700302724	491202276.320383	104976	-129218230.898083	159149537525.452	324	-398821.700302724	491202276.320383	104976	-129218230.898083	159149537525.452	34012224	-41866706810.9788	51564450158992.9	104976	-129218230.898083	159149537525.452	34012224	-41866706810.9788	51564450158992.9	11019960576	-13564813006758.1	1.67068818514822e+16	
325	1	-1237.02866970879	1531100.66428391	325	-402034.317655357	497607715.892271	105625	-130661153.237991	161722507664.439	325	-402034.317655357	497607715.892271	105625	-130661153.237991	161722507664.439	34328125	-42464874802.3553	52559814991000.9	105625	-130661153.237991	161722507664.439	34328125	-42464874802.3553	52559814991000.9	11156640624.625	-13801084310769.3	1.70819398720822e+16	
326	1	-1242.99370579274	1545890.15308344	326	-405215.948088432	503960189.905202	106276	-132100399.076829	164291021906.247	326	-405215.948088432	503960189.905202	106276	-132100399.076829	164291021906.247	34645976	-43064730099.0462	53558873142588.3	106276	-132100399.076829	164291021906.247	34645976	-43064730099.0462	53558873142588.3	11294588176	-14039102012296.3	1.7460192644432e+16	
327	1	-1248.88315238531	1560553.74816174	327	-408384.790829996	510301075.648888	106929	-133541826.601409	166868451736.596	327	-408384.790829996	510301075.648888	106929	-133541826.601409	166868451736.596	34965783	-43668177298.6663	54565983717992.5	106929	-133541826.601409	166868451736.596	34965783	-43668177298.6663	54565983717992.5	11433811040.6128	-14279493976660.7	1.784307667583e+16	
328	1	-1254.66280882083	1575019.71314657	328	-411529.401293233	516606465.912074	107584	-134981643.62418	169446920819.16	328	-411529.401293233	516606465.912074	107584	-134981643.62418	169446920819.16	35287552	-44273979108.7312	55578590028565.6	107584	-134981643.62418	169446920819.16	35287552	-44273979108.7312	55578590028565.6	11574317056	-14521865147663.8	1.82297775293849e+16	
329	1	-1260.38242404062	1589399.9100657	329	-414665.817509365	522912570.411617	108241	-136425053.960581	172038235664.808	329	-414665.817509365	522912570.411617	108241	-136425053.960581	172038235664.808	35611289	-44883842753.0339	56600579533863.9	108241	-136425053.960581	172038235664.808	35611289	-44883842753.0339	56600579533863.9	11716114080.6052	-14766784265751.8	1.86215906666541e+16	
330	1	-1266.21999079282	1604136.81079722	330	-417852.59696163	529365147.563083	108900	-137891356.997338	174690498692.85	330	-417852.59696163	529365147.563083	108900	-137891356.997338	174690498692.85	35937000	-45504147809.1215	57647864569417.7	108900	-137891356.997338	174690498692.85	35937000	-45504147809.1215	57647864569417.7	11859210000	-15016368777014.5	1.90237953079609e+16	
331	1	-1272.18821354512	1619287.951977	331	-421094.298683435	535984312.104388	109561	-139382212.864217	177410807305.966	331	-421094.298683435	535984312.104388	109561	-139382212.864217	177410807305.966	36264691	-46135512458.0534	58722977218475.4	109561	-139382212.864217	177410807305.966	36264691	-46135512458.0534	58722977218475.4	12003612720.5987	-15270854623616.8	1.94373054593081e+16	
332	1	-1277.85324610413	1633735.06341546	332	-424247.27770657	542400041.053934	110224	-140850096.198581	180076813626.986	332	-424247.27770657	542400041.053934	110224	-140850096.198581	180076813626.986	36594368	-46762231937.929	59785502125173.6	110224	-140850096.198581	180076813626.986	36594368	-46762231937.929	59785502125173.6	12149330176	-15525061003393.3	1.98487867056048e+16	
333	1	-1283.98948081921	1649456.61669137	333	-427568.497112796	549269053.358227	110889	-142380309.538561	182906594767.601	333	-427568.497112796	549269053.358227	110889	-142380309.538561	182906594767.601	36926037	-47412643076.3387	60907896057518.2	110889	-142380309.538561	182906594767.601	36926037	-47412643076.3387	60907896057518.2	12296370320.5727	-15788410144421.9	2.02823293872669e+16	
334	1	-1290.09874374821	1665175.08247485	334	-430892.980411902	556168477.546599	111556	-143918255.457575	185760271497.388	334	-430892.980411902	556168477.546599	111556	-143918255.457575	185760271497.388	37259704	-48068697322.8301	62043930680979	111556	-143918255.457575	185760271497.388	37259704	-48068697322.8301	62043930680979	12444741136	-16054944905821.9	2.07226728474753e+16	
335	1	-1296.11643954751	1680731.52809707	335	-434199.007248417	563045061.91252	112225	-145456667.42822	188620095740.02	335	-434199.007248417	563045061.91252	112225	-145456667.42822	188620095740.02	37595375	-48727983588.4568	63187732072981.3	112225	-145456667.42822	188620095740.02	37595375	-48727983588.4568	63187732072981.3	12594450624.5578	-16323874502136.9	2.11678902445253e+16	
336	1	-1302.1142614309	1696299.46276971	336	-437510.391840781	569956619.490624	112896	-147003491.658502	191505424148.85	336	-437510.391840781	569956619.490624	112896	-147003491.658502	191505424148.85	37933056	-49393173197.2568	64345822512891.3	112896	-147003491.658502	191505424148.85	37933056	-49393173197.2568	64345822512891.3	12745506816	-16596106194278.3	2.16201963647239e+16	
337	1	-1308.21966937716	1712224.86695809	337	-440870.028580102	577019780.164875	113569	-148573199.631494	194455665914.847	337	-440870.028580102	577019780.164875	113569	-148573199.631494	194455665914.847	38272753	-50069168275.8116	65531559413440.1	113569	-148573199.631494	194455665914.847	38272753	-50069168275.8116	65531559413440.1	12897917760.5492	-16873309708946.7	2.2084135522351e+16	
338	1	-1314.5526842682	1728824.16796758	338	-444318.80728265	584342568.773044	114244	-150179756.861536	197507788241.941	338	-444318.80728265	584342568.773044	114244	-150179756.861536	197507788241.941	38614472	-50760757819.1991	66757632427132	114244	-150179756.861536	197507788241.941	38614472	-50760757819.1991	66757632427132	13051691536	-17157136142885.5	2.25640797603082e+16	
339	1	-1320.65588531708	1744903.13584061	339	-447702.345122491	591522163.049967	114921	-151771094.996524	200526013273.242	339	-447702.345122491	591522163.049967	114921	-151771094.996524	200526013273.242	38958219	-51450401203.825	67978318499986.7	114921	-151771094.996524	200526013273.242	38958219	-51450401203.825	67978318499986.7	13206836240.5353	-17441686008081.6	2.30446499714399e+16	
340	1	-1327.01448688188	1761744.98846583	340	-451184.925539839	598993296.078382	115600	-153402874.683545	203657720663.096	340	-451184.925539839	598993296.078382	115600	-153402874.683545	203657720663.096	39304000	-52156977392.4054	69243625026574.4	115600	-153402874.683545	203657720663.096	39304000	-52156977392.4054	69243625026574.4	13363360000	-17733372313419.3	2.35428325091216e+16	
341	1	-1333.19257627703	1778180.33677356	341	-454618.668510466	606359494.839785	116281	-155024965.962069	206768587739.635	341	-454618.668510466	606359494.839785	116281	-155024965.962069	206768587739.635	39651821	-52863513393.0712	70508088419424.5	116281	-155024965.962069	206768587739.635	39651821	-52863513393.0712	70508088419424.5	13521270960.5265	-18026458067031.5	2.40432581510421e+16	
342	1	-1339.33494116904	1794586.68046464	342	-458052.549879812	613748644.718906	116964	-156653972.058896	209902036490.407	342	-458052.549879812	613748644.718906	116964	-156653972.058896	209902036490.407	40001688	-53575658444.1423	71786496481058.2	116964	-156653972.058896	209902036490.407	40001688	-53575658444.1423	71786496481058.2	13680577296	-18322875187883.9	2.45509817964139e+16	
343	1	-1345.69178931846	1811655.05696781	343	-461572.28373623	621397684.53996	117649	-158319293.321527	213139405796.501	343	-461572.28373623	621397684.53996	117649	-158319293.321527	213139405796.501	40353607	-54303517609.2818	73106816188227.8	117649	-158319293.321527	213139405796.501	40353607	-54303517609.2818	73106816188227.8	13841287200.5148	-18626106539979	2.50756379526916e+16	
344	1	-1351.90212902586	1828398.79507363	344	-465054.332384897	628969185.505329	118336	-159978690.340405	216365399813.833	344	-465054.332384897	628969185.505329	118336	-159978690.340405	216365399813.833	40707584	-55032669477.0992	74429697536163.2	118336	-159978690.340405	216365399813.833	40707584	-55032669477.0992	74429697536163.2	14003408896	-18931238300122.1	2.56038159524039e+16	
345	1	-1358.49492865372	1846254.94081232	345	-468680.750385533	636957954.580249	119025	-161694858.883009	219750494329.393	345	-468680.750385533	636957954.580249	119025	-161694858.883009	219750494329.393	41063625	-55784726314.6518	75813920544057.7	119025	-161694858.883009	219750494329.393	41063625	-55784726314.6518	75813920544057.7	14166950624.502	-19245730578540.4	2.61558025876038e+16	
346	1	-1365.02789635917	1864035.70664525	346	-472299.652140272	644956354.499256	119716	-163415679.640534	223154898653.074	346	-472299.652140272	644956354.499256	119716	-163415679.640534	223154898653.074	41421736	-56541825155.6248	77211594935258.7	119716	-163415679.640534	223154898653.074	41421736	-56541825155.6248	77211594935258.7	14331920656	-19563471503855.7	2.67152118475757e+16	
347	1	-1371.07520759474	1880581.87249271	347	-475763.097035374	652561909.754971	120409	-165089794.671275	226438982684.143	347	-475763.097035374	652561909.754971	120409	-165089794.671275	226438982684.143	41781923	-57286158750.9333	78574326991613.6	120409	-165089794.671275	226438982684.143	41781923	-57286158750.9333	78574326991613.6	14498327280.4895	-19878297086566.4	2.72652914661335e+16	
348	1	-1377.35154014713	1897822.54160275	348	-479318.3359712	660442244.477759	121104	-166802780.917978	229833901074.174	348	-479318.3359712	660442244.477759	121104	-166802780.917978	229833901074.174	42144192	-58047367759.4563	79982197575164.3	121104	-166802780.917978	229833901074.174	42144192	-58047367759.4563	79982197575164.3	14666178816	-20200483980287.4	2.78338047561773e+16	
