# <N_i^j*N_k^m*U^p> as a function of N_tot.
# number_of_species: 1
# max_order: 2
# species_total_upper_bound: 348
# species_total_lower_bound: 320
# volume: 729
#	N_tot	N_1^0*N_1^0*U^0	N_1^0*N_1^0*U^1	N_1^0*N_1^0*U^2	N_1^0*N_1^1*U^0	N_1^0*N_1^1*U^1	N_1^0*N_1^1*U^2	N_1^0*N_1^2*U^0	N_1^0*N_1^2*U^1	N_1^0*N_1^2*U^2	N_1^1*N_1^0*U^0	N_1^1*N_1^0*U^1	N_1^1*N_1^0*U^2	N_1^1*N_1^1*U^0	N_1^1*N_1^1*U^1	N_1^1*N_1^1*U^2	N_1^1*N_1^2*U^0	N_1^1*N_1^2*U^1	N_1^1*N_1^2*U^2	N_1^2*N_1^0*U^0	N_1^2*N_1^0*U^1	N_1^2*N_1^0*U^2	N_1^2*N_1^1*U^0	N_1^2*N_1^1*U^1	N_1^2*N_1^1*U^2	N_1^2*N_1^2*U^0	N_1^2*N_1^2*U^1	N_1^2*N_1^2*U^2	
320	1	-1207.26281396041	1458373.86870548	320	-386324.100467332	466679637.985755	102400	-123623712.149546	149337484155.442	320	-386324.100467332	466679637.985755	102400	-123623712.149546	149337484155.442	32768000	-39559587887.8548	47787994929741.3	102400	-123623712.149546	149337484155.442	32768000	-39559587887.8548	47787994929741.3	10485760000	-12659068124113.5	1.52921583775172e+16	
321	1	-1213.2925964153	1472964.02302367	321	-389466.923449311	472821451.390598	103041	-125018882.427229	151775685897.169	321	-389466.923449311	472821451.390598	103041	-125018882.427229	151775685897.169	33076161	-40131061259.1423	48719995172673.8	103041	-125018882.427229	151775685897.169	33076161	-40131061259.1423	48719995172673.8	10617447680.2174	-12882070664131	1.56391184505071e+16	
322	1	-1219.05701152618	1486976.07600059	322	-392536.357711431	478806296.47219	103684	-126396707.183081	154175627463.062	322	-392536.357711431	478806296.47219	103684	-126396707.183081	154175627463.062	33386248	-40699739712.9379	49644552043718.2	103684	-126396707.183081	154175627463.062	33386248	-40699739712.9379	49644552043718.2	10750371856	-13105316187558.1	1.59855457581246e+16	
323	1	-1224.99804059183	1501492.7922999	323	-395674.36711116	484982171.912868	104329	-127802820.576905	156649241528.626	323	-395674.36711116	484982171.912868	104329	-127802820.576905	156649241528.626	33698267	-41280311046.3313	50597705013600.9	104329	-127802820.576905	156649241528.626	33698267	-41280311046.3313	50597705013600.9	10884540240.2132	-13333540467983.6	1.63430587194783e+16	
324	1	-1231.11000754422	1516503.53771619	324	-398879.642444327	491347146.220044	104976	-129237004.151962	159196475368.19	324	-398879.642444327	491347146.220044	104976	-129237004.151962	159196475368.19	34012224	-41872789345.2356	51579658021769.4	104976	-129237004.151962	159196475368.19	34012224	-41872789345.2356	51579658021769.4	11019960576	-13566783747853.4	1.67118091991404e+16	
325	1	-1237.07922932702	1531225.80179106	325	-402050.749531282	497648385.582094	105625	-130666493.597667	161735725314.855	325	-402050.749531282	497648385.582094	105625	-130666493.597667	161735725314.855	34328125	-42466610419.2621	52564110727329.8	105625	-130666493.597667	161735725314.855	34328125	-42466610419.2621	52564110727329.8	11156640624.2072	-13801648386248.8	1.70833359863227e+16	
326	1	-1243.01649450695	1545942.90380974	326	-405223.377209265	503977386.641976	106276	-132102820.970221	164296628043.952	326	-405223.377209265	503977386.641976	106276	-132102820.970221	164296628043.952	34645976	-43065519636.2853	53560700742262.2	106276	-132102820.970221	164296628043.952	34645976	-43065519636.2853	53560700742262.2	11294588176	-14039359401436.5	1.74607884419347e+16	
327	1	-1248.9565891923	1560740.09670571	327	-408408.804665883	510362011.622766	106929	-133549679.125744	166888377801.271	327	-408408.804665883	510362011.622766	106929	-133549679.125744	166888377801.271	34965783	-43670745074.1206	54572499540711.9	106929	-133549679.125744	166888377801.271	34965783	-43670745074.1206	54572499540711.9	11433811040.2024	-14280333639224.9	1.78452073499925e+16	
328	1	-1254.81500854378	1575403.77766855	328	-411579.322802361	516732439.075285	107584	-134998017.879174	169488240012.738	328	-411579.322802361	516732439.075285	107584	-134998017.879174	169488240012.738	35287552	-44279349864.3692	55592142725594	107584	-134998017.879174	169488240012.738	35287552	-44279349864.3692	55592142725594	11574317056	-14523626755511.7	1.82342228140837e+16	
329	1	-1260.7920978575	1590441.33115767	329	-414800.600195118	523255197.950873	108241	-136469397.464194	172150960126.446	329	-414800.600195118	523255197.950873	108241	-136469397.464194	172150960126.446	35611289	-44898431765.7515	56637665881481.7	108241	-136469397.464194	172150960126.446	35611289	-44898431765.7515	56637665881481.7	11716114080.1991	-14771584050910.3	1.86337920748977e+16	
330	1	-1266.82081507693	1605669.54662616	330	-418050.868975389	529870950.386633	108900	-137956786.761878	174857413626.057	330	-418050.868975389	529870950.386633	108900	-137956786.761878	174857413626.057	35937000	-45525739631.4213	57702946497654.4	108900	-137956786.761878	174857413626.057	35937000	-45525739631.4213	57702946497654.4	11859210000	-15023494078343.6	1.90419723441429e+16	
331	1	-1272.69729816076	1620584.53517471	331	-421262.805691211	536413481.14283	109561	-139437988.683791	177552862258.886	331	-421262.805691211	536413481.14283	109561	-139437988.683791	177552862258.886	36264691	-46153974254.3601	58769997407263.7	109561	-139437988.683791	177552862258.886	36264691	-46153974254.3601	58769997407263.7	12003612720.1965	-15276965478184.8	1.94528691420326e+16	
332	1	-1278.59942277876	1635637.45788086	332	-424495.00836255	543031636.016447	110224	-140932342.776367	180286503148.738	332	-424495.00836255	543031636.016447	110224	-140932342.776367	180286503148.738	36594368	-46789537801.7537	59855119048049.8	110224	-140932342.776367	180286503148.738	36594368	-46789537801.7537	59855119048049.8	12149330176	-15534126550187	1.98718995240633e+16	
333	1	-1284.57005475069	1650929.39071477	333	-427761.828231981	549759487.108017	110889	-142444688.80125	183069909207.375	333	-427761.828231981	549759487.108017	110889	-142444688.80125	183069909207.375	36926037	-47434081370.8173	60962279765658.2	110889	-142444688.80125	183069909207.375	36926037	-47434081370.8173	60962279765658.2	12296370320.1909	-15795549096475.4	2.0300439161982e+16	
334	1	-1290.68375872526	1666667.55512469	334	-431088.375414236	556666963.411647	111556	-143983517.388355	185926765777.737	334	-431088.375414236	556666963.411647	111556	-143983517.388355	185926765777.737	37259704	-48090494807.6991	62099539770596.7	111556	-143983517.388355	185926765777.737	37259704	-48090494807.6991	62099539770596.7	12444741136	-16062225265754.4	2.07412462832774e+16	
335	1	-1296.74471942657	1682343.69843514	335	-434409.481007903	563585138.975771	112225	-145527176.137647	188801021557.349	335	-434409.481007903	563585138.975771	112225	-145527176.137647	188801021557.349	37595375	-48751604006.0979	63248342222001.9	112225	-145527176.137647	188801021557.349	37595375	-48751604006.0979	63248342222001.9	12594450624.1857	-16331787342024.7	2.11881946441753e+16	
336	1	-1302.85787973303	1698225.69655048	336	-437760.247590298	570603834.040962	112896	-147087443.19034	191722888237.763	336	-437760.247590298	570603834.040962	112896	-147087443.19034	191722888237.763	37933056	-49421380911.9543	64418890447889.9	112896	-147087443.19034	191722888237.763	37933056	-49421380911.9543	64418890447889.9	12745506816	-16605583986416.7	2.16447471905326e+16	
337	1	-1308.97389119539	1714193.84268631	337	-441124.201332846	577683324.985286	113569	-148658855.849169	194679280520.397	337	-441124.201332846	577683324.985286	113569	-148658855.849169	194679280520.397	38272753	-50098034421.1671	65606917535579.6	113569	-148658855.849169	194679280520.397	38272753	-50098034421.1671	65606917535579.6	12897917760.1814	-16883037599917.9	2.21095312095257e+16	
338	1	-1315.2197432661	1730579.84103713	338	-444544.273223942	584935986.270551	114244	-150255964.349692	197708363357.432	338	-444544.273223942	584935986.270551	114244	-150255964.349692	197708363357.432	38614472	-50786515950.2079	66825426815297.3	114244	-150255964.349692	197708363357.432	38614472	-50786515950.2079	66825426815297.3	13051691536	-17165842391120.9	2.25869942636036e+16	
339	1	-1321.36077101869	1746762.11463343	339	-447941.301375337	592152356.860734	114921	-151852101.166239	200739648976.154	339	-447941.301375337	592152356.860734	114921	-151852101.166239	200739648976.154	38958219	-51477862295.3429	68050741002570.8	114921	-151852101.166239	200739648976.154	38958219	-51477862295.3429	68050741002570.8	13206836240.1764	-17450995318131.6	2.30692012e+16	
340	1	-1327.54332493073	1763143.56385088	340	-451364.730476449	599468811.709299	115600	-153464008.361993	203819395970.492	340	-451364.730476449	599468811.709299	115600	-153464008.361993	203819395970.492	39304000	-52177762843.0775	69298594633013.1	115600	-153464008.361993	203819395970.492	39304000	-52177762843.0775	69298594633013.1	13363360000	-17740439366655.3	2.35615221755489e+16	
341	1	-1333.69738117259	1779517.91894485	341	-454790.806979852	606815610.360195	116281	-155083665.18013	206924123133.095	341	-454790.806979852	606815610.360195	116281	-155083665.18013	206924123133.095	39651821	-52883529826.4117	70561125988210.8	116281	-155083665.18013	206924123133.095	39651821	-52883529826.4117	70561125988210.8	13521270960.1714	-18033283670783.3	2.40613439619047e+16	
342	1	-1340.0950537611	1796627.38567525	342	-458312.508386298	614446565.900934	116964	-156742877.868114	210140725535.836	342	-458312.508386298	614446565.900934	116964	-156742877.868114	210140725535.836	40001688	-53606064230.8808	71868128133554.5	116964	-156742877.868114	210140725535.836	40001688	-53606064230.8808	71868128133554.5	13680577296	-18333273966981	2.4578899821943e+16	
343	1	-1346.04638722285	1812602.82431655	343	-461693.910817439	621722768.740575	117649	-158361011.410381	213250909678.11	343	-461693.910817439	621722768.740575	117649	-158361011.410381	213250909678.11	40353607	-54317826913.7521	73145062019246.4	117649	-158361011.410381	213250909678.11	40353607	-54317826913.7521	73145062019246.4	13841287200.1677	-18631014631405.3	2.50887562727788e+16	
344	1	-1352.35235129264	1829612.56018402	344	-465209.208844669	629386720.703304	118336	-160031967.842566	216509031911.971	344	-465209.208844669	629386720.703304	118336	-160031967.842566	216509031911.971	40707584	-55050996937.8427	74479106982028.4	118336	-160031967.842566	216509031911.971	40707584	-55050996937.8427	74479106982028.4	14003408896	-18937542946619.1	2.56208128016344e+16	
345	1	-1358.77012352473	1847002.97162494	345	-468775.692616031	637216025.210604	119025	-161727613.952531	219839528697.869	345	-468775.692616031	637216025.210604	119025	-161727613.952531	219839528697.869	41063625	-55796026813.633	75844637400412.2	119025	-161727613.952531	219839528697.869	41063625	-55796026813.633	75844637400412.2	14166950624.1632	-19249629250727.9	2.61663999034932e+16	
346	1	-1365.11056754669	1864267.47127172	346	-472328.256371155	645036545.060014	119716	-163425576.70442	223182644588.312	346	-472328.256371155	645036545.060014	119716	-163425576.70442	223182644588.312	41421736	-56545249539.7539	77221195028185.1	119716	-163425576.70442	223182644588.312	41421736	-56545249539.7539	77221195028185.1	14331920656	-19564656340731.8	2.67185334799131e+16	
347	1	-1371.11168239839	1880681.94799941	347	-475775.753792241	652596635.955794	120409	-165094186.565908	226451032676.835	347	-475775.753792241	652596635.955794	120409	-165094186.565908	226451032676.835	41781923	-57287682738.3821	78578508338834.8	120409	-165094186.565908	226451032676.835	41781923	-57287682738.3821	78578508338834.8	14498327280.16	-19878825910211.8	2.72667423935569e+16	
348	1	-1377.26478665765	1897585.13453292	348	-479288.145756862	660359626.817456	121104	-166792274.723388	229805150120.27	348	-479288.145756862	660359626.817456	121104	-166792274.723388	229805150120.27	42144192	-58043711603.739	79972192246456.5	121104	-166792274.723388	229805150120.27	42144192	-58043711603.739	79972192246456.5	14666178816	-20199211638107.2	2.78303229019559e+16	
