# <N_i^j*N_k^m*U^p> as a function of N_tot.
# number_of_species: 1
# max_order: 2
# species_total_upper_bound: 348
# species_total_lower_bound: 320
# volume: 729
#	N_tot	N_1^0*N_1^0*U^0	N_1^0*N_1^0*U^1	N_1^0*N_1^0*U^2	N_1^0*N_1^1*U^0	N_1^0*N_1^1*U^1	N_1^0*N_1^1*U^2	N_1^0*N_1^2*U^0	N_1^0*N_1^2*U^1	N_1^0*N_1^2*U^2	N_1^1*N_1^0*U^0	N_1^1*N_1^0*U^1	N_1^1*N_1^0*U^2	N_1^1*N_1^1*U^0	N_1^1*N_1^1*U^1	N_1^1*N_1^1*U^2	N_1^1*N_1^2*U^0	N_1^1*N_1^2*U^1	N_1^1*N_1^2*U^2	N_1^2*N_1^0*U^0	N_1^2*N_1^0*U^1	N_1^2*N_1^0*U^2	N_1^2*N_1^1*U^0	N_1^2*N_1^1*U^1	N_1^2*N_1^1*U^2	N_1^2*N_1^2*U^0	N_1^2*N_1^2*U^1	N_1^2*N_1^2*U^2	
320	1	-1207.79664240571	1459676.17705099	320	-386494.925569829	467096376.656316	102400	-123678376.182345	149470840530.021	320	-386494.925569829	467096376.656316	102400	-123678376.182345	149470840530.021	32768000	-39577080378.3505	47830668969606.8	102400	-123678376.182345	149470840530.021	32768000	-39577080378.3505	47830668969606.8	10485760000	-12664665721072.1	1.53058140702742e+16	
321	1	-1213.85634863818	1474348.41610101	321	-389647.887912857	473265841.568423	103041	-125076972.020027	151918335142.967	321	-389647.887912857	473265841.568423	103041	-125076972.020027	151918335142.967	33076161	-40149708018.436	48765785581103.3	103041	-125076972.020027	151918335142.967	33076161	-40149708018.436	48765785581103.3	10617447680.6901	-12888056273872.3	1.5653817171533e+16	
322	1	-1219.46413259118	1487974.84151169	322	-392667.450694361	479127898.966765	103684	-126438919.123584	154279183464.739	322	-392667.450694361	479127898.966765	103684	-126438919.123584	154279183464.739	33386248	-40713331957.7942	49677897076439.5	103684	-126438919.123584	154279183464.739	33386248	-40713331957.7942	49677897076439.5	10750371856	-13109692890397.2	1.59962828586119e+16	
323	1	-1225.25398396613	1502117.01911944	323	-395757.03682106	485183797.17558	104329	-127829522.893202	156714366487.257	323	-395757.03682106	485183797.17558	104329	-127829522.893202	156714366487.257	33698267	-41288935894.5059	50618740375476.8	104329	-127829522.893202	156714366487.257	33698267	-41288935894.5059	50618740375476.8	10884540240.6759	-13336326293918.8	1.63498531413072e+16	
324	1	-1231.10260897362	1516481.4419207	324	-398877.245307452	491339987.182305	104976	-129236227.479614	159194155844.972	324	-398877.245307452	491339987.182305	104976	-129236227.479614	159194155844.972	34012224	-41872537703.3951	51578906494440	104976	-129236227.479614	159194155844.972	34012224	-41872537703.3951	51578906494440	11019960576	-13566702215901.6	1.67115657041618e+16	
325	1	-1237.15969927056	1531427.69686232	325	-402076.902262931	497714001.480254	105625	-130674993.235452	161757050480.567	325	-402076.902262931	497714001.480254	105625	-130674993.235452	161757050480.567	34328125	-42469372801.5275	52571041406237.2	105625	-130674993.235452	161757050480.567	34328125	-42469372801.5275	52571041406237.2	11156640624.6546	-13802546160500	1.70855884570447e+16	
326	1	-1243.02796939199	1545977.5762406	326	-405227.118021787	503988689.854437	106276	-132104040.475103	164300312889.834	326	-405227.118021787	503988689.854437	106276	-132104040.475103	164300312889.834	34645976	-43065917194.8835	53561902003179.6	106276	-132104040.475103	164300312889.834	34645976	-43065917194.8835	53561902003179.6	11294588176	-14039489005538.9	1.74611800529771e+16	
327	1	-1248.8211806875	1560400.72385165	327	-408364.526084814	510251036.699488	106929	-133535200.029734	166852089000.188	327	-408364.526084814	510251036.699488	106929	-133535200.029734	166852089000.188	34965783	-43666010409.7319	54560633103174.4	106929	-133535200.029734	166852089000.188	34965783	-43666010409.7319	54560633103174.4	11433811040.6438	-14278785403977.9	1.78413270247877e+16	
328	1	-1254.56144834704	1574765.96767775	328	-411496.15505783	516523237.398301	107584	-134970738.858968	169419621866.643	328	-411496.15505783	516523237.398301	107584	-134970738.858968	169419621866.643	35287552	-44270402345.7416	55569635972119.5	107584	-134970738.858968	169419621866.643	35287552	-44270402345.7416	55569635972119.5	11574317056	-14520691969403.2	1.82268405988823e+16	
329	1	-1260.30173028721	1589198.83718309	329	-414639.269264492	522846417.433238	108241	-136416319.588018	172016471334.95	329	-414639.269264492	522846417.433238	108241	-136416319.588018	172016471334.95	35611289	-44880969144.4577	56593419069333.2	108241	-136416319.588018	172016471334.95	35611289	-44880969144.4577	56593419069333.2	11716114080.6347	-14765838848531.8	1.86192348738337e+16	
330	1	-1266.27205926842	1604270.40910909	330	-417869.779558579	529409235.006	108900	-137897027.254331	174705047549.15	330	-417869.779558579	529409235.006	108900	-137897027.254331	174705047549.15	35937000	-45506018993.9293	57652665691959.5	108900	-137897027.254331	174705047549.15	35937000	-45506018993.9293	57652665691959.5	11859210000	-15016986268001.9	1.90253796784025e+16	
331	1	-1272.2665038043	1619490.56574462	331	-421120.212759223	536051377.261468	109561	-139390790.423303	177433005872.992	331	-421120.212759223	536051377.261468	109561	-139390790.423303	177433005872.992	36264691	-46138351630.1092	58730324944145.3	109561	-139390790.423303	177433005872.992	36264691	-46138351630.1092	58730324944145.3	12003612720.6267	-15271794389570.6	1.94397375565067e+16	
332	1	-1277.98519628269	1634076.63873808	332	-424291.085165854	542513444.061044	110224	-140864640.275063	180114463425.574	332	-424291.085165854	542513444.061044	110224	-140864640.275063	180114463425.574	36594368	-46767060571.3211	59798001858212.2	110224	-140864640.275063	180114463425.574	36594368	-46767060571.3211	59798001858212.2	12149330176	-15526664109680.6	1.98529366169793e+16	
333	1	-1284.10873738266	1649767.40485857	333	-427608.209548427	549372545.817905	110889	-142393533.779626	182941057756.7	333	-427608.209548427	549372545.817905	110889	-142393533.779626	182941057756.7	36926037	-47417046748.6156	60919372232866.4	110889	-142393533.779626	182941057756.7	36926037	-47417046748.6156	60919372232866.4	12296370320.5994	-15789876567288.8	2.02861509536649e+16	
334	1	-1290.2565236212	1665587.40327349	334	-430945.678889481	556306192.693346	111556	-143935856.749087	185806268356.513	334	-430945.678889481	556306192.693346	111556	-143935856.749087	185806268356.513	37259704	-48074576154.1949	62059293631864.5	111556	-143935856.749087	185806268356.513	37259704	-48074576154.1949	62059293631864.5	12444741136	-16056908435499.2	2.07278040730853e+16	
335	1	-1296.30326167767	1681221.38501213	335	-434261.592662021	563209163.979064	112225	-145477633.541777	188675069932.346	335	-434261.592662021	563209163.979064	112225	-145477633.541777	188675069932.346	37595375	-48735007236.4978	63206148427382.8	112225	-145477633.541777	188675069932.346	37595375	-48735007236.4978	63206148427382.8	12594450624.5836	-16326227424231.7	2.11740597232515e+16	
336	1	-1302.32515822264	1696854.1266308	336	-437581.253162806	570142986.547948	112896	-147027301.062703	191568043480.11	336	-437581.253162806	570142986.547948	112896	-147027301.062703	191568043480.11	37933056	-49401173157.0682	64366862608238.9	112896	-147027301.062703	191568043480.11	37933056	-49401173157.0682	64366862608238.9	12745506816	-16598794180774.9	2.16272658367384e+16	
337	1	-1308.42700970099	1712772.94520412	337	-440939.902269235	577204482.533789	113569	-148596747.064732	194517910613.194	337	-440939.902269235	577204482.533789	113569	-148596747.064732	194517910613.194	38272753	-50077103760.8108	65552535876821.1	113569	-148596747.064732	194517910613.194	38272753	-50077103760.8108	65552535876821.1	12897917760.5766	-16875983967393.5	2.20912045904949e+16	
338	1	-1314.73154730924	1729300.40066984	338	-444379.262990523	584503535.426406	114244	-150200190.890797	197562194970.893	338	-444379.262990523	584503535.426406	114244	-150200190.890797	197562194970.893	38614472	-50767664521.0893	66776021901492.4	114244	-150200190.890797	197562194970.893	38614472	-50767664521.0893	66776021901492.4	13051691536	-17159470608124.4	2.25702954026388e+16	
339	1	-1320.81316393394	1745323.03826281	339	-447755.662573606	591664509.971094	114921	-151789169.612452	200574268879.522	339	-447755.662573606	591664509.971094	114921	-151789169.612452	200574268879.522	38958219	-51456528498.6252	67994677150522.3	114921	-151789169.612452	200574268879.522	38958219	-51456528498.6252	67994677150522.3	13206836240.5606	-17443763161017	2.30501955539675e+16	
340	1	-1327.2523058724	1762379.90860158	340	-451265.783996615	599209168.924537	115600	-153430366.558849	203731117430.996	340	-451265.783996615	599209168.924537	115600	-153430366.558849	203731117430.996	39304000	-52166324630.0086	69268579927596.3	115600	-153430366.558849	203731117430.996	39304000	-52166324630.0086	69268579927596.3	13363360000	-17736550374202.9	2.35513171754637e+16	
341	1	-1333.45481734036	1778883.7434895	341	-454708.092713062	606599356.529921	116281	-155055459.615154	206850380576.003	341	-454708.092713062	606599356.529921	116281	-155055459.615154	206850380576.003	39651821	-52873911728.7793	70535979776604.9	116281	-155055459.615154	206850380576.003	39651821	-52873911728.7793	70535979776604.9	13521270960.5513	-18030003899506	2.40527691038431e+16	
342	1	-1339.66517511287	1795474.11532104	342	-458165.489888601	614052147.439796	116964	-156692597.541902	210005834421.064	342	-458165.489888601	614052147.439796	116964	-156692597.541902	210005834421.064	40001688	-53588868359.3303	71821995373300	116964	-156692597.541902	210005834421.064	40001688	-53588868359.3303	71821995373300	13680577296	-18327392978880.3	2.45631224175656e+16	
343	1	-1345.96749006574	1812403.20773898	343	-461666.84909255	621654300.254471	117649	-158351729.238745	213227424986.6	343	-461666.84909255	621654300.254471	117649	-158351729.238745	213227424986.6	40353607	-54314643128.8872	73137006770457.6	117649	-158351729.238745	213227424986.6	40353607	-54314643128.8872	73137006770457.6	13841287200.5369	-18629922593204.9	2.50859933223827e+16	
344	1	-1352.20962100882	1829233.69956243	344	-465160.109627035	629256392.649475	118336	-160015077.7117	216464199071.419	344	-465160.109627035	629256392.649475	118336	-160015077.7117	216464199071.419	40707584	-55045186732.8248	74463684480806.1	118336	-160015077.7117	216464199071.419	40707584	-55045186732.8248	74463684480806.1	14003408896	-18935544236091.7	2.56155074613502e+16	
345	1	-1358.83540511246	1847183.3673052	345	-468798.214763799	637278261.720293	119025	-161735384.093511	219861000292.733	345	-468798.214763799	637278261.720293	119025	-161735384.093511	219861000292.733	41063625	-55798707512.2738	75852045101378.9	119025	-161735384.093511	219861000292.733	41063625	-55798707512.2738	75852045101378.9	14166950624.5225	-19250554091720.4	2.61689555598918e+16	
346	1	-1365.38586499799	1865014.57816783	346	-472423.509289305	645295044.04607	119716	-163458534.214099	223272085236.359	346	-472423.509289305	645295044.04607	119716	-163458534.214099	223272085236.359	41421736	-56556652838.0784	77252141493052.8	119716	-163458534.214099	223272085236.359	41421736	-56556652838.0784	77252141493052.8	14331920656	-19568601881982.3	2.67292409565689e+16	
347	1	-1371.43455486234	1881568.38855466	347	-475887.790537231	652904230.828466	120409	-165133063.316419	226557768096.678	347	-475887.790537231	652904230.828466	120409	-165133063.316419	226557768096.678	41781923	-57301172970.7956	78615545529756.5	120409	-165133063.316419	226557768096.678	41781923	-57301172970.7956	78615545529756.5	14498327280.5088	-19883507020859.1	2.727959429887e+16	
348	1	-1377.63090834194	1898599.48545598	348	-479415.556102995	660712620.938682	121104	-166836613.523842	229927992082.72	348	-479415.556102995	660712620.938682	121104	-166836613.523842	229927992082.72	42144192	-58059141506.2971	80014941246092.9	121104	-166836613.523842	229927992082.72	42144192	-58059141506.2971	80014941246092.9	14666178816	-20204581244186.9	2.78451995536573e+16	
